0 0.25 0.80234375 0.09375 0.0984375
0 0.19453125 0.74453125 0.06875 0.084375
0 0.215625 0.621875 0.0765625 0.1
0 0.2484375 0.3734375 0.0984375 0.0890625
0 0.31484375 0.303125 0.071875 0.0828125
0 0.46953125 0.30390625 0.0546875 0.096875
0 0.52421875 0.265625 0.0578125 0.0984375
0 0.565625 0.35625 0.078125 0.1046875
0 0.4875 0.46328125 0.0703125 0.078125
0 0.496875 0.534375 0.0671875 0.0765625
0 0.671875 0.51328125 0.0484375 0.0828125
0 0.69453125 0.3515625 0.04375 0.096875
0 0.640625 0.09453125 0.090625 0.153125
0 0.5765625 0.07578125 0.04375 0.09375
0 0.496875 0.1765625 0.0609375 0.0890625
0 0.63828125 0.709375 0.05 0.096875
0 0.66328125 0.81640625 0.0734375 0.1234375
0 0.8015625 0.890625 0.0578125 0.096875
0 0.84375 0.93828125 0.05625 0.121875
0 0.8078125 0.7703125 0.059375 0.09375
0 0.13359375 0.85390625 0.0859375 0.134375
0 0.50078125 0.67265625 0.0375 0.05390625
0 0.71796875 0.55546875 0.03671875 0.05703125
0 0.1171875 0.959375 0.0390625 0.06328125
0 0.4375 0.8078125 0.0625 0.0671875
0 0.53984375 0.66484375 0.06015625 0.05234375
0 0.640625 0.3 0.03828125 0.08828125
0 0.80625 0.70078125 0.04375 0.06328125
0 0.49140625 0.03828125 0.0375 0.06796875
0 0.45 0.08359375 0.05703125 0.06796875
0 0.73515625 0.30078125 0.06328125 0.0640625
0 0.43125 0.50703125 0.053125 0.1
0 0.9578125 0.90546875 0.06484375 0.06171875
0 0.16640625 0.9703125 0.05078125 0.05390625
0 0.73125 0.3515625 0.04921875 0.06640625
0 0.878125 0.73046875 0.059375 0.06484375
0 0.44140625 0.2359375 0.0703125 0.0890625
0 0.3671875 0.43203125 0.05234375 0.11171875
0 0.7515625 0.19140625 0.0796875 0.07734375
0 0.49609375 0.84921875 0.04140625 0.0578125
0 0.17890625 0.5859375 0.0640625 0.053125
0 0.35625 0.54375 0.04921875 0.0875
0 0.3453125 0.9125 0.05078125 0.07734375
0 0.50703125 0.79453125 0.03359375 0.0625
0 0.2390625 0.50078125 0.06640625 0.08125
0 0.2875 0.659375 0.05 0.09140625
0 0.05078125 0.9625 0.07578125 0.059375
0 0.24453125 0.9265625 0.03984375 0.09140625
0 0.6203125 0.02890625 0.0796875 0.04765625
0 0.29921875 0.2640625 0.07421875 0.071875