0 0.3854220171875 0.5546492859375001 0.35558421562500003 0.585383225 0.40241963593749996 0.606711678125 0.419894471875 0.6314344843749999 0.5071240640625 0.6700721109375001 0.5428918125 0.6726498609375 0.6065461859375 0.663017128125 0.594174984375 0.6256861609375 0.5088624875 0.57047790625 0.3854220171875 0.5546492859375001
0 0.49859528593749997 0.6923875984375 0.49325304687499993 0.7186655531249999 0.5059992015625 0.73451541875 0.5352916140625 0.73502671875 0.58058489375 0.7514446968749999 0.6326602968749999 0.7523536765625 0.6637675421875 0.74215283125 0.64636088125 0.7135243703125 0.5198361328125001 0.6878748031249999 0.49859528593749997 0.6923875984375
0 0.7286995968750001 0.8458409078125 0.8002350984375 0.85099640625 0.8280194578125 0.8446444078124999 0.809104746875 0.8091526453125001 0.7719312015625001 0.793853109375 0.651881790625 0.7702699890625 0.6318763015625 0.7972687109375001 0.654352509375 0.8152418359375 0.7286995968750001 0.8458409078125
0 0.46503493437500004 0.47008834374999997 0.45150478437499997 0.49915351250000006 0.46750565 0.5150601890625001 0.619999928125 0.5450699015625 0.6720412437500001 0.5479317109374999 0.732611334375 0.528478028125 0.7659424546875 0.48413110625 0.7097519359375 0.4391982921875 0.6446917703125 0.4361092390625 0.46503493437500004 0.47008834374999997
0 0.796999140625 0.2903076625 0.7056285812499999 0.3023867390625 0.6761316515625 0.31359240625 0.643584525 0.3130242953125 0.63683649375 0.32658046406249996 0.655921640625 0.352308090625 0.76647960625 0.360098153125 0.8253712140625 0.3435453046875 0.8600058640625001 0.31777865312500003 0.8294440046875 0.29673425625 0.796999140625 0.2903076625
0 0.5584166109375001 0.34279244375 0.607475903125 0.3299748171875 0.632278246875 0.307943384375 0.591884078125 0.2906342109375 0.507193378125 0.2930627734375 0.45974439218749996 0.3068852171875 0.45111335468749997 0.3350591890625 0.4705052828125 0.3432113671875 0.5584166109375001 0.34279244375
0 0.21611816718750002 0.275284790625 0.21098044843750002 0.2898457828125 0.256035121875 0.31993355156250003 0.3111266296875 0.3345691328125 0.43802633125 0.3387376 0.45967621875000003 0.3107908734375 0.38056636718750003 0.27327168749999997 0.315778896875 0.2545600171875 0.2472935890625 0.26117829062500003 0.21611816718750002 0.275284790625
0 0.313835953125 0.365871184375 0.1968026484375 0.3560146703125 0.189816009375 0.3832406359375 0.20910567812499997 0.3972512953125 0.2773182953125 0.40625564062499997 0.3295982171875 0.3954476546875 0.341211271875 0.382953115625 0.313835953125 0.365871184375
0 0.320967178125 0.4236216265625 0.31230205 0.453748425 0.3166557765625 0.48410246875 0.3470812875 0.5129581734374999 0.400971521875 0.5031550078125 0.41484254062500003 0.4545615640625 0.3945902078125 0.4024423640625 0.34744800625 0.39868935781250003 0.3472775734375 0.40845349531249997 0.320967178125 0.4236216265625
0 0.272802371875 0.47845345000000006 0.23504935468750002 0.49635198125 0.213058596875 0.54382698125 0.24626160625 0.600079084375 0.2998450640625 0.6078513640625001 0.31254889375 0.5328663453125 0.3064485125 0.5093187921875 0.272802371875 0.47845345000000006
0 0.18420931406250002 0.5179289234375 0.2219282421875 0.50198321875 0.2253193046875 0.49422871874999996 0.14977094375 0.43919089843750003 0.11739425156250001 0.42885865 0.0927964296875 0.43917311562499994 0.0876587140625 0.45373410625000005 0.12127076249999999 0.486552278125 0.18420931406250002 0.5179289234375
0 0.0755437296875 0.21520509062499998 0.062047664062499994 0.24231743125 0.107375034375 0.2567825828125 0.1724011125 0.261824459375 0.22793574687499998 0.2510732875 0.2493129421875 0.2387491796875 0.2495856359375 0.22312655937499998 0.2189896890625 0.20403499374999998 0.163659578125 0.20306920312500001 0.0755437296875 0.21520509062499998
0 0.18978078125 0.7582971453125 0.22568488125 0.753063584375 0.24380736249999999 0.7406826671875 0.228011015625 0.713059025 0.1616814078125 0.689436878125 0.0152193390625 0.6868803734375 0.0049098171875 0.71795518125 0.1117017671875 0.754980846875 0.18978078125 0.7582971453125
0 0.2565617578125 0.84932024375 0.3220309625 0.8289753671875 0.356665615625 0.8032087125 0.3358338078125 0.7842875796875 0.29030191875 0.7815393937499999 0.172382359375 0.8224563953124999 0.1689572109375 0.8321637203125001 0.191331159375 0.8559953296874999 0.2565617578125 0.84932024375
0 0.4446192640625 0.8936246734375001 0.45640275625 0.8713659968749999 0.42895926093750003 0.8581897218749999 0.3083644640625 0.86585184375 0.3013096515625 0.8969834609375 0.3988487671875 0.90454628125 0.4446192640625 0.8936246734375001
0 0.07800393125 0.9135965828125 0.0726616921875 0.9398745359375 0.0886966453125 0.9538283875 0.1440267609375 0.954794178125 0.1883914625 0.931150784375 0.2315548953125 0.8830686421875 0.1814647609375 0.8616833796875 0.161663790625 0.8769651328125001 0.1011277859375 0.8944659859374999 0.07800393125 0.9135965828125
0 0 0.8202921078125 0.03260015 0.8102493765625001 0.08789617968749999 0.8131679937499999 0.1270890765625 0.80603841875 0.15494160937499998 0.7957807625 0.1551461296875 0.784063796875 0.1147519609375 0.7667546234375 0.0039553890625 0.7726343515625 0 0.7988046890625 0 0.8202921078125
0 0.0490958484375 0.6112882109375 0.0422455546875 0.6307028671875 0.0712311890625 0.6487896140625 0.13598457343749998 0.6694541140625 0.1750411234375 0.6701358484375 0.20292774374999997 0.6579253640625 0.185418821875 0.6351553859375 0.1400914515625 0.620690234375 0.0749972 0.6195540109375 0.0490958484375 0.6112882109375
0 0 0.6770473046875 0.025051653125 0.6831451515625 0.0627364953125 0.669152275 0.010584685937500001 0.5793612359375 0 0.587235775 0 0.6770473046875