0 0.22578125 0.41015625 0.1109375 0.10625
0 0.96484375 0.50078125 0.0703125 0.1078125
0 0.159375 0.753125 0.159375 0.1203125
0 0.8625 0.1765625 0.06875 0.0546875
0 0.5125 0.38203125 0.0609375 0.08125
0 0.4546875 0.5515625 0.08125 0.0953125
0 0.3453125 0.4109375 0.0765625 0.0828125
0 0.43125 0.346875 0.090625 0.1
0 0.609375 0.66953125 0.1390625 0.0953125
0 0.60546875 0.48828125 0.1015625 0.0625
0 0.2953125 0.19140625 0.0703125 0.053125
0 0.70546875 0.4609375 0.0375 0.0390625
0 0.39296875 0.8015625 0.0453125 0.0546875
0 0.09609375 0.20546875 0.1484375 0.146875