0 0.53984375 0.5515625 0.259375 0.18125
0 0.40078125 0.665625 0.0921875 0.1359375
0 0.3078125 0.6484375 0.1484375 0.1453125
0 0.51875 0.81328125 0.090625 0.1
0 0.56640625 0.80234375 0.0828125 0.1296875
0 0.609375 0.81875 0.09375 0.1109375
0 0.67265625 0.8578125 0.075 0.1
0 0.7546875 0.91484375 0.11875 0.0890625
0 0.77890625 0.80859375 0.0984375 0.10625
0 0.70234375 0.69140625 0.1140625 0.0953125
0 0.75625 0.61796875 0.1125 0.096875
0 0.7203125 0.54375 0.0984375 0.0953125
0 0.68515625 0.46640625 0.10625 0.0859375
0 0.778125 0.384375 0.1015625 0.13125
0 0.675 0.33984375 0.0984375 0.11875
0 0.5828125 0.2890625 0.128125 0.0890625
0 0.59140625 0.1078125 0.146875 0.1484375