0 0.45546875 0.4515625 0.1515625 0.246875
0 0.321875 0.5734375 0.1328125 0.0765625
0 0.3265625 0.66875 0.13125 0.1359375
0 0.19140625 0.43515625 0.0921875 0.08125
0 0.20859375 0.38984375 0.125 0.0671875
0 0.1984375 0.34375 0.103125 0.08125
0 0.16875 0.2765625 0.0953125 0.0640625
0 0.1234375 0.18671875 0.0765625 0.1109375
0 0.23203125 0.17734375 0.096875 0.0875
0 0.33828125 0.26953125 0.084375 0.10625
0 0.41796875 0.2265625 0.084375 0.1046875
0 0.48828125 0.27265625 0.0859375 0.090625
0 0.559375 0.31796875 0.071875 0.0984375
0 0.65546875 0.2375 0.1234375 0.0859375
0 0.684375 0.346875 0.109375 0.0859375
0 0.72265625 0.44453125 0.0734375 0.121875
0 0.90390625 0.4625 0.1328125 0.1328125