0 0.52109375 0.4859375 0.1734375 0.1140625
0 0.59609375 0.41875 0.1671875 0.1375
0 0.44609375 0.4625 0.1640625 0.1046875
0 0.4984375 0.35234375 0.1609375 0.121875
0 0.3984375 0.409375 0.178125 0.1359375
0 0.2359375 0.4546875 0.16875 0.1265625
0 0.115625 0.43203125 0.1609375 0.11875
0 0.09609375 0.50625 0.165625 0.1046875
0 0.14140625 0.58125 0.11875 0.084375
0 0.37734375 0.60078125 0.1640625 0.1078125
0 0.484375 0.671875 0.15625 0.096875
0 0.346875 0.675 0.1796875 0.1296875
0 0.24140625 0.690625 0.1140625 0.08125
0 0.21015625 0.64921875 0.1015625 0.0796875