0 0.5203125 0.36171875 0.096875 0.059375
0 0.44140625 0.37421875 0.071875 0.0515625
0 0.3015625 0.34296875 0.0875 0.05
0 0.29609375 0.26015625 0.0984375 0.0578125
0 0.48984375 0.4890625 0.0765625 0.06875
0 0.71640625 0.72734375 0.0796875 0.0796875
0 0.7640625 0.79296875 0.0796875 0.053125
0 0.5609375 0.54296875 0.065625 0.0421875
0 0.453125 0.5234375 0.0765625 0.03125
0 0.59375 0.671875 0.071875 0.0453125
0 0.26328125 0.2140625 0.0484375 0.0515625
0 0.39921875 0.42109375 0.05625 0.0296875
0 0.41171875 0.4484375 0.0453125 0.0234375
0 0.3671875 0.3953125 0.059375 0.0296875
0 0.284375 0.3828125 0.0296875 0.034375
0 0.2609375 0.4109375 0.046875 0.034375
0 0.30859375 0.41640625 0.0421875 0.025
0 0.5921875 0.584375 0.05625 0.0359375
0 0.55 0.63671875 0.059375 0.0328125
0 0.5265625 0.66484375 0.065625 0.0328125
0 0.7109375 0.67421875 0.0578125 0.053125
0 0.734375 0.8390625 0.0828125 0.0453125
0 0.66015625 0.67578125 0.053125 0.040625
0 0.6125 0.49609375 0.0546875 0.0484375