0 0.3484375 0.4734375 0.1375 0.0765625
0 0.41015625 0.55078125 0.1328125 0.078125
0 0.534375 0.565625 0.109375 0.0828125
0 0.64296875 0.54453125 0.1046875 0.084375
0 0.76484375 0.57421875 0.115625 0.071875
0 0.771875 0.53125 0.128125 0.0703125
0 0.61015625 0.48046875 0.1234375 0.078125
0 0.54140625 0.43671875 0.1046875 0.0609375
0 0.2984375 0.3765625 0.1109375 0.0796875
0 0.27109375 0.51328125 0.121875 0.0765625
0 0.4875 0.48203125 0.10625 0.05625
0 0.646875 0.59765625 0.0984375 0.059375
0 0.22890625 0.4625 0.10625 0.059375
0 0.4421875 0.43203125 0.115625 0.059375
0 0.18671875 0.35703125 0.0953125 0.0578125
0 0.07109375 0.43046875 0.1171875 0.0578125
0 0.9515625 0.56953125 0.096875 0.0484375
0 0.70390625 0.4921875 0.0953125 0.0625
0 0.77265625 0.63203125 0.09375 0.0546875
0 0.1015625 0.32421875 0.1140625 0.0640625
0 0.05 0.2765625 0.08125 0.0609375