0 0.44765625 0.296875 0.1375 0.1578125
0 0.4953125 0.46796875 0.121875 0.175
0 0.609375 0.3953125 0.1171875 0.140625
0 0.58046875 0.4734375 0.1171875 0.1703125
0 0.6734375 0.56640625 0.1125 0.13125
0 0.7484375 0.69453125 0.0984375 0.15
0 0.628125 0.67265625 0.096875 0.15625
0 0.54140625 0.56640625 0.1046875 0.153125
0 0.45 0.68828125 0.1 0.1671875
0 0.59453125 0.80234375 0.121875 0.1515625
0 0.7078125 0.821875 0.1 0.190625
0 0.9265625 0.85234375 0.146875 0.13125
0 0.815625 0.93984375 0.184375 0.1203125
0 0.33828125 0.47578125 0.1015625 0.2171875
0 0.27265625 0.271875 0.125 0.1703125
0 0.1609375 0.3015625 0.1703125 0.159375
0 0.15 0.1421875 0.146875 0.1359375
0 0.25390625 0.071875 0.13125 0.11875
0 0.26640625 0.59453125 0.07734375 0.2015625