0 0.32421875 0.71640625 0.2390625 0.1828125
0 0.54765625 0.784375 0.1921875 0.209375
0 0.728125 0.78203125 0.2609375 0.1515625
0 0.83515625 0.646875 0.1015625 0.06875
0 0.65546875 0.63984375 0.25625 0.1390625
0 0.78515625 0.47421875 0.1671875 0.11875
0 0.6703125 0.5203125 0.115625 0.078125
0 0.55390625 0.4875 0.2015625 0.159375
0 0.34921875 0.49296875 0.184375 0.1265625
0 0.47578125 0.4 0.2203125 0.084375
0 0.4625 0.2875 0.3 0.190625
0 0.6296875 0.2890625 0.109375 0.0953125
0 0.39140625 0.2046875 0.33125 0.209375
0 0.1921875 0.1171875 0.146875 0.1984375