0 0.49140625 0.47578125 0.078125 0.159375
0 0.44453125 0.3875 0.1046875 0.146875
0 0.45078125 0.54296875 0.0703125 0.1515625
0 0.35625 0.465625 0.0890625 0.14375
0 0.3875 0.5765625 0.1 0.159375
0 0.3921875 0.7453125 0.09375 0.15
0 0.34140625 0.85625 0.0859375 0.14375
0 0.40859375 0.89375 0.0703125 0.153125
0 0.4921875 0.86796875 0.059375 0.1078125
0 0.56796875 0.64375 0.0734375 0.15
0 0.66328125 0.55703125 0.0640625 0.1453125
0 0.6328125 0.690625 0.09375 0.1625
0 0.62265625 0.796875 0.0578125 0.103125
0 0.575 0.8171875 0.059375 0.090625