0 0.65625 0.521875 0.0796875 0.0578125
0 0.70625 0.4890625 0.06875 0.046875
0 0.57734375 0.7421875 0.0625 0.0453125
0 0.4421875 0.64375 0.0625 0.053125
0 0.3796875 0.39453125 0.0609375 0.05
0 0.621875 0.21640625 0.0859375 0.05
0 0.48125 0.7734375 0.0359375 0.0296875
0 0.42578125 0.8359375 0.0265625 0.0328125
0 0.49375 0.38359375 0.034375 0.0265625
0 0.52265625 0.60703125 0.0515625 0.0390625
0 0.68359375 0.4375 0.0390625 0.0421875
0 0.5875 0.36796875 0.0359375 0.03125
0 0.50546875 0.796875 0.0359375 0.0265625
0 0.3453125 0.628125 0.021875 0.0296875
0 0.6109375 0.215625 0.0265625 0.028125
0 0.5375 0.70078125 0.0375 0.0375
0 0.509375 0.83046875 0.0359375 0.028125
0 0.5125 0.55078125 0.025 0.0265625
0 0.47578125 0.2296875 0.0546875 0.053125
0 0.39296875 0.81171875 0.028125 0.0234375
0 0.79609375 0.57421875 0.021875 0.03125
0 0.42890625 0.48359375 0.025 0.03125
0 0.58671875 0.896875 0.0359375 0.0328125
0 0.553125 0.8515625 0.034375 0.0359375
0 0.5734375 0.765625 0.03125 0.034375
0 0.74453125 0.68515625 0.028125 0.03125
0 0.58828125 0.28515625 0.03125 0.0265625
0 0.653125 0.659375 0.03125 0.03125
0 0.55625 0.8 0.034375 0.028125
0 0.675 0.35859375 0.028125 0.0234375
0 0.390625 0.3546875 0.0203125 0.0296875
0 0.375 0.27109375 0.03125 0.0296875
0 0.43828125 0.43984375 0.03125 0.0265625
0 0.5609375 0.3375 0.0359375 0.021875
0 0.284375 0.1734375 0.0375 0.0234375
0 0.26015625 0.41015625 0.025 0.021875
0 0.70546875 0.15234375 0.028125 0.0296875
0 0.45078125 0.5578125 0.025 0.021875
0 0.41015625 0.17421875 0.04375 0.025
0 0.371875 0.159375 0.025 0.025
0 0.3578125 0.22734375 0.0203125 0.0234375
0 0.475 0.32109375 0.028125 0.0234375
0 0.684375 0.40390625 0.0390625 0.021875
0 0.34140625 0.096875 0.05 0.03125
0 0.57109375 0.7 0.025 0.028125
0 0.7296875 0.715625 0.03125 0.01875
0 0.73125 0.19765625 0.028125 0.0296875
0 0.2421875 0.0828125 0.03125 0.0375
0 0.715625 0.13203125 0.0375 0.025
0 0.43515625 0.46015625 0.0375 0.025
0 0.59296875 0.1046875 0.025 0.0328125
0 0.76171875 0.51640625 0.028125 0.0234375
0 0.628125 0.06171875 0.0421875 0.025
0 0.63125 0.171875 0.01875 0.0265625