0 0.51015625 0.4765625 0.0890625 0.1640625
0 0.56328125 0.39140625 0.1140625 0.153125
0 0.54609375 0.54609375 0.08125 0.15625
0 0.64609375 0.47578125 0.0984375 0.15
0 0.60703125 0.584375 0.1109375 0.165625
0 0.590625 0.75234375 0.1046875 0.15625
0 0.63359375 0.86640625 0.0953125 0.15
0 0.5640625 0.89921875 0.08125 0.1578125
0 0.48203125 0.86796875 0.0671875 0.1109375
0 0.421875 0.63828125 0.084375 0.1546875
0 0.3328125 0.5453125 0.0734375 0.15
0 0.35390625 0.68125 0.1046875 0.16875
0 0.35703125 0.7875 0.065625 0.10625
0 0.403125 0.8109375 0.065625 0.0953125