0 0.56640625 0.61640625 0.1046875 0.15625
0 0.56328125 0.77578125 0.1 0.1734375
0 0.61796875 0.3796875 0.09375 0.1390625
0 0.55703125 0.4390625 0.11875 0.1484375
0 0.48359375 0.4265625 0.0859375 0.1953125
0 0.3859375 0.55390625 0.0890625 0.16875
0 0.31875 0.6671875 0.1046875 0.1484375
0 0.39609375 0.678125 0.078125 0.1328125
0 0.46484375 0.8046875 0.0796875 0.1375
0 0.73046875 0.22734375 0.0875 0.134375
0 0.61328125 0.165625 0.075 0.1234375
0 0.5609375 0.14765625 0.078125 0.121875
0 0.57578125 0.25625 0.1234375 0.16875
0 0.45859375 0.18046875 0.0890625 0.0921875
0 0.3171875 0.7671875 0.0734375 0.10625
0 0.66015625 0.20234375 0.0625 0.1140625
0 0.51484375 0.54453125 0.0703125 0.1234375
0 0.41015625 0.75703125 0.071875 0.090625
0 0.42265625 0.4296875 0.0640625 0.06875
0 0.49296875 0.065625 0.071875 0.103125
0 0.67109375 0.315625 0.0765625 0.08125
0 0.35 0.5328125 0.06875 0.1328125
0 0.64921875 0.46015625 0.05625 0.1046875
0 0.3828125 0.93984375 0.065625 0.096875
0 0.5015625 0.2765625 0.0515625 0.0640625
0 0.38984375 0.4421875 0.071875 0.078125
0 0.7703125 0.075 0.06875 0.0765625
0 0.30078125 0.90859375 0.08125 0.103125
0 0.46484375 0.70078125 0.0484375 0.0765625
0 0.58515625 0.0546875 0.05625 0.0953125
0 0.5421875 0.03125 0.06875 0.0625
0 0.46328125 0.24296875 0.0375 0.0734375
0 0.40390625 0.0890625 0.0640625 0.11875
0 0.315625 0.28828125 0.0484375 0.0671875
0 0.5140625 0.8171875 0.05625 0.0734375
0 0.6875 0.396875 0.0609375 0.0609375
0 0.715625 0.0640625 0.04375 0.071875
0 0.82578125 0.21015625 0.0515625 0.075
0 0.19765625 0.709375 0.053125 0.1046875
0 0.42578125 0.37265625 0.0515625 0.075
0 0.43046875 0.54375 0.053125 0.0875
0 0.16484375 0.80234375 0.053125 0.084375
0 0.428125 0.90546875 0.0484375 0.08125
0 0.3046875 0.18046875 0.046875 0.0828125