0 0.49375 0.51875 0.05625 0.1171875
0 0.546875 0.459375 0.0640625 0.1046875
0 0.45546875 0.534375 0.0796875 0.1
0 0.47421875 0.64453125 0.0578125 0.109375
0 0.4140625 0.584375 0.075 0.1
0 0.39375 0.6265625 0.078125 0.06875
0 0.415625 0.68359375 0.078125 0.0765625
0 0.36015625 0.72578125 0.053125 0.0828125
0 0.3234375 0.66640625 0.0546875 0.0953125
0 0.26796875 0.66328125 0.06875 0.0703125
0 0.2703125 0.71875 0.0546875 0.0625
0 0.18828125 0.73828125 0.075 0.10625
0 0.3953125 0.85546875 0.05625 0.0671875
0 0.4 0.7484375 0.0609375 0.071875
0 0.21171875 0.8484375 0.065625 0.075
0 0.15078125 0.82265625 0.0484375 0.0703125
0 0.12109375 0.52421875 0.0734375 0.10625
0 0.19453125 0.49296875 0.0515625 0.0734375
0 0.25625 0.55078125 0.0640625 0.0875
0 0.1921875 0.565625 0.0609375 0.0640625