0 0.5734375 0.5515625 0.059375 0.0484375
0 0.54765625 0.48359375 0.046875 0.0828125
0 0.51953125 0.46640625 0.0546875 0.103125
0 0.475 0.48359375 0.0359375 0.0734375
0 0.43046875 0.47265625 0.053125 0.09375
0 0.4734375 0.315625 0.04375 0.0671875
0 0.42890625 0.33828125 0.059375 0.0484375
0 0.3859375 0.378125 0.0421875 0.05
0 0.36796875 0.47734375 0.034375 0.096875
0 0.34140625 0.3984375 0.028125 0.05625
0 0.3046875 0.46171875 0.05 0.071875
0 0.26875 0.50078125 0.0296875 0.025
0 0.25078125 0.475 0.028125 0.0828125
0 0.8078125 0.56328125 0.0515625 0.0671875
0 0.85 0.49609375 0.04375 0.0609375
0 0.75 0.56015625 0.046875 0.05
0 0.78203125 0.55078125 0.0203125 0.040625
0 0.4890625 0.24765625 0.015625 0.0421875
0 0.709375 0.3171875 0.025 0.04375
0 0.7828125 0.1453125 0.0328125 0.034375
0 0.69296875 0.27578125 0.0203125 0.05
0 0.65078125 0.334375 0.0265625 0.05
0 0.4875 0.1140625 0.0234375 0.0375
0 0.45078125 0.17578125 0.0125 0.053125
0 0.346875 0.21171875 0.028125 0.0265625
0 0.30703125 0.26171875 0.0515625 0.059375
0 0.178125 0.41015625 0.0578125 0.0640625
0 0.14921875 0.48984375 0.046875 0.05
0 0.2234375 0.32421875 0.0640625 0.0484375
0 0.24296875 0.26796875 0.05 0.05
0 0.23359375 0.1796875 0.0203125 0.0796875
0 0.2453125 0.121875 0.0296875 0.034375
0 0.178125 0.30625 0.0328125 0.034375
0 0.05703125 0.26953125 0.0296875 0.109375
0 0.0453125 0.346875 0.028125 0.0875
0 0.19765625 0.27421875 0.034375 0.0390625
0 0.59609375 0.4171875 0.0578125 0.071875
0 0.1265625 0.4046875 0.0265625 0.06875
0 0.19609375 0.5078125 0.0265625 0.0296875
0 0.0890625 0.4796875 0.0375 0.0796875
0 0.71328125 0.28125 0.0296875 0.0328125
0 0.1 0.31640625 0.053125 0.046875
0 0.62734375 0.52734375 0.046875 0.053125
0 0.22734375 0.4546875 0.0234375 0.0640625
0 0.11640625 0.27578125 0.0453125 0.034375
0 0.29140625 0.165625 0.053125 0.05625
0 0.440625 0.40703125 0.021875 0.040625
0 0.196875 0.36484375 0.046875 0.0359375
0 0.17265625 0.34453125 0.0328125 0.05625
0 0.1546875 0.32890625 0.0265625 0.0984375
0 0.23515625 0.39609375 0.01875 0.0546875
0 0.55703125 0.41328125 0.025 0.0625
0 0.8375 0.63828125 0.0703125 0.0453125
0 0.83828125 0.7109375 0.0359375 0.059375
0 0.5875 0.371875 0.0296875 0.0390625
0 0.64140625 0.46171875 0.0390625 0.0484375
0 0.1671875 0.2140625 0.0203125 0.0578125
0 0.47421875 0.4046875 0.025 0.059375
0 0.19765625 0.04453125 0.034375 0.0375
0 0.8578125 0.77109375 0.0390625 0.0421875
0 0.49296875 0.42265625 0.021875 0.0609375
0 0.21328125 0.22421875 0.0203125 0.0515625
0 0.76484375 0.634375 0.046875 0.034375
0 0.6921875 0.41640625 0.025 0.0328125
0 0.4984375 0.3796875 0.0328125 0.0296875
0 0.91328125 0.6015625 0.028125 0.025
0 0.0546875 0.48828125 0.0421875 0.0421875
0 0.8109375 0.6703125 0.040625 0.034375
0 0.15234375 0.05390625 0.0546875 0.065625
0 0.7390625 0.61953125 0.0359375 0.03125
0 0.8 0.75546875 0.0359375 0.0890625
0 0.88046875 0.8328125 0.0390625 0.0390625
0 0.77734375 0.6890625 0.0328125 0.0640625
0 0.3140625 0.0953125 0.034375 0.0640625
0 0.86328125 0.8375 0.028125 0.0484375
0 0.7671875 0.91953125 0.0296875 0.0484375