0 0.22578125 0.29609375 0.0828125 0.0625
0 0.05 0.0453125 0.078125 0.090625
0 0.52265625 0.4390625 0.02578125 0.0390625
0 0.70625 0.45390625 0.03984375 0.03671875
0 0.69921875 0.4015625 0.034375 0.025
0 0.75703125 0.4234375 0.0375 0.03046875
0 0.49453125 0.45078125 0.0265625 0.0421875
0 0.49609375 0.33828125 0.0375 0.03203125
0 0.5046875 0.68046875 0.02734375 0.0328125
0 0.66328125 0.5015625 0.03828125 0.02890625
0 0.50859375 0.63359375 0.02421875 0.0265625
0 0.5875 0.49140625 0.03359375 0.02265625