0 0.3890625 0.69453125 0.1796875 0.2625
0 0.41015625 0.4359375 0.15625 0.128125
0 0.6015625 0.484375 0.121875 0.096875
0 0.57734375 0.80546875 0.1515625 0.2171875
0 0.309375 0.2125 0.278125 0.2734375
0 0.2 0.73203125 0.190625 0.3203125
0 0.25234375 0.63515625 0.1125 0.1234375
0 0.73984375 0.76640625 0.13125 0.2359375
0 0.86328125 0.7796875 0.1515625 0.196875
0 0.8078125 0.67109375 0.1203125 0.0890625
0 0.93125 0.71328125 0.1375 0.1734375
0 0.90859375 0.565625 0.1328125 0.1140625
0 0.91640625 0.82734375 0.128125 0.1375
0 0.63515625 0.64375 0.128125 0.1046875
0 0.53359375 0.67734375 0.0984375 0.10625
0 0.459375 0.5546875 0.1359375 0.1625
0 0.58984375 0.35234375 0.2234375 0.2296875
0 0.1125 0.26015625 0.225 0.2390625
0 0.27421875 0.48515625 0.1296875 0.125
0 0.27109375 0.36953125 0.1171875 0.1046875
0 0.121875 0.409375 0.16875 0.1265625
0 0.12578125 0.52890625 0.178125 0.140625