0 0.22421875 0.7796875 0.1015625 0.10625
0 0.17421875 0.7171875 0.0765625 0.090625
0 0.20625 0.596875 0.084375 0.10625
0 0.26015625 0.35234375 0.10625 0.096875
0 0.3328125 0.2875 0.078125 0.0890625
0 0.48671875 0.30234375 0.0625 0.1015625
0 0.54453125 0.26875 0.065625 0.103125
0 0.578125 0.3625 0.0875 0.1109375
0 0.490625 0.4625 0.0765625 0.084375
0 0.49375 0.53359375 0.0734375 0.0828125
0 0.6703125 0.528125 0.05625 0.0875
0 0.70703125 0.36875 0.0515625 0.1
0 0.67578125 0.10859375 0.103125 0.1609375
0 0.61328125 0.084375 0.0515625 0.096875
0 0.525 0.17734375 0.06875 0.09375
0 0.61953125 0.7203125 0.0578125 0.1015625
0 0.63515625 0.8296875 0.084375 0.1296875
0 0.76640625 0.915625 0.065625 0.1015625
0 0.80390625 0.9515625 0.0671875 0.096875
0 0.7828125 0.79609375 0.0671875 0.0984375
0 0.10390625 0.8203125 0.096875 0.140625