0 0.2921875 0.53046875 0.171875 0.153125
0 0.46796875 0.5015625 0.1875 0.1390625
0 0.40703125 0.38046875 0.1515625 0.13125
0 0.48203125 0.4171875 0.18125 0.134375
0 0.584375 0.334375 0.1421875 0.125
0 0.71953125 0.2734375 0.159375 0.1140625
0 0.68515625 0.390625 0.165625 0.1125
0 0.5703125 0.465625 0.1625 0.1203125
0 0.68203125 0.56953125 0.1765625 0.1171875
0 0.8109375 0.4375 0.1640625 0.1375
0 0.8421875 0.32734375 0.2 0.11875
0 0.8953125 0.1125 0.1453125 0.159375
0 0.95 0.23203125 0.1 0.1953125
0 0.459375 0.65859375 0.2265625 0.1234375
0 0.24921875 0.70234375 0.1828125 0.1421875
0 0.2671875 0.81640625 0.1765625 0.1859375
0 0.1078125 0.8109375 0.15 0.1609375
0 0.05703125 0.69921875 0.1140625 0.1421875