0 0.45703125 0.54921875 0.140625 0.2375
0 0.31796875 0.434375 0.1265625 0.06875
0 0.31796875 0.33984375 0.1234375 0.128125
0 0.19609375 0.578125 0.0875 0.0765625
0 0.215625 0.6234375 0.121875 0.0609375
0 0.2078125 0.66875 0.0984375 0.0765625
0 0.18203125 0.7375 0.0921875 0.059375
0 0.14140625 0.82890625 0.0703125 0.1078125
0 0.25078125 0.83203125 0.0921875 0.0828125
0 0.35078125 0.73515625 0.078125 0.1015625
0 0.4328125 0.77421875 0.0796875 0.1
0 0.49921875 0.72421875 0.08125 0.0859375
0 0.56796875 0.67578125 0.06875 0.0953125
0 0.66640625 0.75078125 0.11875 0.0796875
0 0.690625 0.640625 0.10625 0.0796875
0 0.72265625 0.54140625 0.0671875 0.11875
0 0.90234375 0.51484375 0.1265625 0.125