0 0.5382370062499999 0.32430591249999996 0.5074431578125 0.3265274609375 0.41962900937500003 0.36547460625 0.40203746875 0.390396365625 0.3562421984375 0.41127830468750004 0.35627799531250004 0.4133291640625 0.3846851828125 0.4426287828125 0.38721354531249996 0.44258464999999997 0.5091956 0.42692484375 0.5950793953125 0.37127339843749996 0.6075327500000001 0.33364168437499997 0.54513800625 0.32418545625 0.5382370062499999 0.32430591249999996
0 0.5062617578124999 0.26169918124999997 0.49453263593749996 0.2763041046875 0.4946625078125 0.2837445203125 0.49880914218749994 0.3041665484375 0.5201926625 0.3087162375 0.647566015625 0.2828628171875 0.6650888328125 0.2540039046875 0.636031884375 0.244461996875 0.57908605 0.24545598906250002 0.5357507625 0.2611844484375 0.5062617578124999 0.26169918124999997
0 0.655718659375 0.180005146875 0.6338044375 0.1975522328125 0.6338318453125 0.19912245 0.6532324203125001 0.22533959218750002 0.774087025 0.20156912968750001 0.8115097109375 0.1861470953125 0.8305505359375 0.15036956875000002 0.8054181890625 0.144615590625 0.7897896281250001 0.14488838906249998 0.730564028125 0.1491610765625 0.655718659375 0.180005146875
0 0.7674593468750001 0.5132423921875 0.73404171875 0.46872125468750003 0.6759776 0.450046159375 0.6467854796875 0.450555709375 0.62067409375 0.4519929203125 0.46715701093749995 0.482241034375 0.45151689375000004 0.49780996406250005 0.45154358749999995 0.49933918593750004 0.464670771875 0.5275754796875 0.6455342359375 0.5618328375 0.7110309984375001 0.5587204109374999 0.7674644234375 0.513533215625 0.7674593468750001 0.5132423921875
0 0.741579146875 0.6411178546875 0.6569913140625 0.647084059375 0.6389506453125 0.6714366953125 0.6390219109374999 0.6755195140625 0.644572321875 0.686684353125 0.6773378828125 0.6861124281250001 0.7070330578124999 0.6974091546875 0.7990171640625 0.7095877953125 0.8316796421875001 0.70311014375 0.8624461312499999 0.6818967640625 0.8275784078124999 0.6559215093749999 0.7730341265625 0.64056880625 0.741579146875 0.6411178546875
0 0.4513341515625 0.666399034375 0.45920487187500003 0.6921238578125 0.506972653125 0.7060588875 0.5922318375 0.708509034375 0.632896715625 0.6910612328125 0.607927384375 0.6688515500000001 0.5585385125 0.655929403125 0.528094075 0.6557834171875 0.466835540625 0.6568526890624999 0.4512818 0.6633998125 0.4513341515625 0.666399034375
0 0.2458391640625 0.7387179171875 0.314784290625 0.7453911796875 0.38000615937500004 0.7265301453124999 0.45964609687499997 0.6887102671875 0.4378502390625 0.6605376671875 0.3100989078125 0.6647367515625 0.2546379828125 0.67948905625 0.20986088593750002 0.70943104375 0.20989818750000003 0.711568078125 0.214454165625 0.7244969265625001 0.2458391640625 0.7387179171875
0 0.18944979687500002 0.61443096875 0.189583934375 0.62211565 0.1948971453125 0.6428465359375 0.1972697625 0.6428051203125 0.3127555171875 0.6330685671875 0.3403141703125 0.6158495328125 0.328622875 0.603253959375 0.2787917796875 0.5929372703125 0.2705119171875 0.5930817953124999 0.20732156875 0.60143293125 0.18944979687500002 0.61443096875
0 0.344746584375 0.48551984062500003 0.31476223124999997 0.5139952765625 0.311545090625 0.536458809375 0.3117716546875 0.5494386125 0.319104 0.5749639453125 0.3455913421875 0.5902550140625 0.345754146875 0.599582128125 0.35405256406249996 0.599437278125 0.3932216734375 0.5963157375 0.4136087046875 0.5437767203125 0.399643440625 0.4947910875 0.34840177968749997 0.4854560390625 0.344746584375 0.48551984062500003
0 0.2116164859375 0.4518924453125 0.21169339062499998 0.4562983390625 0.23265708593749998 0.501615053125 0.270606309375 0.5196314625 0.2706953875 0.5196299078125 0.3045351578125 0.4885453625 0.310675928125 0.46480806250000006 0.297923865625 0.3894473765625 0.2960849125 0.3894794765625 0.2439421453125 0.3970517484375 0.2116164859375 0.4518924453125
0 0.1185651796875 0.5114407046875 0.0850827859375 0.5441761609375 0.08510762499999999 0.5455991499999999 0.08990085 0.5592012640624999 0.1138319734375 0.5692501078125 0.115868675 0.5692145578125001 0.1472577671875 0.5591846828125 0.2233118953125 0.5037048140625 0.21989789218750003 0.495887703125 0.18359442343750002 0.480519071875 0.1803982375 0.48057486093749996 0.1185651796875 0.5114407046875
0 0.10435683281250001 0.7432543468749999 0.05911800625 0.7577096812499999 0.05913455468749999 0.7586577484375 0.07231286249999999 0.785166371875 0.161020415625 0.7974022062499999 0.2167218703125 0.796429934375 0.24752272031250003 0.777185134375 0.24724782812499999 0.7614365249999999 0.22572686250000001 0.749012528125 0.17928625468749998 0.74000878125 0.1365643421875 0.7407544953125 0.10435683281250001 0.7432543468749999
0 0.0022865421875 0.27724256875000003 0.002372596875 0.282172603125 0.011278165625 0.30904999843750003 0.1587232 0.3064763359375 0.22549744375 0.2826652640625 0.241399159375 0.254819234375 0.223154753125 0.2423380484375 0.19419040468749998 0.23810972656249998 0.140162159375 0.2390527921875 0.10840655937499999 0.2404026359375 0.0022865421875 0.27724256875000003
0 0.1675185265625 0.1637521171875 0.17056274375 0.1723909203125 0.289274725 0.213640665625 0.3351121515625 0.21087139375000002 0.3560833296875 0.1917981703125 0.3212156078125 0.1658229140625 0.25530650312500003 0.1453124265625 0.19926493125 0.1395686546875 0.188537284375 0.13975590625 0.1674914875 0.1622030125 0.1675185265625 0.1637521171875
0 0.42886798437499996 0.13648091874999999 0.45649536562500004 0.12319903750000001 0.44463225937499995 0.10076058437499999 0.4025354390625 0.090701153125 0.381586446875 0.09106681875 0.30075478125 0.097340740625 0.3007882921875 0.09926056875 0.307463596875 0.1287541609375 0.42886798437499996 0.13648091874999999
0 0.0720453171875 0.065847609375 0.0751534984375 0.0811552984375 0.0984330078125 0.10044071406249999 0.15937573437500002 0.11808412500000001 0.1793099640625 0.1334895796875 0.229735790625 0.11193304687500001 0.186281515625 0.0634621453125 0.14331068281249998 0.0405301078125 0.08482489062500001 0.04155098125 0.0718190359375 0.052883993750000004 0.0720453171875 0.065847609375
0 0 0.21925086875000002 0.000619634375 0.2233554859375 0.11215999375 0.2292852453125 0.152824871875 0.2118374421875 0.1526187015625 0.200025984375 0.12457898593750001 0.1896849515625 0.085122865625 0.1824969578125 0.02945576875 0.18543780625 0 0.1763509109375 0 0.21925086875000002
0 0.1749525 0.3275215921875 0.13026692812500001 0.32830158125 0.0683075015625 0.34809971093750003 0.0397774859375 0.36592566249999997 0.039818803125 0.36829268437499996 0.046024479687499995 0.38590300625 0.07209948125 0.3775711609375 0.1376306078125 0.3764273109375 0.1832618625 0.36184658281250004 0.20028143437499998 0.3396829890625 0.20026286875000002 0.3386193984375 0.1749525 0.3275215921875
0 0 0.41260664843750006 0.00743624375 0.41814639375 0.05993596718750001 0.3276325015625 0.024664657812499997 0.3145174953125 0.017409571874999998 0.314644134375 0 0.31888712343750003 0 0.41260664843750006