0 0.37734375 0.24921875 0.2671875 0.2234375
0 0.61015625 0.23359375 0.228125 0.240625
0 0.7859375 0.2765625 0.2828125 0.196875
0 0.859375 0.4328125 0.1125 0.0859375
0 0.6828125 0.3984375 0.2765625 0.184375
0 0.771875 0.5890625 0.1859375 0.146875
0 0.6703125 0.51875 0.128125 0.0984375
0 0.55 0.52421875 0.2265625 0.19375
0 0.3515625 0.4734375 0.2046875 0.159375
0 0.45390625 0.59140625 0.23125 0.125
0 0.415625 0.6984375 0.3296875 0.24375
0 0.57890625 0.73515625 0.125 0.1140625
0 0.32734375 0.76328125 0.3625 0.2671875
0 0.1140625 0.80390625 0.18125 0.2203125