0 0.41640625 0.3078125 0.1609375 0.178125
0 0.490625 0.46875 0.1484375 0.1921875
0 0.59140625 0.3796875 0.1375 0.1578125
0 0.575 0.4609375 0.1421875 0.1859375
0 0.68203125 0.53828125 0.13125 0.146875
0 0.77578125 0.653125 0.1203125 0.1640625
0 0.65390625 0.65078125 0.1203125 0.16875
0 0.5515625 0.559375 0.128125 0.1671875
0 0.4796875 0.69375 0.125 0.18125
0 0.640625 0.78359375 0.14375 0.16875
0 0.75546875 0.78515625 0.128125 0.2046875
0 0.946875 0.78125 0.10625 0.153125
0 0.88046875 0.88515625 0.2015625 0.1484375
0 0.33671875 0.5015625 0.134375 0.2296875
0 0.23984375 0.31015625 0.15 0.1875
0 0.134375 0.35703125 0.19375 0.184375
0 0.0984375 0.2015625 0.165625 0.1578125
0 0.18984375 0.115625 0.1484375 0.1375
0 0.284375 0.6296875 0.1078125 0.2109375