0 0.5078125 0.61640625 0.0859375 0.1171875
0 0.5703125 0.6484375 0.0640625 0.109375
0 0.57578125 0.5390625 0.121875 0.103125
0 0.42265625 0.528125 0.0828125 0.1
0 0.40546875 0.63125 0.078125 0.10625
0 0.77578125 0.571875 0.1234375 0.1140625
0 0.80625 0.6890625 0.1015625 0.0703125
0 0.47890625 0.7046875 0.0359375 0.06171875
0 0.50859375 0.53046875 0.0515625 0.06796875
0 0.6984375 0.6859375 0.0640625 0.07109375
0 0.271875 0.61328125 0.03671875 0.04921875
0 0.3390625 0.540625 0.0453125 0.05390625
0 0.259375 0.52109375 0.04921875 0.0625
0 0.2015625 0.5765625 0.07109375 0.06640625
0 0.18671875 0.640625 0.059375 0.0640625
0 0.1625 0.49765625 0.02265625 0.04609375
0 0.51875 0.453125 0.03125 0.03203125