0 0.68671875 0.4359375 0.0796875 0.10625
0 0.33671875 0.446875 0.115625 0.084375
0 0.32421875 0.321875 0.103125 0.084375
0 0.2 0.27109375 0.128125 0.0875
0 0.259375 0.2015625 0.1203125 0.1015625
0 0.32734375 0.14921875 0.1203125 0.13125
0 0.81796875 0.06953125 0.175 0.109375
0 0.41015625 0.5421875 0.09375 0.084375
0 0.2421875 0.3234375 0.071875 0.059375
0 0.9046875 0.22890625 0.0828125 0.0515625
0 0.48828125 0.53515625 0.0546875 0.0421875
0 0.475 0.47890625 0.05625 0.0625
0 0.2984375 0.4046875 0.0484375 0.046875
0 0.725 0.3109375 0.0546875 0.0734375
0 0.72734375 0.24453125 0.05 0.0671875
0 0.46875 0.43046875 0.0484375 0.05
0 0.33984375 0.62109375 0.0671875 0.04375
0 0.68515625 0.371875 0.040625 0.05625
0 0.30390625 0.546875 0.075 0.0453125
0 0.45390625 0.7140625 0.0578125 0.0375
0 0.30390625 0.478125 0.0390625 0.0515625
0 0.8 0.1734375 0.046875 0.059375
0 0.140625 0.2078125 0.1109375 0.0890625
0 0.81171875 0.23046875 0.0640625 0.078125
0 0.43828125 0.8921875 0.046875 0.0359375
0 0.36796875 0.66796875 0.078125 0.0640625