0 0.45 0.4578125 0.2359375 0.1359375
0 0.5625 0.3171875 0.0671875 0.125
0 0.65703125 0.31484375 0.1265625 0.121875
0 0.41640625 0.19765625 0.075 0.0859375
0 0.371875 0.21796875 0.059375 0.1203125
0 0.3265625 0.2109375 0.075 0.096875
0 0.25703125 0.1859375 0.0578125 0.090625
0 0.16484375 0.146875 0.10625 0.06875
0 0.16328125 0.25625 0.08125 0.090625
0 0.2625 0.3546875 0.1 0.0765625
0 0.225 0.4375 0.0984375 0.078125
0 0.27578125 0.503125 0.084375 0.0796875
0 0.32578125 0.57109375 0.09375 0.0671875
0 0.25234375 0.67109375 0.078125 0.1171875
0 0.3625 0.69296875 0.078125 0.1046875
0 0.4625 0.7234375 0.1171875 0.065625
0 0.4921875 0.90234375 0.1234375 0.125