0 0.24296875 0.36796875 0.0984375 0.0921875
0 0.96484375 0.575 0.06875 0.0984375
0 0.12421875 0.696875 0.14609375 0.09921875
0 0.90859375 0.2375 0.0625 0.04609375
0 0.53046875 0.38515625 0.05078125 0.0734375
0 0.446875 0.54375 0.06875 0.0859375
0 0.3609375 0.3875 0.06640625 0.07265625
0 0.45625 0.33828125 0.078125 0.08828125
0 0.58125 0.684375 0.12890625 0.07578125
0 0.60625 0.5046875 0.09453125 0.0484375
0 0.34609375 0.16328125 0.0640625 0.04296875
0 0.709375 0.49375 0.0328125 0.03359375
0 0.346875 0.78125 0.03828125 0.04921875
0 0.146875 0.14609375 0.13046875 0.12734375