0 0.6181640640625 0.806835940625 0.5732421859375 0.8400390640625 0.546875 0.87421875 0.548802084375 0.903125 0.5496875078125 0.903125 0.6240234359375 0.869335940625 0.65625 0.821484378125 0.65625 0.801953128125 0.6181640640625 0.806835940625
0 0.4607421875 0.891894534375 0.4568359375 0.86259765625 0.3875 0.806933596875 0.38125 0.8238978781249999 0.38125 0.8274972187499999 0.3943359375 0.872363284375 0.4387898734375 0.91875 0.43964146406250004 0.91875 0.4607421875 0.891894534375
0 0.3331054703125 0.7073242203125 0.31943359375 0.705371096875 0.27939453125 0.751269534375 0.2671875 0.77742745625 0.2671875 0.7837890625 0.2752663359375 0.8015625 0.287695371875 0.8015625 0.29990234375 0.8010742203125 0.31259765625 0.78447265625 0.3331054703125 0.7073242203125
0 0.232031246875 0.7958007796875 0.1919921875 0.77333984375 0.1646484375 0.77333984375 0.1546875 0.7923561734375 0.1546875 0.7945638046875 0.17595880625 0.8140625 0.2118472453125 0.8140625 0.232031246875 0.7958007796875
0 0.3380859390625 0.680566409375 0.33515625 0.642480471875 0.2990234390625 0.653222659375 0.290625 0.6868164109375 0.290625 0.693925784375 0.2982910140625 0.703125 0.3004882875 0.703125 0.3380859390625 0.680566409375
0 0.4978515609375 0.7817382828125 0.4949218734375 0.7397460921875 0.46875 0.74847005 0.46875 0.796875 0.4694702171875 0.796875 0.4978515609375 0.7817382828125
0 0.514355359375 0.7328125 0.524609375 0.732519528125 0.5294921859375 0.71591796875 0.482597665625 0.7015625 0.481485521875 0.7015625 0.4734375 0.7167643203125 0.4734375 0.7183919234375 0.489660646875 0.7328125 0.514355359375 0.7328125
0 0.55849609375 0.77119140625 0.5671875 0.739322921875 0.5671875 0.7390084781249999 0.521875 0.7592544875 0.521875 0.7612630265625 0.5268998578125 0.7796875 0.5313085890625 0.7796875 0.55849609375 0.77119140625
0 0.6200195296875 0.74931640625 0.6043945296875 0.74541015625 0.5859375 0.7658100343750001 0.5859375 0.796875 0.5863606796874999 0.796875 0.61708984375 0.77958984375 0.6200195296875 0.74931640625
0 0.734375 0.8002929671875 0.7158203140625 0.77783203125 0.6884765640625 0.7797851546875 0.6859375 0.800944 0.6859375 0.8044677734375 0.715802553125 0.825 0.7190755234374999 0.825 0.7359375 0.8199414046875001 0.7359375 0.8159179546875001 0.734375 0.8002929671875
0 0.7853515625 0.72197265625 0.7570312484375 0.713183596875 0.727734375 0.72490234375 0.71875 0.7420543296875 0.71875 0.7471679703125 0.734082028125 0.7625 0.73552735 0.7625 0.782421875 0.7385742203125 0.7853515625 0.72197265625
0 0.7517578140625 0.262597659375 0.717578125 0.251855471875 0.7126953140625 0.27236328125 0.7428635796874999 0.296875 0.745922859375 0.296875 0.7615234375 0.289941409375 0.7517578140625 0.262597659375
0 0.7949218734375 0.20986328125 0.7822265640625 0.165917971875 0.7597656265625 0.188378909375 0.7636169421875 0.25 0.7680664203124999 0.25 0.7832031265625 0.246972659375 0.7949218734375 0.20986328125
0 0.87109375 0.09501953125 0.8408203140625 0.08623046875 0.8300781265625 0.1204101546875 0.86270658125 0.1703125 0.8655983624999999 0.1703125 0.8916015640625 0.16044921875 0.8964843734375 0.1438476546875 0.87109375 0.09501953125
0 0.8149002859375001 0.1109375 0.8255859359375 0.092480465625 0.7718749984375 0.052441403124999994 0.7 0.055316406250000005 0.7 0.059969815625 0.7093749984375 0.091503903125 0.765824971875 0.1109375 0.8149002859375001 0.1109375
0 0.502343753125 0.3153320296875 0.4798828125 0.28505859375 0.462304690625 0.28115234375 0.4484375 0.3061132859375 0.4484375 0.3083007765625 0.47763672343749997 0.3375 0.48313801874999995 0.3375 0.4984375 0.33291015625 0.502343753125 0.3153320296875
0 0.2730171515625 0.9359375 0.276777334375 0.9359375 0.303417965625 0.9316406265625 0.310089840625 0.9078125 0.30665458125 0.9078125 0.26875 0.9139830124999999 0.26875 0.9163086078125 0.2730171515625 0.9359375
0 0.3046874953125 0.975 0.3259765609375 0.9643554671875 0.3191406234375 0.9243164078125 0.296875 0.9543265984374999 0.296875 0.9553059906250001 0.3022460921875 0.975 0.3046874953125 0.975
0 0.3204589859375 0.9171875 0.335546875 0.9071289078125 0.3267578109375 0.8729492171875 0.309375 0.8939915718749999 0.309375 0.8982226578124999 0.317277015625 0.9171875 0.3204589859375 0.9171875