0 0.353125 0.609375 0.0671875 0.1375
0 0.2984375 0.53515625 0.0765625 0.134375
0 0.4734375 0.74453125 0.0921875 0.1375
0 0.44296875 0.45546875 0.0859375 0.13125
0 0.49375 0.3890625 0.1265625 0.1703125
0 0.46640625 0.5421875 0.0828125 0.1765625
0 0.51640625 0.56015625 0.0984375 0.1609375
0 0.55390625 0.48515625 0.090625 0.1671875
0 0.4703125 0.6453125 0.0609375 0.0984375
0 0.37265625 0.8546875 0.0703125 0.0984375
0 0.38125 0.940625 0.06875 0.096875
0 0.43828125 0.86953125 0.096875 0.1421875
0 0.48828125 0.859375 0.1 0.15
0 0.30078125 0.62421875 0.0953125 0.18125
0 0.315625 0.87421875 0.05625 0.090625