0 0.5421875 0.45 0.1359375 0.2359375
0 0.6828125 0.5625 0.125 0.0671875
0 0.68515625 0.65703125 0.121875 0.1265625
0 0.80234375 0.41640625 0.0859375 0.075
0 0.78203125 0.371875 0.1203125 0.059375
0 0.7890625 0.3265625 0.096875 0.075
0 0.8140625 0.25703125 0.090625 0.0578125
0 0.853125 0.16484375 0.06875 0.10625
0 0.74375 0.16328125 0.090625 0.08125
0 0.6453125 0.2625 0.0765625 0.1
0 0.5625 0.225 0.078125 0.0984375
0 0.496875 0.27578125 0.0796875 0.084375
0 0.42890625 0.32578125 0.0671875 0.09375
0 0.32890625 0.25234375 0.1171875 0.078125
0 0.30703125 0.3625 0.1046875 0.078125
0 0.2765625 0.4625 0.065625 0.1171875
0 0.09765625 0.4921875 0.125 0.1234375