0 0.55234375 0.31796875 0.09375 0.0734375
0 0.81953125 0.32890625 0.125 0.1046875
0 0.86953125 0.15390625 0.084375 0.0953125
0 0.78984375 0.15 0.0765625 0.0640625
0 0.6453125 0.15859375 0.09375 0.0390625
0 0.5375 0.121875 0.096875 0.075
0 0.2671875 0.3546875 0.1 0.084375
0 0.2609375 0.42734375 0.090625 0.0921875
0 0.28671875 0.71875 0.0953125 0.078125
0 0.57734375 0.89296875 0.1578125 0.1046875
0 0.7140625 0.74453125 0.0765625 0.084375
0 0.63359375 0.77109375 0.0859375 0.0609375
0 0.740625 0.69453125 0.125 0.0734375
0 0.825 0.54296875 0.096875 0.06875
0 0.58515625 0.66328125 0.1921875 0.1078125
0 0.54921875 0.61015625 0.1171875 0.1046875
0 0.48046875 0.58671875 0.1203125 0.140625
0 0.42734375 0.959375 0.1265625 0.08125
0 0.56171875 0.8734375 0.0984375 0.0640625
0 0.54453125 0.3296875 0.059375 0.0859375
0 0.3765625 0.575 0.10625 0.0875
0 0.4265625 0.63359375 0.0515625 0.046875
0 0.84921875 0.80390625 0.0765625 0.05
0 0.7015625 0.55 0.09375 0.109375
0 0.62578125 0.54453125 0.0859375 0.0875
0 0.4078125 0.5125 0.0671875 0.0671875
0 0.8859375 0.86328125 0.1203125 0.096875
0 0.87578125 0.49375 0.0546875 0.053125
0 0.18125 0.44921875 0.059375 0.0421875
0 0.1296875 0.59375 0.04375 0.05
0 0.4859375 0.41484375 0.0484375 0.0359375
0 0.42734375 0.41875 0.071875 0.0484375
0 0.42109375 0.46328125 0.0453125 0.0453125
0 0.6015625 0.48671875 0.1 0.0546875
0 0.2109375 0.596875 0.09375 0.0453125
0 0.465625 0.5140625 0.0875 0.059375
0 0.16796875 0.2484375 0.096875 0.08125
0 0.0359375 0.65234375 0.05 0.065625
0 0.83046875 0.4609375 0.05625 0.046875
0 0.2515625 0.2734375 0.0984375 0.1171875
0 0.9828125 0.846875 0.034375 0.034375
0 0.83515625 0.5109375 0.053125 0.0390625
0 0.6734375 0.47265625 0.071875 0.0375
0 0.93359375 0.81015625 0.0546875 0.046875
0 0.29609375 0.07421875 0.0375 0.0453125
0 0.96484375 0.54609375 0.0484375 0.040625
0 0.06328125 0.3 0.0578125 0.0375
0 0.9921875 0.8703125 0.015625 0.040625
0 0.96953125 0.809375 0.04375 0.0453125
0 0.95390625 0.89453125 0.0921875 0.0671875
0 0.08203125 0.3421875 0.15625 0.078125
0 0.08203125 0.16875 0.065625 0.071875
0 0.08984375 0.09453125 0.071875 0.0609375
0 0.98203125 0.559375 0.0359375 0.034375
0 0.134375 0.084375 0.0703125 0.0875
0 0.93359375 0.92109375 0.0625 0.0609375
0 0.25078125 0.04921875 0.046875 0.0484375
0 0.03125 0.1609375 0.0625 0.0375
0 0.28125 0.2328125 0.075 0.0578125
0 0.5921875 0.51171875 0.078125 0.0546875
0 0.05859375 0.9125 0.025 0.028125