0 0.60859375 0.59296875 0.1140625 0.171875
0 0.65 0.40078125 0.13125 0.1703125
0 0.77265625 0.6421875 0.1921875 0.271875
0 0.83828125 0.346875 0.16875 0.24375
0 0.7671875 0.1484375 0.1421875 0.246875
0 0.60078125 0.06171875 0.1546875 0.1234375
0 0.40625 0.0640625 0.209375 0.128125
0 0.53203125 0.24921875 0.1359375 0.2484375
0 0.490625 0.4890625 0.18125 0.115625
0 0.4046875 0.3734375 0.15 0.1921875
0 0.65546875 0.8140625 0.12734375 0.203125
0 0.77421875 0.94765625 0.1640625 0.09609375
0 0.4953125 0.7140625 0.09921875 0.1578125
0 0.4234375 0.18046875 0.08671875 0.14921875