0 0.38448570625 0.4473587 0.507631128125 0.42937815625000003 0.5919671156249999 0.3726894015625 0.6036849171875 0.3351482125 0.539872125 0.32662786875 0.5041548109375 0.329829459375 0.41761282499999997 0.36998356875 0.40057212187499996 0.3950075875 0.3541160671875 0.4171501828125 0.38448570625 0.4473587
0 0.49523787343750003 0.30766621875 0.5165542453125 0.3118076234375 0.642612075 0.2839538015625 0.65951645 0.2550259125 0.6282359125 0.24536951718750002 0.57618430625 0.2471872 0.53118445625 0.264393153125 0.5019054296875 0.2654155984375 0.489437834375 0.2814855015625 0.49523787343750003 0.30766621875
0 0.647141796875 0.2271204703125 0.7667613421875 0.2014457921875 0.8036622109374999 0.18549981875 0.821954625 0.1496833546875 0.7940636390625 0.1438172265625 0.7226290078125001 0.15022040625 0.648827271875 0.1821123546875 0.6266681609375 0.20047500624999998 0.647141796875 0.2271204703125
0 0.465562290625 0.530517325 0.6457847812499999 0.5613558109375 0.710781125 0.557131771875 0.7661789 0.511225140625 0.7320788968749999 0.4674666828125 0.6711785171875 0.44907305624999994 0.6191950734375 0.45284267500000003 0.4672477625 0.485509209375 0.45152694374999996 0.5016927171875001 0.465562290625 0.530517325
0 0.6468258312499999 0.6844413328125001 0.6793580859375 0.68330528125 0.7090460890625 0.69399445 0.8006135421874999 0.70447705 0.8329413062500001 0.6974851953125001 0.8631312343750001 0.675910625 0.82805216875 0.6507523546875 0.7688806453125 0.6352298296875001 0.658475471875 0.6449482078125001 0.639842240625 0.6710049984374999 0.6468258312499999 0.6844413328125001
0 0.4631208421875 0.6937879265625 0.510803834375 0.7067801671875 0.5955240203125001 0.707730303125 0.63560995 0.689718790625 0.6104268828125 0.6681235734375 0.5611513640625 0.656164103125 0.47324611406250006 0.6572795078125 0.4539994140625 0.6657688796875 0.4631208421875 0.6937879265625
0 0.220083225 0.7296354046875 0.251500090625 0.7431956703125 0.320090471875 0.748617703125 0.3845415125 0.7287781859375 0.462984515625 0.68988405625 0.4408501875 0.6623194296875 0.3140425625 0.6687019656250001 0.259214871875 0.6842967984375 0.2146921640625 0.715166296875 0.220083225 0.7296354046875
0 0.1993617171875 0.6492549234375 0.31620517656249997 0.6373573984375 0.34327820625 0.619800303125 0.331448859375 0.6075103421875 0.27898827656249997 0.5976164125000001 0.2109431953125 0.6078098625 0.191900984375 0.6221550375 0.1993617171875 0.6492549234375
0 0.3223274328125 0.5794912953125 0.348898540625 0.5941979359375 0.34923935625 0.6039576109375 0.39630887812500004 0.5993824328125 0.41564852031250005 0.5469177171874999 0.4009315421875 0.49857375781249996 0.3468784265625 0.48971259843750004 0.31696114999999997 0.5190949078125 0.31313783906250003 0.5495203125 0.3223274328125 0.5794912953125
0 0.23515337343749998 0.508271490625 0.2732130140625 0.5255084140624999 0.30631535625 0.494060565625 0.312003846875 0.4704101328125 0.2979932828125 0.395658246875 0.24455363125 0.40436450312499994 0.2123374140625 0.4611875125 0.23515337343749998 0.508271490625
0 0.09392002499999999 0.5679243015625 0.1186941109375 0.57780790625 0.15088554999999998 0.5669121796875001 0.2254618625 0.510564240625 0.2219359828125 0.5028701046874999 0.1839445078125 0.48758511406249994 0.121563140625 0.5200554109375 0.0885289671875 0.5534551953125 0.09392002499999999 0.5679243015625
0 0.0805787328125 0.7921593171875 0.1688929609375 0.8027555234375001 0.22419778906249999 0.8008242359375 0.2544558828125 0.7812016046875 0.253910578125 0.765586121875 0.23232155468750001 0.753636975 0.17660774375 0.7438566546875001 0.1116795609375 0.750032625 0.0666115484375 0.76528664375 0.0805787328125 0.7921593171875
0 0.012031660937499999 0.321608678125 0.15842680468749998 0.316496446875 0.224334046875 0.2917202875 0.239645890625 0.26382516875 0.22131009218750003 0.25176241718750003 0.185320121875 0.2471562671875 0.1073108765625 0.2518347265625 0.0011813796874999998 0.2907185296875 0.012031660937499999 0.321608678125
0 0.1668046171875 0.18331043281249998 0.2854203171875 0.22216322187499998 0.330897309375 0.21862081406249997 0.3513957234375 0.199338996875 0.31631665625 0.1741807265625 0.25050235625 0.1549815421875 0.185165196875 0.14944590468750002 0.1632105734375 0.1736643625 0.1668046171875 0.18331043281249998
0 0.30200865625 0.1375483796875 0.4227188078125 0.1431046640625 0.449928165625 0.129451440625 0.4377580015625 0.1074018046875 0.39180386718750004 0.0972806640625 0.29441159687499996 0.10654462656250001 0.30200865625 0.1375483796875
0 0.0708499484375 0.09383125625 0.09430415625 0.112555371875 0.1551363734375 0.1289970625 0.1752010296875 0.1439309125 0.2249103109375 0.1216747140625 0.180914303125 0.0743532 0.1361437234375 0.051487679687499996 0.080838890625 0.0534189671875 0.0650499078125 0.067650540625 0.0708499484375 0.09383125625
0 0 0.23609021718749998 0.1101551265625 0.2400095109375 0.15024105625 0.22199799687500002 0.149832078125 0.21028638593750001 0.121804765625 0.2005163859375 0.082493409375 0.19407190624999998 0.0272567390625 0.197955128125 0 0.19007660937499998 0 0.23609021718749998
0 0.0472222765625 0.3965981015625 0.07297542500000001 0.3878815203125 0.1380399328125 0.3856094171875 0.183107946875 0.370355396875 0.20021681249999998 0.3472833140625 0.1721213375 0.33556137812500003 0.1330826328125 0.336924640625 0.06869975625 0.35871609531250004 0.04003419375 0.37730595624999996 0.0472222765625 0.3965981015625
0 0 0.42254099843750004 0.009274181250000001 0.4291923265625 0.059850978124999996 0.33850478906250003 0.0219276671875 0.3251717328125 0 0.3309163234375 0 0.42254099843750004