0 0.46015625 0.4484375 0.259375 0.18125
0 0.59921875 0.334375 0.0921875 0.1359375
0 0.6921875 0.3515625 0.1484375 0.1453125
0 0.48125 0.18671875 0.090625 0.1
0 0.43359375 0.19765625 0.0828125 0.1296875
0 0.390625 0.18125 0.09375 0.1109375
0 0.32734375 0.1421875 0.075 0.1
0 0.2453125 0.08515625 0.11875 0.0890625
0 0.22109375 0.19140625 0.0984375 0.10625
0 0.29765625 0.30859375 0.1140625 0.0953125
0 0.24375 0.38203125 0.1125 0.096875
0 0.2796875 0.45625 0.0984375 0.0953125
0 0.31484375 0.53359375 0.10625 0.0859375
0 0.221875 0.615625 0.1015625 0.13125
0 0.325 0.66015625 0.0984375 0.11875
0 0.4171875 0.7109375 0.128125 0.0890625
0 0.40859375 0.8921875 0.146875 0.1484375