0 0.35234375 0.4203125 0.2015625 0.125
0 0.52890625 0.321875 0.1203125 0.0796875
0 0.9171875 0.303125 0.11875 0.071875
0 0.53046875 0.8125 0.171875 0.1421875
0 0.43203125 0.7078125 0.140625 0.0625
0 0.33359375 0.77734375 0.1328125 0.0796875
0 0.24921875 0.81015625 0.121875 0.0765625
0 0.32734375 0.57109375 0.146875 0.10625
0 0.66328125 0.4453125 0.1265625 0.1046875
0 0.878125 0.40390625 0.115625 0.0984375
0 0.6203125 0.14375 0.1234375 0.1109375
0 0.40390625 0.659375 0.0703125 0.0453125
0 0.53671875 0.50859375 0.0796875 0.0703125
0 0.22265625 0.94453125 0.0734375 0.0625
0 0.9609375 0.42734375 0.078125 0.0640625
0 0.38828125 0.1015625 0.0859375 0.059375
0 0.44375 0.3453125 0.053125 0.0546875
0 0.353125 0.18671875 0.0953125 0.0875
0 0.02578125 0.46953125 0.0515625 0.0671875
0 0.3171875 0.6859375 0.0734375 0.0640625
0 0.190625 0.08203125 0.053125 0.0546875
0 0.54453125 0.13671875 0.0640625 0.0578125
0 0.17578125 0.55703125 0.06875 0.078125
0 0.92578125 0.79296875 0.084375 0.078125
0 0.15859375 0.6421875 0.071875 0.090625
0 0.08203125 0.18828125 0.0671875 0.0578125
0 0.72421875 0.14296875 0.059375 0.0515625
0 0.11328125 0.496875 0.0546875 0.0484375
0 0.796875 0.7296875 0.1328125 0.0796875
0 0.11640625 0.77734375 0.053125 0.06875
0 0.40546875 0.034375 0.0734375 0.06875
0 0.9515625 0.190625 0.0953125 0.0640625
0 0.10546875 0.1171875 0.084375 0.0609375
0 0.32578125 0.30625 0.065625 0.065625
0 0.89140625 0.97578125 0.0609375 0.0484375
0 0.26171875 0.8765625 0.0515625 0.0359375
0 0.79453125 0.81484375 0.1296875 0.0828125