0 0.64453125 0.321875 0.175 0.153125
0 0.55078125 0.41015625 0.0671875 0.103125
0 0.5015625 0.340625 0.0625 0.0859375
0 0.44765625 0.3578125 0.05 0.0734375
0 0.43671875 0.26953125 0.0609375 0.0953125
0 0.45859375 0.2125 0.0640625 0.0890625
0 0.578125 0.2171875 0.0921875 0.1140625
0 0.89140625 0.325 0.1140625 0.13125
0 0.9546875 0.41640625 0.0875 0.0953125
0 0.52421875 0.66640625 0.1296875 0.109375
0 0.23046875 0.48828125 0.0609375 0.103125
0 0.29609375 0.49375 0.09375 0.090625
0 0.1078125 0.515625 0.1 0.13125
0 0.20703125 0.57890625 0.0828125 0.1125
0 0.21171875 0.69765625 0.1046875 0.1125
0 0.13359375 0.71953125 0.09375 0.0984375
0 0.44296875 0.71484375 0.078125 0.08125
0 0.62109375 0.5140625 0.071875 0.1140625
0 0.278125 0.4734375 0.0640625 0.06875
0 0.43671875 0.69140625 0.0703125 0.065625
0 0.490625 0.55859375 0.0546875 0.065625
0 0.8 0.66171875 0.0609375 0.0890625
0 0.5546875 0.5921875 0.05 0.0671875
0 0.9359375 0.74921875 0.0859375 0.078125
0 0.64140625 0.66484375 0.0671875 0.06875
0 0.88828125 0.6265625 0.071875 0.1296875
0 0.06484375 0.63984375 0.04375 0.04375
0 0.74921875 0.56796875 0.0484375 0.075
0 0.94453125 0.65078125 0.071875 0.1265625
0 0.709375 0.58828125 0.046875 0.06875
0 0.6609375 0.60703125 0.0546875 0.0640625