0 0.45859375 0.29453125 0.1453125 0.1640625
0 0.496875 0.46796875 0.13125 0.18125
0 0.61484375 0.4015625 0.125 0.146875
0 0.58203125 0.47734375 0.1265625 0.1765625
0 0.66953125 0.57578125 0.11875 0.1375
0 0.73828125 0.70703125 0.10625 0.1546875
0 0.61875 0.67890625 0.1046875 0.1609375
0 0.5375 0.56875 0.1125 0.1578125
0 0.43984375 0.68515625 0.109375 0.171875
0 0.57890625 0.80703125 0.1296875 0.1578125
0 0.690625 0.83203125 0.109375 0.1953125
0 0.9078125 0.87421875 0.153125 0.1390625
0 0.7921875 0.9453125 0.190625 0.109375
0 0.33984375 0.4671875 0.1125 0.221875
0 0.28515625 0.26015625 0.134375 0.1765625
0 0.171875 0.284375 0.178125 0.16875
0 0.16953125 0.12421875 0.153125 0.14375
0 0.2765625 0.0609375 0.1375 0.121875