0 0.5328125 0.5 0.203125 0.1453125
0 0.7046875 0.52578125 0.175 0.171875
0 0.55234375 0.65234375 0.234375 0.134375
0 0.76015625 0.70546875 0.165625 0.140625
0 0.61015625 0.3765625 0.175 0.1796875
0 0.50703125 0.3953125 0.140625 0.1140625
0 0.43515625 0.33125 0.159375 0.1421875
0 0.30859375 0.24609375 0.1875 0.1265625
0 0.1265625 0.08828125 0.1296875 0.134375
0 0.1421875 0.303125 0.1765625 0.096875
0 0.42421875 0.4578125 0.190625 0.1390625
0 0.3125 0.55859375 0.203125 0.1390625
0 0.19453125 0.41796875 0.1828125 0.1390625
0 0.29765625 0.60078125 0.159375 0.1671875
0 0.2703125 0.33828125 0.140625 0.0921875
0 0.3296875 0.384375 0.1265625 0.090625
0 0.95703125 0.73125 0.0859375 0.109375
0 0.421875 0.7390625 0.209375 0.09375
0 0.8765625 0.81953125 0.121875 0.159375