0 0.571875 0.44609375 0.0609375 0.05
0 0.5484375 0.51484375 0.05 0.084375
0 0.5203125 0.5328125 0.0578125 0.1046875
0 0.47578125 0.5171875 0.0390625 0.075
0 0.43125 0.5296875 0.05625 0.0953125
0 0.4796875 0.68515625 0.046875 0.06875
0 0.434375 0.6640625 0.0609375 0.05
0 0.38984375 0.62578125 0.04375 0.0515625
0 0.36953125 0.52734375 0.0375 0.096875
0 0.3453125 0.60703125 0.0296875 0.0578125
0 0.30625 0.5453125 0.0515625 0.0734375
0 0.26875 0.50703125 0.03125 0.025
0 0.2515625 0.53359375 0.03125 0.0828125
0 0.80546875 0.42578125 0.0546875 0.06875
0 0.85 0.4921875 0.046875 0.0625
0 0.74765625 0.43125 0.0484375 0.0515625
0 0.7796875 0.4390625 0.021875 0.040625
0 0.49765625 0.753125 0.0171875 0.0421875
0 0.715625 0.67578125 0.0265625 0.0453125
0 0.7953125 0.84453125 0.034375 0.0359375
0 0.70078125 0.7171875 0.021875 0.05
0 0.65625 0.66015625 0.028125 0.05
0 0.50078125 0.88671875 0.025 0.0375
0 0.35703125 0.79375 0.028125 0.028125
0 0.315625 0.7453125 0.053125 0.0609375
0 0.18125 0.6015625 0.059375 0.065625
0 0.15 0.521875 0.0484375 0.0515625
0 0.2296875 0.68515625 0.065625 0.05
0 0.2515625 0.740625 0.0515625 0.0515625
0 0.2453125 0.8296875 0.0234375 0.0796875
0 0.25859375 0.88671875 0.03125 0.034375
0 0.18515625 0.7046875 0.034375 0.0359375
0 0.065625 0.74609375 0.0328125 0.109375
0 0.0515625 0.66875 0.03125 0.0890625
0 0.20546875 0.73984375 0.034375 0.0375
0 0.10703125 0.7 0.0484375 0.0453125
0 0.59921875 0.584375 0.0578125 0.0703125
0 0.1234375 0.73984375 0.040625 0.0328125
0 0.2140625 0.96796875 0.03125 0.034375
0 0.84921875 0.21796875 0.040625 0.040625
0 0.09140625 0.54296875 0.0359375 0.06875
0 0.17890625 0.8 0.01875 0.0484375
0 0.625 0.47109375 0.05 0.0578125
0 0.721875 0.7140625 0.03125 0.034375
0 0.69453125 0.57890625 0.0265625 0.0328125
0 0.13203125 0.66796875 0.0296875 0.03125
0 0.1015625 0.66015625 0.0328125 0.0328125
0 0.309375 0.80390625 0.03125 0.034375
0 0.22265625 0.7890625 0.0203125 0.05
0 0.83359375 0.35234375 0.071875 0.05
0 0.13046875 0.61015625 0.028125 0.065625
0 0.5015625 0.6234375 0.03125 0.0265625
0 0.16015625 0.684375 0.028125 0.0921875
0 0.30546875 0.85 0.046875 0.0421875
0 0.0546875 0.52890625 0.0390625 0.040625