0 0.7484375 0.6265625 0.2203125 0.265625
0 0.76875 0.39453125 0.2390625 0.225
0 0.72890625 0.21875 0.19375 0.28125
0 0.5734375 0.1421875 0.084375 0.1109375
0 0.6046875 0.31875 0.18125 0.275
0 0.415625 0.2265625 0.1453125 0.184375
0 0.484375 0.3296875 0.096875 0.1265625
0 0.4765625 0.45 0.190625 0.225
0 0.52421875 0.64921875 0.15625 0.203125
0 0.4078125 0.54453125 0.121875 0.2296875
0 0.3 0.58125 0.2390625 0.3265625
0 0.26640625 0.4171875 0.1125 0.1234375
0 0.23359375 0.66796875 0.2625 0.3609375
0 0.18984375 0.88046875 0.21875 0.178125