0 0.77109375 0.66796875 0.121875 0.115625
0 0.684375 0.590625 0.0859375 0.0890625
0 0.61171875 0.52109375 0.0921875 0.08125
0 0.6703125 0.5515625 0.071875 0.078125
0 0.7390625 0.5921875 0.0828125 0.0953125
0 0.69765625 0.69609375 0.0875 0.0828125
0 0.57109375 0.465625 0.040625 0.0359375
0 0.52734375 0.6484375 0.0546875 0.0453125
0 0.353125 0.340625 0.04375 0.053125
0 0.634375 0.43984375 0.0296875 0.0359375
0 0.453125 0.63984375 0.040625 0.0359375
0 0.5890625 0.4046875 0.0328125 0.028125
0 0.49921875 0.3703125 0.04375 0.0375
0 0.6375 0.40546875 0.028125 0.03125
0 0.3125 0.38203125 0.040625 0.0421875
0 0.48984375 0.42265625 0.040625 0.034375