0 0.36484375 0.6375 0.128125 0.096875
0 0.50703125 0.79296875 0.1140625 0.078125
0 0.65546875 0.871875 0.1140625 0.05
0 0.62109375 0.96640625 0.15 0.0640625
0 0.82109375 0.93125 0.0953125 0.09375
0 0.7015625 0.7921875 0.1171875 0.078125
0 0.58515625 0.19453125 0.1515625 0.084375
0 0.640625 0.38359375 0.121875 0.0625
0 0.8828125 0.45859375 0.13125 0.1015625
0 0.915625 0.7171875 0.16875 0.11875
0 0.7546875 0.17265625 0.1109375 0.084375
0 0.55078125 0.06796875 0.1359375 0.0640625
0 0.39296875 0.1078125 0.159375 0.06875
0 0.23828125 0.165625 0.1734375 0.0625
0 0.1140625 0.2125 0.15 0.06875
0 0.1359375 0.29375 0.1 0.075
0 0.0265625 0.4078125 0.053125 0.078125
0 0.178125 0.40234375 0.165625 0.1328125
0 0.0484375 0.7171875 0.096875 0.06875
0 0.16171875 0.8421875 0.1046875 0.090625
0 0.05078125 0.9046875 0.1015625 0.0859375
0 0.3015625 0.8515625 0.109375 0.090625
0 0.5390625 0.6703125 0.1171875 0.084375
0 0.9359375 0.03359375 0.1125 0.0671875
0 0.75390625 0.03125 0.1328125 0.0625
0 0.46484375 0.0234375 0.09375 0.046875
0 0.29921875 0.03671875 0.0859375 0.0734375