0 0.63671875 0.39453125 0.1671875 0.184375
0 0.78671875 0.41484375 0.128125 0.1484375
0 0.89375 0.559375 0.146875 0.134375
0 0.72421875 0.5546875 0.096875 0.2671875
0 0.81953125 0.66328125 0.1171875 0.128125
0 0.67109375 0.7 0.146875 0.134375
0 0.6671875 0.80703125 0.15625 0.196875
0 0.56171875 0.8703125 0.1484375 0.1421875
0 0.4765625 0.78515625 0.1125 0.10625
0 0.5734375 0.70703125 0.1234375 0.1484375
0 0.5796875 0.575 0.1671875 0.13125
0 0.4296875 0.5171875 0.2078125 0.2359375
0 0.3984375 0.30390625 0.2734375 0.2171875
0 0.15625 0.51171875 0.15 0.1984375
0 0.21796875 0.83671875 0.18125 0.1765625
0 0.10078125 0.7203125 0.1640625 0.146875
0 0.065625 0.23046875 0.13125 0.2578125
0 0.03359375 0.50625 0.0671875 0.159375
0 0.93515625 0.09609375 0.0890625 0.1921875
0 0.95078125 0.740625 0.0984375 0.221875