0 0.31640625 0.2921875 0.2015625 0.1453125
0 0.5328125 0.62890625 0.109375 0.134375
0 0.4984375 0.41171875 0.084375 0.090625
0 0.44921875 0.240625 0.1140625 0.1109375
0 0.61640625 0.79765625 0.1484375 0.096875
0 0.55390625 0.2984375 0.0515625 0.075
0 0.496875 0.059375 0.0515625 0.075
0 0.69453125 0.50703125 0.0890625 0.071875
0 0.64609375 0.35234375 0.06875 0.0625
0 0.46015625 0.6625 0.0734375 0.06875
0 0.4671875 0.54140625 0.0640625 0.0796875
0 0.609375 0.29453125 0.071875 0.0546875
0 0.63125 0.59765625 0.1015625 0.0796875
0 0.54765625 0.16796875 0.05 0.0609375
0 0.63359375 0.20390625 0.0828125 0.0765625
0 0.60859375 0.39765625 0.06875 0.075
0 0.61953125 0.46796875 0.0796875 0.0640625
0 0.59921875 0.14140625 0.0515625 0.06875
0 0.47578125 0.72578125 0.065625 0.06875
0 0.50859375 0.121875 0.053125 0.06875
0 0.5484375 0.08203125 0.05 0.0671875
0 0.49375 0.7984375 0.0421875 0.065625
0 0.6234375 0.54140625 0.0859375 0.075
0 0.5890625 0.21875 0.046875 0.0609375