0 0.7 0.484375 0.10625 0.115625
0 0.6015625 0.47421875 0.078125 0.0921875
0 0.459375 0.44140625 0.1015625 0.10625
0 0.3796875 0.46640625 0.0765625 0.1078125
0 0.328125 0.51484375 0.0859375 0.0953125
0 0.259375 0.5765625 0.084375 0.1125
0 0.1953125 0.6234375 0.096875 0.1140625
0 0.12734375 0.67734375 0.1171875 0.1515625
0 0.09140625 0.56875 0.06875 0.0703125
0 0.21171875 0.53125 0.0609375 0.0609375
0 0.48203125 0.55 0.0828125 0.1
0 0.853125 0.48203125 0.10625 0.1125
0 0.94375 0.43046875 0.10625 0.109375