0 0.490625 0.5171875 0.0546875 0.1171875
0 0.55234375 0.4671875 0.0625 0.103125
0 0.45 0.52734375 0.078125 0.0984375
0 0.4515625 0.63828125 0.05625 0.109375
0 0.4015625 0.56953125 0.0734375 0.0984375
0 0.375 0.6078125 0.078125 0.0671875
0 0.38828125 0.66875 0.0765625 0.075
0 0.32734375 0.70078125 0.0515625 0.0828125
0 0.29921875 0.63671875 0.053125 0.0953125
0 0.2453125 0.625 0.0671875 0.0703125
0 0.2390625 0.6796875 0.0546875 0.0609375
0 0.1546875 0.68671875 0.071875 0.10625
0 0.34140625 0.83515625 0.05625 0.065625
0 0.3625 0.7296875 0.059375 0.0703125
0 0.1609375 0.79921875 0.0640625 0.075
0 0.1046875 0.7640625 0.046875 0.0703125
0 0.121875 0.46484375 0.0703125 0.10625
0 0.19921875 0.4453125 0.05 0.0734375
0 0.25078125 0.5125 0.0640625 0.0859375
0 0.1859375 0.51640625 0.0609375 0.0625