0 0.57421875 0.32578125 0.0875 0.0625
0 0.83828125 0.36953125 0.1140625 0.0921875
0 0.90859375 0.2015625 0.075 0.0875
0 0.83046875 0.18828125 0.0703125 0.05625
0 0.6859375 0.17890625 0.090625 0.028125
0 0.58359375 0.12890625 0.0890625 0.0640625
0 0.28671875 0.32734375 0.0921875 0.0734375
0 0.271875 0.3984375 0.08125 0.0828125
0 0.26171875 0.69140625 0.0875 0.06875
0 0.52890625 0.89921875 0.1484375 0.0875
0 0.6828125 0.76875 0.0671875 0.0765625
0 0.59921875 0.78515625 0.0796875 0.0515625
0 0.71484375 0.72265625 0.11875 0.059375
0 0.8171875 0.58203125 0.090625 0.0578125
0 0.56484375 0.67265625 0.1828125 0.0859375
0 0.53515625 0.615625 0.10625 0.0921875
0 0.4703125 0.58359375 0.10625 0.128125
0 0.37109375 0.953125 0.1171875 0.078125
0 0.515625 0.878125 0.0921875 0.05390625
0 0.56484375 0.33671875 0.05 0.0796875
0 0.36796875 0.559375 0.0984375 0.07578125
0 0.4109375 0.6234375 0.04609375 0.0421875
0 0.809375 0.84453125 0.071875 0.04140625
0 0.69375 0.57421875 0.0828125 0.1
0 0.61953125 0.559375 0.07734375 0.07890625
0 0.40703125 0.5015625 0.0609375 0.0609375
0 0.8734375 0.0234375 0.07109375 0.0296875
0 0.8390625 0.9078125 0.11171875 0.08359375
0 0.8734375 0.53984375 0.04921875 0.04765625
0 0.18984375 0.4109375 0.05546875 0.03515625
0 0.12109375 0.54765625 0.0390625 0.04609375
0 0.49609375 0.4140625 0.0453125 0.03125
0 0.4375 0.41015625 0.0671875 0.03984375
0 0.42578125 0.45390625 0.03984375 0.04140625
0 0.60234375 0.49921875 0.09609375 0.04296875
0 0.2015625 0.5609375 0.08984375 0.03515625
0 0.4640625 0.509375 0.08125 0.05
0 0.20078125 0.21015625 0.08828125 0.07109375
0 0.02109375 0.59453125 0.0421875 0.0609375
0 0.8328125 0.5015625 0.0515625 0.040625
0 0.28125 0.24453125 0.08671875 0.1078125
0 0.94921875 0.90546875 0.05546875 0.02734375
0 0.83125 0.5515625 0.04921875 0.0328125
0 0.67578125 0.49375 0.06953125 0.0296875
0 0.8921875 0.8609375 0.05 0.040625
0 0.34921875 0.05234375 0.0328125 0.0421875
0 0.95546875 0.60234375 0.04453125 0.03515625
0 0.090625 0.2484375 0.0546875 0.03125
0 0.96796875 0.93046875 0.0609375 0.0328125
0 0.928125 0.8640625 0.03984375 0.040625
0 0.9046875 0.946875 0.09140625 0.05625
0 0.1046875 0.2921875 0.15078125 0.06015625
0 0.12578125 0.1203125 0.05859375 0.06484375
0 0.1421875 0.04765625 0.065625 0.053125
0 0.9890625 0.81953125 0.02109375 0.04375
0 0.97734375 0.61953125 0.0453125 0.0296875
0 0.1875 0.04296875 0.06171875 0.08046875
0 0.02421875 0.9859375 0.04453125 0.02734375
0 0.87890625 0.97109375 0.05703125 0.0546875
0 0.3078125 0.021875 0.0421875 0.04375
0 0.075 0.10625 0.0609375 0.03046875
0 0.315625 0.2078125 0.06953125 0.05
0 0.58984375 0.52265625 0.0734375 0.0453125
0 0.01171875 0.85546875 0.021875 0.02578125