0 0.4921875 0.46796875 0.1640625 0.2140625
0 0.42578125 0.3078125 0.1875 0.1890625
0 0.33984375 0.4859375 0.15625 0.24375
0 0.2375 0.296875 0.1546875 0.1765625
0 0.59296875 0.36328125 0.1953125 0.190625
0 0.6 0.46796875 0.1265625 0.15
0 0.67890625 0.52265625 0.15625 0.1703125
0 0.7921875 0.62421875 0.14375 0.196875
0 0.95859375 0.76171875 0.0828125 0.1421875
0 0.77734375 0.79921875 0.1140625 0.1828125
0 0.559375 0.56328125 0.15625 0.2015625
0 0.48828125 0.69609375 0.15625 0.2140625
0 0.65390625 0.7765625 0.1546875 0.19375
0 0.65703125 0.6375 0.103125 0.1328125
0 0.16640625 0.10078125 0.1109375 0.1109375
0 0.7140625 0.6875 0.1046875 0.13125
0 0.10078125 0.2140625 0.1640625 0.128125
0 0.28671875 0.63203125 0.1109375 0.2109375
0 0.7296875 0.90703125 0.1265625 0.125
0 0.71015625 0.440625 0.1140625 0.153125