0 0.45078125 0.54296875 0.2375 0.140625
0 0.565625 0.68203125 0.06875 0.1265625
0 0.66015625 0.68203125 0.128125 0.1234375
0 0.421875 0.80390625 0.0765625 0.0875
0 0.3765625 0.784375 0.0609375 0.121875
0 0.33125 0.7921875 0.0765625 0.0984375
0 0.2625 0.81796875 0.059375 0.0921875
0 0.17109375 0.85859375 0.1078125 0.0703125
0 0.16796875 0.74921875 0.0828125 0.0921875
0 0.26484375 0.64921875 0.1015625 0.078125
0 0.22578125 0.5671875 0.1 0.0796875
0 0.27578125 0.50078125 0.0859375 0.08125
0 0.32421875 0.43203125 0.0953125 0.06875
0 0.24921875 0.33359375 0.0796875 0.11875
0 0.359375 0.309375 0.0796875 0.10625
0 0.45859375 0.27734375 0.11875 0.0671875
0 0.48515625 0.09765625 0.125 0.1265625