0 0.5390625 0.446875 0.2640625 0.1921875
0 0.39375 0.3390625 0.0984375 0.140625
0 0.30078125 0.36171875 0.1546875 0.1515625
0 0.5046875 0.18515625 0.0953125 0.1046875
0 0.553125 0.19296875 0.0890625 0.1328125
0 0.5953125 0.17421875 0.0984375 0.1140625
0 0.65625 0.13203125 0.0796875 0.1046875
0 0.7359375 0.0703125 0.1203125 0.09375
0 0.765625 0.17578125 0.1015625 0.109375
0 0.6953125 0.296875 0.11875 0.1015625
0 0.75234375 0.36796875 0.1171875 0.1015625
0 0.7203125 0.4453125 0.103125 0.0984375
0 0.68984375 0.5234375 0.1078125 0.0875
0 0.7875 0.60234375 0.10625 0.134375
0 0.68515625 0.6515625 0.103125 0.121875
0 0.596875 0.7078125 0.1296875 0.09375
0 0.6140625 0.8890625 0.153125 0.153125