0 0.184375 0.7328125 0.1140625 0.11875
0 0.14453125 0.66328125 0.0875 0.0984375
0 0.19453125 0.54921875 0.0984375 0.115625
0 0.28671875 0.31640625 0.1171875 0.1109375
0 0.36796875 0.2640625 0.0890625 0.0984375
0 0.51796875 0.30234375 0.0765625 0.1078125
0 0.58046875 0.278125 0.0796875 0.109375
0 0.5984375 0.3765625 0.1015625 0.1203125
0 0.496875 0.46171875 0.0875 0.0921875
0 0.48828125 0.5328125 0.084375 0.090625
0 0.66328125 0.5546875 0.0671875 0.0921875
0 0.725 0.403125 0.065625 0.1046875
0 0.734375 0.140625 0.125 0.1703125
0 0.6765625 0.10703125 0.065625 0.1015625
0 0.575 0.18515625 0.08125 0.1015625
0 0.58359375 0.73671875 0.071875 0.10625
0 0.58203125 0.846875 0.1015625 0.1375
0 0.69765625 0.94921875 0.0796875 0.1015625
0 0.7265625 0.97109375 0.084375 0.0578125
0 0.73359375 0.83671875 0.0796875 0.1046875
0 0.05859375 0.7546875 0.115625 0.1515625