0 0.5859375 0.603125 0.08125 0.14375
0 0.61015625 0.7609375 0.071875 0.1640625
0 0.5953125 0.3609375 0.071875 0.128125
0 0.5453125 0.43046875 0.096875 0.134375
0 0.47109375 0.43046875 0.0546875 0.1890625
0 0.396875 0.57265625 0.0625 0.1609375
0 0.35078125 0.69609375 0.0828125 0.1359375
0 0.42890625 0.69375 0.0578125 0.125
0 0.51796875 0.80625 0.0578125 0.1296875
0 0.6796875 0.19140625 0.0671875 0.125
0 0.553125 0.15078125 0.05625 0.115625
0 0.4984375 0.1421875 0.059375 0.1125
0 0.53203125 0.246875 0.0984375 0.1546875
0 0.40390625 0.1921875 0.0765625 0.0796875
0 0.36640625 0.79453125 0.05703125 0.0984375
0 0.60625 0.17890625 0.04453125 0.10859375
0 0.52265625 0.54140625 0.0515625 0.11640625
0 0.45625 0.76875 0.05859375 0.08203125
0 0.41171875 0.44453125 0.05390625 0.06015625
0 0.41796875 0.0734375 0.05546875 0.0953125
0 0.63671875 0.2890625 0.06484375 0.07109375
0 0.3578125 0.55859375 0.04765625 0.1265625
0 0.63984375 0.43515625 0.0390625 0.1
0 0.4609375 0.95390625 0.0515625 0.0890625
0 0.4625 0.2796875 0.0421875 0.0578125
0 0.38125 0.4625 0.0609375 0.06796875
0 0.6921875 0.034375 0.0578125 0.0671875
0 0.375 0.93671875 0.06640625 0.09296875
0 0.5 0.70390625 0.03671875 0.071875
0 0.50625 0.046875 0.040625 0.08984375
0 0.4609375 0.02890625 0.059375 0.05703125
0 0.41953125 0.253125 0.0265625 0.06953125
0 0.33359375 0.11171875 0.04453125 0.11328125
0 0.28203125 0.3234375 0.03828125 0.06171875
0 0.56875 0.81015625 0.04609375 0.06640625
0 0.66640625 0.365625 0.053125 0.05234375
0 0.63671875 0.03359375 0.03203125 0.0671875
0 0.7703125 0.1578125 0.03984375 0.06875
0 0.23828125 0.75859375 0.03671875 0.1
0 0.4046875 0.3875 0.040625 0.06875
0 0.4390625 0.55546875 0.0390625 0.08203125
0 0.22265625 0.85625 0.03984375 0.07890625
0 0.5 0.91171875 0.03515625 0.0765625
0 0.25234375 0.21953125 0.03359375 0.078125