0 0.51953125 0.496875 0.121875 0.0734375
0 0.45234375 0.53984375 0.1109375 0.078125
0 0.54140625 0.4609375 0.1078125 0.0921875
0 0.64609375 0.496875 0.1140625 0.0734375
0 0.596875 0.428125 0.1078125 0.0875
0 0.64140625 0.41484375 0.078125 0.0859375
0 0.69453125 0.4453125 0.0859375 0.0875
0 0.74453125 0.39765625 0.0890625 0.0640625
0 0.69140625 0.3515625 0.1015625 0.0671875
0 0.69765625 0.29609375 0.078125 0.0765625
0 0.7515625 0.3078125 0.06875 0.0625
0 0.784375 0.2296875 0.1140625 0.0875
0 0.86796875 0.45234375 0.0734375 0.065625
0 0.7609375 0.440625 0.078125 0.06875
0 0.8890625 0.2703125 0.0828125 0.075
0 0.87265625 0.20546875 0.075 0.0578125
0 0.58359375 0.1296875 0.1140625 0.0875
0 0.540625 0.196875 0.0796875 0.0609375
0 0.5890625 0.2671875 0.09375 0.0765625
0 0.6125 0.20625 0.071875 0.06875
0 0.93125 0.234375 0.0734375 0.05625
0 0.67265625 0.26328125 0.059375 0.0375
0 0.6859375 0.2375 0.046875 0.04375
0 0.67421875 0.19765625 0.0546875 0.05625
0 0.46171875 0.6265625 0.075 0.05
0 0.54921875 0.6046875 0.0703125 0.053125
0 0.78984375 0.56171875 0.065625 0.046875
0 0.5078125 0.6046875 0.0578125 0.053125
0 0.88125 0.3328125 0.0765625 0.065625
0 0.74609375 0.48515625 0.053125 0.0375
0 0.84609375 0.33359375 0.0484375 0.0484375
0 0.86171875 0.30625 0.0484375 0.0390625
0 0.27578125 0.84453125 0.0625 0.0546875
0 0.59375 0.5734375 0.0703125 0.0515625
0 0.1515625 0.4859375 0.053125 0.04375
0 0.2 0.7359375 0.0609375 0.0625
0 0.8796875 0.18125 0.0515625 0.0390625
0 0.1125 0.8296875 0.0625 0.0484375
0 0.21171875 0.490625 0.0484375 0.05625