0 0.77890625 0.653125 0.1171875 0.1109375
0 0.68828125 0.58125 0.0828125 0.0859375
0 0.6125 0.51484375 0.0890625 0.0765625
0 0.6734375 0.5421875 0.06875 0.075
0 0.74375 0.5796875 0.0796875 0.0921875
0 0.7078125 0.68515625 0.084375 0.0796875
0 0.56953125 0.46171875 0.0390625 0.034375
0 0.53515625 0.646875 0.053125 0.04375
0 0.34453125 0.3484375 0.0421875 0.0515625
0 0.63125 0.4328125 0.028125 0.034375
0 0.4609375 0.6421875 0.0390625 0.034375
0 0.584375 0.40078125 0.03125 0.0265625
0 0.4921875 0.3703125 0.0421875 0.0359375
0 0.6328125 0.3984375 0.0265625 0.0296875
0 0.30625 0.39140625 0.0390625 0.040625
0 0.4859375 0.4234375 0.0390625 0.0328125