0 0.65859375 0.66484375 0.134375 0.1609375
0 0.5828125 0.5609375 0.096875 0.05625
0 0.6578125 0.52109375 0.08125 0.053125
0 0.64765625 0.46484375 0.06875 0.0421875
0 0.73671875 0.46484375 0.090625 0.05
0 0.790625 0.49375 0.0828125 0.0546875
0 0.77109375 0.61171875 0.10625 0.0796875
0 0.62578125 0.91015625 0.1203125 0.1015625
0 0.528125 0.9609375 0.0875 0.078125
0 0.33203125 0.50390625 0.096875 0.1203125
0 0.54453125 0.234375 0.0984375 0.05
0 0.53125 0.2984375 0.08125 0.0859375
0 0.5328125 0.10859375 0.1234375 0.0875
0 0.4578125 0.2 0.1046875 0.0703125
0 0.3390625 0.18984375 0.103125 0.09375
0 0.3265625 0.109375 0.090625 0.084375
0 0.29375 0.4171875 0.0734375 0.0703125
0 0.47109375 0.61796875 0.1078125 0.059375
0 0.4453125 0.48203125 0.059375 0.046875
0 0.3203125 0.61875 0.0578125 0.0578125
0 0.46640625 0.0734375 0.0484375 0.06875
0 0.303125 0.77734375 0.0828125 0.05
0 0.3765625 0.646875 0.0546875 0.0484375
0 0.48984375 0.2453125 0.04375 0.0484375
0 0.29140625 0.52734375 0.0578125 0.059375
0 0.50078125 0.821875 0.1015625 0.0703125
0 0.40625 0.73984375 0.06875 0.0421875
0 0.42578125 0.428125 0.0859375 0.0359375
0 0.3875 0.696875 0.065625 0.0421875
0 0.32265625 0.8703125 0.125 0.05625
0 0.26796875 0.90546875 0.1953125 0.1078125
0 0.20234375 0.90078125 0.0734375 0.084375
0 0.415625 0.05078125 0.0375 0.0375