0 0.5515625 0.45859375 0.2375 0.1359375
0 0.4390625 0.3171875 0.0671875 0.128125
0 0.34375 0.31484375 0.128125 0.121875
0 0.5859375 0.196875 0.075 0.0875
0 0.63046875 0.2171875 0.059375 0.121875
0 0.6765625 0.21015625 0.075 0.0984375
0 0.74609375 0.18515625 0.0578125 0.0921875
0 0.8390625 0.14609375 0.10625 0.06875
0 0.840625 0.25546875 0.08125 0.0921875
0 0.74140625 0.3546875 0.1015625 0.078125
0 0.778125 0.4375 0.1 0.078125
0 0.72734375 0.50390625 0.0859375 0.0796875
0 0.67734375 0.571875 0.09375 0.065625
0 0.75078125 0.6734375 0.078125 0.11875
0 0.63984375 0.69453125 0.078125 0.1046875
0 0.53984375 0.72578125 0.1171875 0.065625
0 0.509375 0.90546875 0.125 0.125