0 0.61640625 0.5828125 0.128125 0.18125
0 0.640625 0.38828125 0.1453125 0.18125
0 0.784375 0.61796875 0.215625 0.2875
0 0.8234375 0.31796875 0.1890625 0.2578125
0 0.734375 0.12734375 0.1625 0.2546875
0 0.5625 0.0609375 0.165625 0.121875
0 0.36875 0.07421875 0.2203125 0.1453125
0 0.51015625 0.24765625 0.1578125 0.259375
0 0.48984375 0.48984375 0.190625 0.13125
0 0.39375 0.38203125 0.165625 0.2046875
0 0.68203125 0.79921875 0.1453125 0.2140625
0 0.8125 0.921875 0.171875 0.109375
0 0.5140625 0.71328125 0.1125 0.165625
0 0.39609375 0.18828125 0.1 0.15625