0 0.46171875 0.44609375 0.1484375 0.24375
0 0.3140625 0.5515625 0.13125 0.0734375
0 0.30703125 0.64609375 0.128125 0.134375
0 0.2015625 0.3984375 0.090625 0.0796875
0 0.22421875 0.3546875 0.125 0.065625
0 0.21953125 0.30859375 0.1015625 0.0796875
0 0.1984375 0.2375 0.0953125 0.0625
0 0.1640625 0.14296875 0.0734375 0.109375
0 0.2734375 0.146875 0.096875 0.0859375
0 0.3671875 0.2515625 0.0828125 0.10625
0 0.45234375 0.21875 0.0828125 0.1046875
0 0.515625 0.2734375 0.084375 0.090625
0 0.58125 0.3265625 0.0703125 0.096875
0 0.6859375 0.25859375 0.1234375 0.084375
0 0.7015625 0.3703125 0.109375 0.0828125
0 0.72734375 0.471875 0.071875 0.1203125
0 0.90546875 0.51171875 0.13125 0.13125