0 0.371875 0.68984375 0.1828125 0.1640625
0 0.45703125 0.59375 0.075 0.1046875
0 0.5125 0.65859375 0.0671875 0.0890625
0 0.56484375 0.63671875 0.05625 0.075
0 0.58359375 0.72421875 0.0671875 0.0984375
0 0.56640625 0.7828125 0.0703125 0.090625
0 0.446875 0.78828125 0.1 0.11875
0 0.125 0.70859375 0.121875 0.1375
0 0.05390625 0.6234375 0.09375 0.1
0 0.46171875 0.33671875 0.1359375 0.1171875
0 0.76953125 0.48828125 0.06875 0.1046875
0 0.703125 0.4890625 0.1 0.0953125
0 0.8890625 0.45078125 0.109375 0.1375
0 0.78515625 0.39609375 0.090625 0.115625
0 0.7703125 0.278125 0.1125 0.11875
0 0.84609375 0.24921875 0.1 0.1046875
0 0.53828125 0.28125 0.0828125 0.0859375
0 0.378125 0.496875 0.0796875 0.1171875