0 0.59375 0.38359375 0.0875 0.0796875
0 0.546875 0.2703125 0.046875 0.096875
0 0.4484375 0.496875 0.0359375 0.103125
0 0.3421875 0.56953125 0.0640625 0.1296875
0 0.540625 0.81796875 0.0953125 0.0671875
0 0.7421875 0.853125 0.0625 0.078125
0 0.746875 0.30234375 0.053125 0.1015625
0 0.41875 0.48046875 0.034375 0.05625
0 0.17265625 0.53671875 0.05 0.06328125
0 0.5625 0.52890625 0.03125 0.06484375
0 0.425 0.1921875 0.0390625 0.07734375
0 0.2671875 0.2921875 0.02578125 0.06015625
0 0.11640625 0.2515625 0.03515625 0.06484375
0 0.7875 0.59765625 0.0359375 0.03515625
0 0.47578125 0.63984375 0.02734375 0.06875
0 0.6734375 0.66953125 0.04375 0.03203125
0 0.8875 0.553125 0.0375 0.03203125
0 0.60625 0.68125 0.04140625 0.03046875
0 0.23203125 0.453125 0.0328125 0.0578125
0 0.3203125 0.4671875 0.034375 0.04296875
0 0.125 0.5984375 0.03828125 0.04296875
0 0.5421875 0.60625 0.03125 0.05390625
0 0.48984375 0.5171875 0.0484375 0.04375
0 0.8484375 0.19921875 0.0328125 0.03359375
0 0.21640625 0.7328125 0.05234375 0.0578125
0 0.3421875 0.0734375 0.0296875 0.04921875
0 0.490625 0.7046875 0.03359375 0.0515625
0 0.72265625 0.63515625 0.021875 0.04140625
0 0.68046875 0.5390625 0.025 0.03984375
0 0.1796875 0.45859375 0.0296875 0.04921875
0 0.35546875 0.50078125 0.046875 0.0375
0 0.0640625 0.6296875 0.0234375 0.04921875
0 0.17421875 0.1703125 0.034375 0.0390625
0 0.2203125 0.65703125 0.0421875 0.05
0 0.59140625 0.0328125 0.0359375 0.06328125
0 0.73984375 0.47890625 0.059375 0.04296875
0 0.5484375 0.7234375 0.05234375 0.046875
0 0.37890625 0.78984375 0.03046875 0.028125
0 0.91875 0.38671875 0.025 0.0296875
0 0.2859375 0.6265625 0.021875 0.04609375
0 0.2015625 0.9171875 0.03046875 0.02890625