0 0.23828125 0.37734375 0.1015625 0.0953125
0 0.965625 0.5578125 0.06875 0.1
0 0.13125 0.71015625 0.15 0.1046875
0 0.89921875 0.2234375 0.0640625 0.0484375
0 0.5265625 0.384375 0.053125 0.075
0 0.4484375 0.5453125 0.071875 0.0890625
0 0.35703125 0.3921875 0.06875 0.075
0 0.45078125 0.33984375 0.08125 0.090625
0 0.5875 0.68125 0.13125 0.0796875
0 0.60625 0.50078125 0.096875 0.0515625
0 0.334375 0.16875 0.065625 0.0453125
0 0.709375 0.48671875 0.034375 0.034375
0 0.35703125 0.78671875 0.040625 0.05
0 0.134375 0.15859375 0.134375 0.13125