0 0.4267578140625 0.8400390640625 0.3818359359375 0.806835940625 0.34375 0.801953128125 0.34375 0.821484378125 0.3759765640625 0.869335940625 0.4503124921875 0.903125 0.451197915625 0.903125 0.453125 0.87421875 0.4267578140625 0.8400390640625
0 0.5431640625 0.86259765625 0.5392578125 0.891894534375 0.5603585359375 0.91875 0.5612101265625 0.91875 0.6056640625 0.872363284375 0.61875 0.8274972187499999 0.61875 0.8238978781249999 0.6125 0.806933596875 0.5431640625 0.86259765625
0 0.72060546875 0.751269534375 0.68056640625 0.705371096875 0.6668945296875 0.7073242203125 0.68740234375 0.78447265625 0.70009765625 0.8010742203125 0.712304628125 0.8015625 0.7247336640625 0.8015625 0.7328125 0.7837890625 0.7328125 0.77742745625 0.72060546875 0.751269534375
0 0.767968753125 0.7958007796875 0.7881527546875 0.8140625 0.82404119375 0.8140625 0.8453125 0.7945638046875 0.8453125 0.7923561734375 0.8353515625 0.77333984375 0.8080078125 0.77333984375 0.767968753125 0.7958007796875
0 0.6619140609375 0.680566409375 0.6995117125 0.703125 0.7017089859375 0.703125 0.709375 0.693925784375 0.709375 0.6868164109375 0.7009765609375 0.653222659375 0.66484375 0.642480471875 0.6619140609375 0.680566409375
0 0.53125 0.796875 0.53125 0.74847005 0.5050781265625 0.7397460921875 0.5021484390625 0.7817382828125 0.5305297828125 0.796875 0.53125 0.796875
0 0.475390625 0.732519528125 0.485644640625 0.7328125 0.510339353125 0.7328125 0.5265625 0.7183919234375 0.5265625 0.7167643203125 0.518514478125 0.7015625 0.517402334375 0.7015625 0.4705078140625 0.71591796875 0.475390625 0.732519528125
0 0.44150390625 0.77119140625 0.46869141093750005 0.7796875 0.47310014218749996 0.7796875 0.478125 0.7612630265625 0.478125 0.7592544875 0.4328125 0.7390084781249999 0.4328125 0.739322921875 0.44150390625 0.77119140625
0 0.38291015625 0.77958984375 0.41363932031250006 0.796875 0.4140625 0.796875 0.4140625 0.7658100343750001 0.3956054703125 0.74541015625 0.3799804703125 0.74931640625 0.38291015625 0.77958984375
0 0.3115234359375 0.7797851546875 0.2841796859375 0.77783203125 0.265625 0.8002929671875 0.2640625 0.8159179546875001 0.2640625 0.8199414046875001 0.28092447656249997 0.825 0.28419744687500004 0.825 0.3140625 0.8044677734375 0.3140625 0.800944 0.3115234359375 0.7797851546875
0 0.2429687515625 0.713183596875 0.2146484375 0.72197265625 0.217578125 0.7385742203125 0.26447265 0.7625 0.265917971875 0.7625 0.28125 0.7471679703125 0.28125 0.7420543296875 0.272265625 0.72490234375 0.2429687515625 0.713183596875
0 0.2384765625 0.289941409375 0.25407714062500003 0.296875 0.2571364203125 0.296875 0.2873046859375 0.27236328125 0.282421875 0.251855471875 0.2482421859375 0.262597659375 0.2384765625 0.289941409375
0 0.2167968734375 0.246972659375 0.2319335796875 0.25 0.2363830578125 0.25 0.2402343734375 0.188378909375 0.2177734359375 0.165917971875 0.2050781265625 0.20986328125 0.2167968734375 0.246972659375
0 0.12890625 0.09501953125 0.10351562656249999 0.1438476546875 0.10839843593750001 0.16044921875 0.1344016375 0.1703125 0.13729341875 0.1703125 0.1699218734375 0.1204101546875 0.1591796859375 0.08623046875 0.12890625 0.09501953125
0 0.1850997140625 0.1109375 0.234175028125 0.1109375 0.2906250015625 0.091503903125 0.3 0.059969815625 0.3 0.055316406250000005 0.22812500156249998 0.052441403124999994 0.17441406406249998 0.092480465625 0.1850997140625 0.1109375
0 0.5201171875 0.28505859375 0.497656246875 0.3153320296875 0.5015625 0.33291015625 0.51686198125 0.3375 0.5223632765625 0.3375 0.5515625 0.3083007765625 0.5515625 0.3061132859375 0.537695309375 0.28115234375 0.5201171875 0.28505859375
0 0.7269828484375 0.9359375 0.73125 0.9163086078125 0.73125 0.9139830124999999 0.69334541875 0.9078125 0.689910159375 0.9078125 0.696582034375 0.9316406265625 0.723222665625 0.9359375 0.7269828484375 0.9359375
0 0.6977539078125 0.975 0.703125 0.9553059906250001 0.703125 0.9543265984374999 0.6808593765625 0.9243164078125 0.6740234390625 0.9643554671875 0.6953125046874999 0.975 0.6977539078125 0.975
0 0.682722984375 0.9171875 0.690625 0.8982226578124999 0.690625 0.8939915718749999 0.6732421890625 0.8729492171875 0.664453125 0.9071289078125 0.6795410140625 0.9171875 0.682722984375 0.9171875