0 0.5421875 0.55078125 0.140625 0.2390625
0 0.68203125 0.4359375 0.1296875 0.06875
0 0.68203125 0.340625 0.1234375 0.1296875
0 0.8046875 0.58046875 0.0890625 0.0765625
0 0.78515625 0.62578125 0.1234375 0.0609375
0 0.79296875 0.67109375 0.1 0.0765625
0 0.81875 0.740625 0.09375 0.059375
0 0.86015625 0.8328125 0.0703125 0.1078125
0 0.75078125 0.8359375 0.09375 0.0828125
0 0.64921875 0.7390625 0.0796875 0.103125
0 0.5671875 0.77734375 0.0796875 0.1015625
0 0.5 0.72734375 0.08125 0.0875
0 0.43125 0.67890625 0.0671875 0.0953125
0 0.33125 0.75390625 0.1203125 0.0796875
0 0.3078125 0.64296875 0.10625 0.0796875
0 0.275 0.54375 0.0671875 0.11875
0 0.09453125 0.51640625 0.1265625 0.1265625