0 0.4804963375 0.39280163749999997 0.4804963375 0.3968123328125 0.4925348609375 0.4048337234375 0.4985541234375 0.41285511406250003 0.4998179875 0.41875 0.5059622 0.41875 0.5211263546875 0.415863134375 0.552727478125 0.3968123328125 0.5647660015625 0.37675885625 0.565625 0.3704628984375 0.565625 0.3395480546875 0.5542322921875 0.3336438828125 0.5452034 0.3336438828125 0.5391841390625001 0.337654578125 0.5301552468749999 0.3396599265625 0.5075830156250001 0.35269468593750003 0.4925348609375 0.368737465625 0.4804963375 0.39280163749999997
0 0.5375 0.5206843234375 0.5317440828125 0.514931484375 0.5317440828125 0.5089154421875 0.5242200046875001 0.503902071875 0.5151911109375 0.501896725 0.513686296875 0.50691009375 0.5016477734375 0.5129261359374999 0.49863814375000004 0.5189421796875 0.4805803578125 0.530974265625 0.468541834375 0.54902239375 0.465625 0.57623161875 0.465625 0.577159090625 0.468541834375 0.5791026078125 0.468541834375 0.58511865 0.485094803125 0.5941427140625 0.4956285046875 0.5953125 0.50512318125 0.5953125 0.519705559375 0.5891293453124999 0.5227151875 0.577097259375 0.52873445 0.5690758687499999 0.52873445 0.5450116984375 0.5362585281250001 0.5379929812500001 0.5375 0.5239304921875 0.5375 0.5206843234375
0 0.525499096875 0.5943265359375001 0.5438760859375 0.6046875 0.5581034296875 0.6046875 0.570643559375 0.596331884375 0.571875 0.590588234375 0.571875 0.5670721921874999 0.570643559375 0.566251671875 0.5646242984375001 0.53617145625 0.5601098515625 0.533163434375 0.551080959375 0.533163434375 0.528508728125 0.5461981953125 0.528508728125 0.5682570171875 0.522489465625 0.5762784078125 0.522489465625 0.58831049375 0.525499096875 0.5943265359375001
0 0.5678646671875 0.634842915625 0.554321328125 0.62180815625 0.539273175 0.62180815625 0.5257298359375 0.6308322203125 0.5140625 0.648323865625 0.5140625 0.6773674234375 0.518205759375 0.6819685828125001 0.5207388640625 0.6828125 0.5364265687499999 0.6828125 0.5452924359375 0.6819685828125001 0.54909209375 0.6828125 0.5567616390625 0.6828125 0.5648550375 0.6789605625 0.5693694828125 0.6719418453125 0.5703125 0.654976615625 0.5703125 0.6444953203125 0.5678646671875 0.6428643046875 0.5678646671875 0.634842915625
0 0.519385784375 0.6354821187499999 0.5148713375 0.6324740984375 0.49982318281250004 0.6324740984375 0.471231690625 0.649519553125 0.4652124296875 0.65553559375 0.4652124296875 0.6595462890625 0.4591931671875 0.6655623328125 0.4591931671875 0.67759441875 0.45618353593750005 0.6816051140625 0.46822205937500005 0.7016585906249999 0.48273547031249997 0.7078125 0.48711125156249996 0.7078125 0.51186170625 0.69865056875 0.5208906 0.690629178125 0.521875 0.6860377640624999 0.521875 0.6834370828125 0.516376153125 0.6816051140625 0.513366521875 0.67759441875 0.513366521875 0.663556984375 0.510356890625 0.6615516390625 0.513366521875 0.6595462890625 0.513366521875 0.649519553125 0.516376153125 0.647514203125 0.519385784375 0.6354821187499999
0 0.5696579046875 0.707875165625 0.56363864375 0.707875165625 0.55460975 0.7038644703125 0.5395615968749999 0.7038644703125 0.519998996875 0.7148938828125 0.49592194999999994 0.74296875 0.49291231875 0.7710436171875 0.5034460265625 0.7800676796875 0.5096251765625001 0.7828125 0.514374746875 0.7828125 0.51548455 0.7820730265625 0.5275230734374999 0.7820730265625 0.5286328765625 0.7828125 0.5504903171875 0.7828125 0.565143459375 0.7730489625 0.5741723515625 0.761016878125 0.5756771671875 0.7539981625000001 0.5765625 0.7357110515625 0.5765625 0.72250250625 0.5741723515625 0.7209099250000001 0.5741723515625 0.712888534375 0.5696579046875 0.707875165625
0 0.5685092296875001 0.7952414765625 0.5685092296875001 0.8173003 0.5850621984375 0.8303350593750001 0.5906394234375 0.8328125 0.6147568046874999 0.8328125 0.6377307375 0.8193056484374999 0.64375 0.8112842578125001 0.6452548140625 0.7982494984375 0.6453125 0.797672946875 0.6453125 0.7803166796875 0.6377307375 0.7651612625 0.6241874000000001 0.7561371984374999 0.6091392453125 0.7541318515625 0.5835573828125 0.77117730625 0.5775381203125 0.779198696875 0.5745284921875 0.789225434375 0.5685092296875001 0.7952414765625
0 0.6615870796875 0.88903325625 0.6585774484375 0.9010653421875 0.6525581875 0.9070813843750001 0.6555678171875 0.95119903125 0.6615870796875 0.9612257703125 0.6804753609375 0.971875 0.7089699546875 0.971875 0.735323034375 0.9582177484375001 0.7359375 0.9488009828124999 0.7359375 0.933969753125 0.73381821875 0.9311455562500001 0.7359375 0.928321359375 0.7359375 0.9259483625 0.7308085875 0.9191134703125 0.7277989578125 0.9070813843750001 0.715760434375 0.891038603125 0.7022170953125 0.8820145390624999 0.6751304171875 0.8800091921875 0.6615870796875 0.88903325625
0 0.6824814406249999 0.8318098265625 0.6704429171874999 0.84785260625 0.6704429171874999 0.8638953875000001 0.6809766265625 0.8749248 0.6905823671875 0.878125 0.7044768234375 0.878125 0.7140825640624999 0.8749248 0.724616271875 0.8679060828124999 0.7261210874999999 0.8368231953124999 0.7265625 0.835352609375 0.7265625 0.8301565265624999 0.718597009375 0.8177723921875 0.7020440406249999 0.80674298125 0.6900055171874999 0.80674298125 0.6824814406249999 0.8117563499999999 0.6794718109375 0.8177723921875 0.6824814406249999 0.8217830875000001 0.6824814406249999 0.8318098265625
0 0.6948134031250001 0.7652657078125 0.6948134031250001 0.7873245328125 0.6978230328125 0.793340575 0.7038422953125 0.7973512703125001 0.7068519265625001 0.8053726609374999 0.7188904484374999 0.8153993984374999 0.72190008125 0.8214154406249999 0.7442678125 0.8328125 0.760995184375 0.8328125 0.7685493578125 0.8244234625000001 0.76875 0.8224181140625 0.76875 0.8067764046875 0.7670445421875 0.8033673125 0.75801565 0.7913352265625 0.7429674953125 0.7813084890625001 0.7429674953125 0.7772977937500001 0.72942415625 0.7682737296875 0.711366371875 0.7662683828125 0.708356740625 0.7622576875 0.6993278484375 0.7622576875 0.6948134031250001 0.7652657078125
0 0.7065058203125 0.7230447875 0.7095154499999999 0.7250501328125 0.71252508125 0.7430982625 0.7185443421875 0.7551303484375 0.7350973125 0.7681651078125 0.7456477375 0.7734375 0.7541223609375 0.7734375 0.772717696875 0.75914104375 0.7742225125 0.754127675 0.775 0.74635695 0.775 0.7376336921875 0.7697080656249999 0.7270554828125 0.760679175 0.7190340921875 0.760679175 0.7090073546875 0.7576695421874999 0.704996659375 0.7350973125 0.693967246875 0.717039528125 0.6979779421875 0.7065058203125 0.70700200625 0.7065058203125 0.7230447875
0 0.6342069609375 0.7049172796875001 0.6281877015624999 0.710933321875 0.6281877015624999 0.7189547125 0.6251780703125001 0.7209600593750001 0.6281877015624999 0.7249707546875 0.6281877015624999 0.73499749375 0.6372165937500001 0.7450242312500001 0.64643735 0.7484375 0.6688020406249999 0.7484375 0.677846609375 0.7460269046875 0.6913899484375 0.737002840625 0.694399578125 0.7309867984375 0.69590439375 0.7099306484375 0.696875 0.7015232265625 0.696875 0.696475221875 0.680856240625 0.6838611296875 0.674836978125 0.68185578125 0.65677919375 0.68185578125 0.64474066875 0.6858664765625 0.6342069609375 0.694890540625 0.6342069609375 0.7049172796875001
0 0.6050022578124999 0.6880765375 0.6109212 0.6890625 0.6216304671875 0.6890625 0.6260696734375 0.6880765375 0.63660338125 0.6810578203125 0.6411178265624999 0.6740391046875 0.6421875 0.669049965625 0.6421875 0.6663680234375 0.63058411875 0.648972259375 0.61102151875 0.6379428468749999 0.6019926265625 0.6399481953125 0.5884492875 0.6529829546875 0.5884492875 0.675041778125 0.59145891875 0.6790524734375001 0.6050022578124999 0.6880765375
0 0.5949036921874999 0.5570980953125 0.5921875 0.596914271875 0.5921875 0.60145726875 0.616993725 0.621875 0.624090840625 0.621875 0.6370385234375 0.613247828125 0.649077046875 0.6012157421875 0.652086678125 0.5951996984375 0.652086678125 0.5691301796875 0.6566011234375 0.566122159375 0.6578125 0.5588577875 0.6578125 0.5569025734374999 0.6355337078125001 0.5420579875 0.6265048156249999 0.5400526421875 0.5949036921874999 0.5570980953125
0 0.6833621015625 0.6296875 0.6845819109375 0.6296875 0.6990030593750001 0.622000334375 0.7 0.6133648046875 0.7 0.6082041703125001 0.6884693515625 0.5909174453125 0.682450090625 0.5889120984375 0.6809619953125 0.5859375 0.67184615625 0.5859375 0.661382675 0.5909174453125 0.6583730437499999 0.594928140625 0.6583730437499999 0.608965575 0.6643923046875 0.6189923125 0.6833621015625 0.6296875
0 0.703125 0.5624486109375 0.691104034375 0.5444268046875 0.6865895875 0.5414187828125 0.6775606953125 0.5414187828125 0.67304625 0.5444268046875 0.67304625 0.5664856281249999 0.6790655109375 0.576512365625 0.6882434921875 0.584375 0.6969257890625 0.584375 0.703125 0.5788675359375001 0.703125 0.5624486109375
0 0.6058988765625 0.5302682140625 0.6147396734374999 0.53125 0.625492825 0.53125 0.6269662921875 0.5302682140625 0.635995184375 0.5302682140625 0.6480337078125 0.51823613125 0.6484375 0.5136622671875 0.6484375 0.5003592359375 0.6269662921875 0.48414522031249996 0.6028892453125 0.48414522031249996 0.590850721875 0.488155915625 0.5773073828124999 0.499185328125 0.5773073828124999 0.50720671875 0.5863362765625 0.5192388046875 0.6058988765625 0.5302682140625
0 0.5826344296875 0.41033171875 0.5826344296875 0.4163477609375 0.588653690625 0.42035845624999996 0.594672953125 0.43239054218749995 0.6112259234375 0.44542530156250004 0.620267353125 0.4484375 0.6514750328125001 0.4484375 0.6593800171875001 0.44141460625000006 0.6714185406250001 0.4394092578125 0.68044743125 0.43339321562500005 0.68125 0.426441340625 0.68125 0.41926665625000004 0.67292335625 0.4063210234375 0.6353029703125 0.38727022187500004 0.623264446875 0.3832595265625 0.59617776875 0.3832595265625 0.5826344296875 0.392283590625 0.5796248 0.408326371875 0.5826344296875 0.41033171875
0 0.6800524265625 0.484375 0.6967307875000001 0.484375 0.7125 0.4756190109375 0.7125 0.46536598281249997 0.71196704375 0.46003927187500004 0.695414075 0.45101520624999997 0.665317765625 0.45101520624999997 0.6623081359375 0.449009859375 0.6532792421875 0.45101520624999997 0.6397359046875 0.4580339234375 0.6337166421875 0.4660553140625 0.6367262734375 0.47608205156250005 0.6532792421875 0.48310076874999996 0.6800524265625 0.484375
0 0.6673179171875 0.500409425 0.6703275484375 0.502414771875 0.6703275484375 0.5204629 0.6838708875 0.533497659375 0.701928671875 0.5355030078125 0.702580759375 0.5359375 0.7198058781250001 0.5359375 0.7350346109375 0.5274816171875 0.7359375 0.51845755625 0.7359375 0.5120404390625 0.7335297953125 0.5104361625 0.7335297953125 0.4963987296875 0.724500903125 0.48837733906249997 0.724500903125 0.482361296875 0.7169768265625 0.4773479265625 0.6959094109375 0.48536931718750004 0.67484199375 0.48536931718750004 0.6703275484375 0.48837733906249997 0.6673179171875 0.500409425
0 0.74716216875 0.4539689171875 0.7484375 0.42932570156249994 0.7484375 0.42443265312499995 0.7456573546875 0.418875334375 0.726094753125 0.4118566171875 0.7140562296875 0.4118566171875 0.697503259375 0.4248913765625 0.6914839984375 0.43491811562500005 0.697503259375 0.45096089531250005 0.71792086875 0.4609375 0.734089084375 0.4609375 0.74716216875 0.4539689171875
0 0.754167084375 0.33431651093750003 0.7586815312499999 0.3112550125 0.759375 0.303399903125 0.759375 0.29339864531250004 0.754167084375 0.288193515625 0.754167084375 0.278166778125 0.7436333765625001 0.2711480609375 0.737614115625 0.2711480609375 0.7120322531250001 0.2901988625 0.7060129921875 0.3022309484375 0.7060129921875 0.3443432484375 0.71353706875 0.3513619640625 0.7255755921875 0.3513619640625 0.7436333765625001 0.3473512703125 0.7481478234375001 0.3443432484375 0.754167084375 0.33431651093750003
0 0.6175336078125 0.32121908593750004 0.599475821875 0.327235128125 0.5799132218749999 0.3402698875 0.576903590625 0.3442805828125 0.576903590625 0.35631266875 0.5934565609375 0.36934742656249997 0.599475821875 0.3713527734375 0.6175336078125 0.373358121875 0.6205432375 0.3713527734375 0.62957213125 0.3713527734375 0.664182884375 0.35029662500000003 0.66869733125 0.33926721406250004 0.670202146875 0.3302431484375 0.6596684390625 0.32121908593750004 0.6325817609375 0.31921373750000004 0.62957213125 0.32121908593750004 0.6175336078125 0.32121908593750004
0 0.555773475 0.289898059375 0.5497542140625 0.29791945000000003 0.5497542140625 0.311956884375 0.555773475 0.31997827343749996 0.5734341578125 0.328125 0.5832363546875 0.328125 0.5933938609375 0.3269969921875 0.6129564609375 0.311956884375 0.6171875 0.29222259687499996 0.6171875 0.268653075 0.60392756875 0.2598178484375 0.602422753125 0.2548044765625 0.5964034921875 0.2548044765625 0.5933938609375 0.25881517187499997 0.5873745984375 0.25881517187499997 0.5663071828125 0.2668365625 0.55878310625 0.27184993125 0.555773475 0.289898059375
0 0.5958266453125 0.15449114218749999 0.5672351515625 0.17955798750000002 0.564225521875 0.19359542031250002 0.558206259375 0.19961146406250002 0.558206259375 0.21164355 0.564225521875 0.2216702875 0.5747592296875 0.228689003125 0.5824463296875 0.23125 0.61279454375 0.23125 0.6334470296875 0.21565424375000003 0.6379614765625 0.2046248328125 0.6390625 0.199489471875 0.6390625 0.19706801406250002 0.6364566609375 0.19359542031250002 0.6390625 0.1918591234375 0.6390625 0.18530497968749998 0.6364566609375 0.1835686828125 0.6364566609375 0.1735419453125 0.6244181375 0.1574991640625 0.6168940609375 0.1524857953125 0.5958266453125 0.15449114218749999
0 0.6972725203125 0.1342663765625 0.6972725203125 0.1422877671875 0.691253259375 0.15231450625 0.691253259375 0.16234124375 0.6882436281250001 0.164346590625 0.6882436281250001 0.186405415625 0.7066806031249999 0.20625 0.7195625999999999 0.20625 0.73489290625 0.1994401734375 0.751445875 0.1884107609375 0.7574651375 0.1763786765625 0.7574651375 0.1583305484375 0.7619795828125 0.15131183125 0.7634843984375 0.1422877671875 0.76047476875 0.138277071875 0.7469314296875 0.1292530078125 0.7379025375 0.127247659375 0.73489290625 0.1232369640625 0.7228543828125 0.1232369640625 0.6972725203125 0.1342663765625
0 0.7729145859375001 0.271875 0.777090440625 0.270947528125 0.7906337796875 0.2619234640625 0.7921385953125 0.25089405 0.793643409375 0.22382185937500002 0.7846145171875001 0.20978442656250001 0.7710711796874999 0.1987550140625 0.7484989484375 0.211789775 0.73947005625 0.2218165125 0.736460425 0.22783255468750002 0.736460425 0.2599181171875 0.7516445875 0.271875 0.7729145859375001 0.271875
0 0.781174759375 0.0973470921875 0.775155496875 0.10135778749999999 0.775155496875 0.1053684828125 0.7631169734375 0.1153952203125 0.7661266062500001 0.1234166109375 0.7601073453125 0.135448696875 0.7631169734375 0.13745404375 0.7631169734375 0.15951286874999998 0.7873787453125 0.171875 0.7937462453124999 0.171875 0.8037469921874999 0.1705422796875 0.820299959375 0.1635235625 0.8308336671875001 0.14046206562500002 0.83125 0.13408171093750001 0.83125 0.1155874015625 0.820299959375 0.0973470921875 0.820299959375 0.0893257015625 0.8097662515625 0.078296290625 0.7977277296875 0.0823069859375 0.7947180984375 0.08631768125 0.784184390625 0.09133105 0.781174759375 0.0973470921875