0 0.57421875 0.55 0.05859375 0.046875
0 0.54765625 0.4828125 0.0453125 0.08203125
0 0.51875 0.46640625 0.053125 0.1015625
0 0.475 0.484375 0.03515625 0.0734375
0 0.4296875 0.47421875 0.05078125 0.09296875
0 0.4703125 0.31640625 0.04296875 0.06640625
0 0.42578125 0.33984375 0.05859375 0.046875
0 0.38359375 0.38046875 0.040625 0.04921875
0 0.36796875 0.4796875 0.03203125 0.09609375
0 0.33984375 0.4015625 0.02734375 0.05625
0 0.30390625 0.46484375 0.0484375 0.0703125
0 0.26875 0.5046875 0.0296875 0.02421875
0 0.25 0.4796875 0.02734375 0.08203125
0 0.80859375 0.5578125 0.05078125 0.06640625
0 0.85 0.48984375 0.04296875 0.0609375
0 0.75078125 0.55546875 0.0453125 0.04921875
0 0.7828125 0.54609375 0.01953125 0.03984375
0 0.484375 0.24765625 0.015625 0.0421875
0 0.70625 0.31328125 0.025 0.04375
0 0.7765625 0.140625 0.0328125 0.03359375
0 0.6890625 0.27265625 0.01953125 0.04921875
0 0.64765625 0.33203125 0.025 0.04921875
0 0.48046875 0.1140625 0.0234375 0.03671875
0 0.4453125 0.1765625 0.01171875 0.05234375
0 0.3421875 0.2140625 0.02734375 0.0265625
0 0.303125 0.26484375 0.05078125 0.0578125
0 0.1765625 0.415625 0.05625 0.06328125
0 0.14921875 0.49609375 0.0453125 0.04921875
0 0.2203125 0.32890625 0.0625 0.046875
0 0.2390625 0.27265625 0.0484375 0.04921875
0 0.228125 0.184375 0.01953125 0.07890625
0 0.2390625 0.1265625 0.0296875 0.03359375
0 0.175 0.31171875 0.0328125 0.03359375
0 0.053125 0.27734375 0.02734375 0.10859375
0 0.04296875 0.3546875 0.02734375 0.0875
0 0.19375 0.2796875 0.03359375 0.0390625
0 0.59453125 0.415625 0.05703125 0.07109375
0 0.125 0.4109375 0.025 0.06875
0 0.19609375 0.51328125 0.0265625 0.02890625
0 0.0890625 0.48671875 0.03671875 0.07890625
0 0.709375 0.27734375 0.02890625 0.03203125
0 0.096875 0.3234375 0.05234375 0.0453125
0 0.628125 0.525 0.04609375 0.0515625
0 0.2265625 0.459375 0.021875 0.0640625
0 0.1125 0.2828125 0.04453125 0.034375
0 0.2859375 0.16953125 0.0515625 0.05546875
0 0.4390625 0.4078125 0.021875 0.03984375
0 0.19453125 0.3703125 0.046875 0.03515625
0 0.1703125 0.35 0.03203125 0.05546875
0 0.1515625 0.33515625 0.025 0.0984375
0 0.23359375 0.40078125 0.01796875 0.0546875
0 0.55546875 0.4125 0.0234375 0.06171875
0 0.83984375 0.63203125 0.06953125 0.04375
0 0.8421875 0.7046875 0.034375 0.05859375
0 0.58515625 0.3703125 0.0296875 0.03828125
0 0.640625 0.459375 0.0375 0.0484375
0 0.1625 0.21953125 0.01953125 0.0578125
0 0.47265625 0.40546875 0.0234375 0.059375
0 0.18984375 0.05 0.03359375 0.03671875
0 0.8625 0.76484375 0.0390625 0.04140625
0 0.49140625 0.42265625 0.02109375 0.0609375
0 0.20859375 0.22890625 0.01953125 0.05078125
0 0.7671875 0.6296875 0.04609375 0.03359375
0 0.690625 0.41328125 0.025 0.0328125
0 0.49609375 0.3796875 0.03203125 0.02890625
0 0.91484375 0.59453125 0.02734375 0.02421875
0 0.0546875 0.49609375 0.0421875 0.04140625
0 0.8140625 0.66484375 0.040625 0.03359375
0 0.14453125 0.06015625 0.053125 0.0640625
0 0.74140625 0.615625 0.0359375 0.03125
0 0.8046875 0.75 0.03515625 0.0890625
0 0.8859375 0.82578125 0.03828125 0.03828125
0 0.78046875 0.684375 0.03125 0.06328125
0 0.30703125 0.0984375 0.0328125 0.06328125
0 0.86875 0.83125 0.02734375 0.04765625
0 0.77421875 0.91484375 0.028125 0.0484375