0 0.396875 0.5859375 0.14375 0.08125
0 0.2390625 0.61015625 0.1640625 0.071875
0 0.6390625 0.5953125 0.128125 0.071875
0 0.56953125 0.5453125 0.134375 0.096875
0 0.56953125 0.47109375 0.1890625 0.0546875
0 0.42734375 0.396875 0.1609375 0.0625
0 0.30390625 0.35078125 0.1359375 0.0828125
0 0.30625 0.42890625 0.125 0.0578125
0 0.19375 0.51796875 0.1296875 0.0578125
0 0.80859375 0.6796875 0.125 0.0671875
0 0.84921875 0.553125 0.115625 0.05625
0 0.8578125 0.4984375 0.1125 0.059375
0 0.753125 0.53203125 0.1546875 0.0984375
0 0.8078125 0.40390625 0.0796875 0.0765625
0 0.2328125 0.45859375 0.0890625 0.06171875
0 0.821875 0.60625 0.11328125 0.04765625
0 0.2046875 0.36640625 0.0984375 0.05625
0 0.04765625 0.4625 0.0921875 0.05546875
0 0.459375 0.52265625 0.11953125 0.05234375
0 0.746875 0.41953125 0.0703125 0.02890625
0 0.928125 0.41796875 0.09453125 0.05703125
0 0.965625 0.69140625 0.06875 0.0578125
0 0.14609375 0.2234375 0.078125 0.04140625
0 0.446875 0.4390625 0.08125 0.0421875
0 0.55859375 0.4125 0.05546875 0.05234375
0 0.9515625 0.50703125 0.096875 0.04453125
0 0.0640625 0.375 0.0953125 0.065625
0 0.884375 0.33359375 0.11484375 0.04296875
0 0.5640625 0.640625 0.09921875 0.04375
0 0.4421875 0.3578125 0.12578125 0.0484375