0 0.63125 0.4359375 0.215625 0.1671875
0 0.54375 0.3765625 0.215625 0.10625
0 0.628125 0.15390625 0.1609375 0.1890625
0 0.4640625 0.24921875 0.125 0.0671875
0 0.565625 0.275 0.08125 0.05625
0 0.3625 0.578125 0.1765625 0.140625
0 0.26796875 0.72265625 0.1546875 0.115625
0 0.3921875 0.6921875 0.140625 0.109375
0 0.50546875 0.6578125 0.1328125 0.134375
0 0.5984375 0.71484375 0.125 0.115625
0 0.35 0.828125 0.1609375 0.115625
0 0.83515625 0.353125 0.203125 0.134375
0 0.8421875 0.1265625 0.096875 0.1265625