0 0.51796875 0.696875 0.103125 0.0703125
0 0.38515625 0.37265625 0.075 0.1109375
0 0.26640625 0.41171875 0.0765625 0.1
0 0.16953125 0.31875 0.0765625 0.125
0 0.12890625 0.4015625 0.0921875 0.115625
0 0.109375 0.48515625 0.125 0.1109375
0 0.23515625 0.93984375 0.0953125 0.1203125
0 0.5015625 0.40078125 0.0765625 0.0890625
0 0.23203125 0.3375 0.0515625 0.0671875
0 0.50390625 0.33125 0.0328125 0.0640625
0 0.546875 0.30546875 0.0375 0.0625
0 0.47265625 0.36328125 0.03125 0.0484375
0 0.59609375 0.4125 0.0296875 0.05
0 0.60078125 0.31171875 0.0578125 0.071875
0 0.5265625 0.4765625 0.040625 0.053125
0 0.8703125 0.28515625 0.0359375 0.0484375
0 0.66171875 0.2859375 0.04375 0.059375
0 0.87890625 0.35390625 0.034375 0.0640625
0 0.4578125 0.721875 0.05625 0.034375
0 0.6765625 0.37421875 0.034375 0.0609375
0 0.33046875 0.35625 0.04375 0.0484375
0 0.37890625 0.8953125 0.0734375 0.0578125
0 0.659375 0.409375 0.03125 0.0453125
0 0.41953125 0.78359375 0.071875 0.0453125
0 0.83359375 0.28671875 0.034375 0.0453125
0 0.79375 0.515625 0.0546875 0.0640625
0 0.83984375 0.47734375 0.0546875 0.0609375
0 0.3609375 0.8125 0.0671875 0.0421875
0 0.4703125 0.4984375 0.065625 0.0703125
0 0.97109375 0.384375 0.0328125 0.046875
0 0.4265625 0.5015625 0.0484375 0.0453125
0 0.740625 0.365625 0.0265625 0.046875
0 0.51171875 0.84296875 0.0359375 0.046875
0 0.74453125 0.4890625 0.0515625 0.04375