0 0.6953125 0.47265625 0.0625 0.0984375
0 0.35 0.41640625 0.10625 0.0671875
0 0.36171875 0.2921875 0.0953125 0.06875
0 0.24921875 0.21875 0.1203125 0.0671875
0 0.3203125 0.1609375 0.109375 0.084375
0 0.39765625 0.12265625 0.103125 0.1171875
0 0.89453125 0.13828125 0.1671875 0.08125
0 0.40390625 0.52421875 0.084375 0.0703125
0 0.28046875 0.27734375 0.065625 0.05
0 0.94921875 0.3109375 0.0796875 0.0375
0 0.48203125 0.5328125 0.05 0.034375
0 0.4796875 0.475 0.046875 0.0546875
0 0.3203125 0.36796875 0.04375 0.040625
0 0.75703125 0.3578125 0.0421875 0.06875
0 0.771875 0.29296875 0.040625 0.0625
0 0.48203125 0.42578125 0.0421875 0.04375
0 0.31953125 0.58828125 0.0640625 0.0328125
0 0.70625 0.409375 0.03125 0.053125
0 0.2984375 0.50859375 0.071875 0.0328125
0 0.4140625 0.70078125 0.0546875 0.028125
0 0.31171875 0.44140625 0.03125 0.046875
0 0.85703125 0.23671875 0.0375 0.0546875
0 0.20234375 0.14453125 0.1015625 0.0734375
0 0.8578125 0.29453125 0.0515625 0.071875
0 0.36484375 0.87265625 0.0421875 0.0296875
0 0.33828125 0.63984375 0.071875 0.0515625