0 0.5640625 0.65546875 0.11875 0.196875
0 0.68046875 0.48984375 0.0765625 0.11875
0 0.73984375 0.10546875 0.06875 0.115625
0 0.19296875 0.43671875 0.1375 0.1671875
0 0.28671875 0.54609375 0.0578125 0.1390625
0 0.20703125 0.63671875 0.075 0.13125
0 0.165625 0.7171875 0.0734375 0.11875
0 0.41171875 0.6640625 0.1015625 0.14375
0 0.57109375 0.34296875 0.1015625 0.1234375
0 0.634375 0.134375 0.09375 0.1125
0 0.8671875 0.4171875 0.1078125 0.1203125
0 0.228125 0.17734375 0.0796875 0.1578125
0 0.31015625 0.56796875 0.08125 0.1015625
0 0.95625 0.64140625 0.0734375 0.075
0 0.79765625 0.6796875 0.0859375 0.09375
0 0.06015625 0.06015625 0.0609375 0.059375
0 0.6765625 0.69453125 0.0640625 0.0625
0 0.03125 0.73125 0.0625 0.078125
0 0.02109375 0.465625 0.0421875 0.0859375
0 0.296875 0.665625 0.0578125 0.0734375
0 0.86015625 0.05703125 0.0484375 0.040625
0 0.61953125 0.04453125 0.0578125 0.0828125
0 0.8828125 0.31640625 0.0515625 0.0609375
0 0.25390625 0.04609375 0.071875 0.084375
0 0.64921875 0.5765625 0.0515625 0.0609375
0 0.48046875 0.97265625 0.0640625 0.0546875
0 0.5015625 0.4625 0.065625 0.08125
0 0.884375 0.85390625 0.0546875 0.0515625