0 0.5625 0.359375 0.0984375 0.146875
0 0.47265625 0.40078125 0.0984375 0.1421875
0 0.428125 0.5171875 0.1 0.1203125
0 0.42265625 0.628125 0.1 0.115625
0 0.3640625 0.73828125 0.0890625 0.125
0 0.40390625 0.75625 0.090625 0.1375
0 0.4921875 0.61171875 0.096875 0.1328125
0 0.5515625 0.55546875 0.078125 0.1125
0 0.66875 0.334375 0.096875 0.121875
0 0.5421875 0.275 0.0953125 0.13125
0 0.58359375 0.45234375 0.071875 0.109375
0 0.521875 0.4859375 0.071875 0.1046875
0 0.371875 0.61875 0.0671875 0.0953125
0 0.26484375 0.81171875 0.059375 0.096875
0 0.46015625 0.70078125 0.0734375 0.103125
0 0.321875 0.92421875 0.059375 0.090625
0 0.3078125 0.728125 0.065625 0.09375
0 0.60703125 0.24296875 0.06875 0.1109375
0 0.671875 0.09765625 0.071875 0.115625