0 0.26796875 0.60703125 0.0953125 0.0859375
0 0.26640625 0.5140625 0.103125 0.1109375
0 0.38203125 0.6234375 0.1015625 0.10625
0 0.3703125 0.8265625 0.1109375 0.140625
0 0.25625 0.7875 0.125 0.096875
0 0.2578125 0.6828125 0.0953125 0.0609375
0 0.284375 0.4375 0.0765625 0.06875
0 0.309375 0.36015625 0.103125 0.0875
0 0.39375 0.228125 0.0734375 0.1
0 0.4234375 0.29296875 0.0796875 0.0796875
0 0.35234375 0.7765625 0.09375 0.240625
0 0.44609375 0.3375 0.0375 0.0625
0 0.4203125 0.4484375 0.0453125 0.0421875
0 0.34609375 0.3125 0.0453125 0.0453125
0 0.3046875 0.2875 0.0703125 0.065625
0 0.359375 0.45 0.0296875 0.034375
0 0.4046875 0.51640625 0.0578125 0.0828125
0 0.346875 0.153125 0.05625 0.0984375
0 0.43515625 0.38828125 0.05 0.0578125
0 0.296875 0.88359375 0.0453125 0.075
0 0.36953125 0.5046875 0.0375 0.0328125
0 0.3734375 0.54296875 0.0390625 0.0359375
0 0.36875 0.03203125 0.0515625 0.0421875
0 0.37578125 0.0734375 0.028125 0.04375
0 0.7734375 0.93046875 0.0421875 0.040625