0 0.53828125 0.56015625 0.1609375 0.25625
0 0.67734375 0.4328125 0.1359375 0.078125
0 0.67265625 0.33359375 0.1359375 0.140625
0 0.81171875 0.57578125 0.09375 0.084375
0 0.79375 0.62421875 0.1296875 0.06875
0 0.8046875 0.6703125 0.10625 0.084375
0 0.8359375 0.74140625 0.1 0.065625
0 0.88359375 0.83515625 0.0796875 0.1140625
0 0.76953125 0.84453125 0.1015625 0.090625
0 0.659375 0.74921875 0.0859375 0.1078125
0 0.57578125 0.79296875 0.0859375 0.1078125
0 0.50390625 0.74453125 0.0890625 0.0953125
0 0.42890625 0.6984375 0.075 0.103125
0 0.33046875 0.78125 0.1265625 0.0890625
0 0.29921875 0.66796875 0.1140625 0.0890625
0 0.26015625 0.5671875 0.0765625 0.1265625
0 0.07109375 0.5484375 0.140625 0.1375