0 0.7390625 0.64375 0.20625 0.25625
0 0.775 0.41328125 0.228125 0.2125
0 0.74765625 0.23515625 0.1765625 0.2734375
0 0.5984375 0.14765625 0.078125 0.1078125
0 0.6171875 0.3265625 0.1640625 0.26875
0 0.43515625 0.22109375 0.134375 0.178125
0 0.49609375 0.32890625 0.090625 0.121875
0 0.48046875 0.4484375 0.1796875 0.215625
0 0.5140625 0.65 0.1453125 0.196875
0 0.4046875 0.5375 0.1078125 0.2265625
0 0.29453125 0.5671875 0.2203125 0.3171875
0 0.27265625 0.40078125 0.10625 0.11875
0 0.22265625 0.64921875 0.2421875 0.35
0 0.1640625 0.8578125 0.2109375 0.1671875