0 0.6734375 0.75625 0.0453125 0.0375
0 0.625 0.7171875 0.0375 0.0484375
0 0.58203125 0.721875 0.0296875 0.05
0 0.54609375 0.771875 0.034375 0.040625
0 0.57109375 0.671875 0.0375 0.034375
0 0.66875 0.703125 0.025 0.04375
0 0.63671875 0.56484375 0.071875 0.0640625
0 0.65390625 0.625 0.071875 0.04375
0 0.5828125 0.6171875 0.05 0.0375
0 0.61328125 0.49765625 0.0375 0.0375
0 0.6921875 0.43359375 0.0375 0.05
0 0.478125 0.37109375 0.06875 0.0453125
0 0.5796875 0.41875 0.04375 0.028125
0 0.30625 0.44921875 0.078125 0.059375
0 0.05859375 0.5609375 0.053125 0.059375
0 0.08984375 0.509375 0.06875 0.05
0 0.19609375 0.46015625 0.040625 0.03125
0 0.2125 0.5296875 0.040625 0.04375
0 0.36640625 0.52265625 0.0453125 0.040625
0 0.3953125 0.38203125 0.040625 0.034375
0 0.28515625 0.38515625 0.053125 0.0453125
0 0.1578125 0.190625 0.2 0.1890625 0.2140625 0.1796875 0.2765625 0.1828125 0.290625 0.1921875 0.2921875 0.20625 0.2984375 0.2078125 0.3921875 0.1875 0.425 0.159375 0.425 0.1515625 0.3984375 0.1390625 0.3203125 0.1234375 0.16875 0.13125 0.1484375 0.1375 0.1515625 0.1859375 0.1578125 0.190625