0 0.65078125 0.53203125 0.134375 0.071875
0 0.59140625 0.45234375 0.1296875 0.0734375
0 0.46796875 0.43359375 0.10625 0.0796875
0 0.35859375 0.45078125 0.1015625 0.08125
0 0.23828125 0.41640625 0.1140625 0.0671875
0 0.2296875 0.459375 0.1265625 0.065625
0 0.3890625 0.515625 0.1203125 0.0734375
0 0.45625 0.56171875 0.103125 0.0578125
0 0.696875 0.63046875 0.1078125 0.0765625
0 0.72890625 0.49453125 0.11875 0.071875
0 0.765625 0.5515625 0.09296875 0.0484375
0 0.35546875 0.403125 0.0953125 0.053125
0 0.92578125 0.58515625 0.11953125 0.053125
0 0.51875 0.521875 0.0921875 0.05234375
0 0.3 0.5046875 0.09296875 0.059375
0 0.5640625 0.575 0.0984375 0.05078125
0 0.81171875 0.65546875 0.090625 0.05390625
0 0.23515625 0.3609375 0.09453125 0.0515625
0 0.896875 0.69453125 0.1 0.05390625
0 0.05234375 0.4171875 0.09609375 0.046875
0 0.14921875 0.33515625 0.084375 0.04296875