0 0.68828125 0.4296875 0.1046875 0.1140625
0 0.603125 0.48046875 0.078125 0.090625
0 0.4875 0.5703125 0.1 0.10625
0 0.40546875 0.58046875 0.075 0.1078125
0 0.3375 0.559375 0.084375 0.09375
0 0.25 0.5328125 0.0828125 0.1125
0 0.171875 0.5171875 0.0953125 0.1140625
0 0.0875 0.496875 0.115625 0.15
0 0.10078125 0.61015625 0.0671875 0.0703125
0 0.225 0.59375 0.059375 0.0609375
0 0.4625 0.4625 0.08125 0.0984375
0 0.828125 0.3671875 0.1046875 0.1109375
0 0.93125 0.37578125 0.1046875 0.1078125
0 0.871875 0.48203125 0.05625 0.0546875
0 0.61015625 0.56875 0.0640625 0.0609375
0 0.38046875 0.48671875 0.0796875 0.065625
0 0.0265625 0.5078125 0.053125 0.0875
0 0.7296875 0.53671875 0.053125 0.0484375