0 0.55234375 0.5484375 0.275 0.1984375
0 0.403125 0.6625 0.0984375 0.14375
0 0.30625 0.640625 0.159375 0.1546875
0 0.52109375 0.8203125 0.096875 0.1046875
0 0.57109375 0.8109375 0.0890625 0.1359375
0 0.61484375 0.8296875 0.1 0.1171875
0 0.67890625 0.87265625 0.08125 0.10625
0 0.76328125 0.9359375 0.1234375 0.096875
0 0.7921875 0.825 0.1046875 0.1125
0 0.7171875 0.7 0.11875 0.1015625
0 0.77578125 0.62578125 0.11875 0.1015625
0 0.740625 0.54609375 0.10625 0.1015625
0 0.7078125 0.46484375 0.1125 0.090625
0 0.80625 0.38125 0.1078125 0.1375
0 0.70078125 0.33203125 0.1046875 0.1265625
0 0.6078125 0.27578125 0.134375 0.096875
0 0.62265625 0.0859375 0.15625 0.1578125