0 0.56953125 0.653125 0.1125 0.19375
0 0.6796875 0.48359375 0.071875 0.115625
0 0.72578125 0.09765625 0.0640625 0.1140625
0 0.190625 0.44765625 0.13125 0.1625
0 0.28828125 0.553125 0.053125 0.1375
0 0.21171875 0.646875 0.0703125 0.128125
0 0.1734375 0.72890625 0.06875 0.1171875
0 0.4171875 0.6671875 0.096875 0.140625
0 0.565625 0.340625 0.096875 0.1203125
0 0.621875 0.1296875 0.090625 0.109375
0 0.8640625 0.4046875 0.103125 0.1171875
0 0.2171875 0.18671875 0.07421875 0.1546875
0 0.3125 0.57421875 0.078125 0.09921875
0 0.9609375 0.62578125 0.0703125 0.071875
0 0.80390625 0.66953125 0.0828125 0.090625
0 0.0453125 0.07578125 0.05859375 0.0578125
0 0.68359375 0.68828125 0.0625 0.06015625
0 0.0375 0.7484375 0.0640625 0.07578125
0 0.0203125 0.48203125 0.0390625 0.08515625
0 0.303125 0.67265625 0.05546875 0.07109375
0 0.84453125 0.04453125 0.04765625 0.03828125
0 0.60390625 0.040625 0.0546875 0.08125
0 0.87578125 0.303125 0.05 0.05859375
0 0.23828125 0.0546875 0.06875 0.08203125
0 0.6515625 0.57109375 0.05 0.059375
0 0.496875 0.9734375 0.0625 0.053125
0 0.5 0.4625 0.0625 0.0796875
0 0.896875 0.840625 0.053125 0.04921875