0 0.43016686406250004 0.900018428125 0.43360414374999995 0.8712526484374999 0.4090619203125 0.835739853125 0.3659393234375 0.800231203125 0.3281611296875 0.79336181875 0.3271389421875 0.8128663015625 0.356816984375 0.86233889375 0.42928265468750004 0.8999720874999999 0.43016686406250004 0.900018428125
0 0.6016357515624999 0.8296688828125 0.5962821593750001 0.8124007499999999 0.5241280125000001 0.8643597609375 0.5186938359375 0.8934120515625 0.538360134375 0.9213350390624999 0.5392105578125 0.9213796078125001 0.586031265625 0.8773830031250001 0.6014473765624999 0.8332632906249999 0.6016357515624999 0.8296688828125
0 0.7086431125 0.8129108703125001 0.7176410671875 0.7955846046875 0.7179740078125 0.7892317156249999 0.7071527046875 0.7624707765625 0.669570653125 0.7145397578125 0.6558152953125 0.715774675 0.6722573671875 0.7938906765625 0.684066421875 0.8111339109375001 0.6962311109375 0.8122603843749999 0.7086431125 0.8129108703125001
0 0.793280196875 0.7890851249999999 0.7521204953125 0.8094197953125001 0.771321090625 0.8287128375 0.8071603453125 0.8305910937500001 0.8294229828124999 0.812232375 0.8295385218750001 0.81002776875 0.8205864734375 0.7905161859375001 0.793280196875 0.7890851249999999
0 0.6571609859375 0.6509124625 0.652242046875 0.6887928765625 0.6886075468749999 0.7132882609375 0.690801809375 0.71340325625 0.6989387671875 0.70461785625 0.69931084375 0.6975182265625001 0.692682075 0.6635309734375 0.6571609859375 0.6509124625
0 0.5182032546875 0.7497650296875 0.49252382656249993 0.739683296875 0.4874004515625 0.7814646109375001 0.51495070625 0.7980659484375 0.5156699359375 0.7981036421875001 0.5182032546875 0.7497650296875
0 0.50682951875 0.7021970328125 0.459247959375 0.7140785593750001 0.46325521875 0.7309129125 0.47347985000000004 0.7317421375000001 0.49814071875000004 0.7330345578124999 0.5150963468749999 0.7194827984375001 0.5151815296875 0.7178574265625 0.5079401390625 0.7022552390625 0.50682951875 0.7021970328125
0 0.420379384375 0.735478615625 0.4273910109375 0.7677582984375 0.45409660625 0.7776656328125 0.4584992953125 0.77789636875 0.464481528125 0.759760125 0.46458664687500006 0.7577543390625 0.420395840625 0.735164603125 0.420379384375 0.735478615625
0 0.36843802187499997 0.7730786671875001 0.39822043749999997 0.791948375 0.39864303749999996 0.7919705218749999 0.40026885156249997 0.7609481296875 0.38290476406249996 0.7396102421874999 0.367096740625 0.7426933906250001 0.36843802187499997 0.7730786671875001
0 0.26748401093749996 0.8132603656249999 0.298382709375 0.79431929375 0.298567128125 0.79080035 0.2971389125 0.7695376171875 0.2699348546875 0.766156109375 0.25023008281250003 0.7876151859375 0.24785197656250002 0.8031369859374999 0.2476414046875 0.807154921875 0.2642155265625 0.8130890718750001 0.26748401093749996 0.8132603656249999
0 0.26888164375 0.7302741125 0.2608072484375 0.7126754265625 0.2321638359375 0.699439459375 0.20342235 0.706734303125 0.2054791640625 0.72346644375 0.25105724375 0.749813703125 0.252500584375 0.7498893453125001 0.2686140171875 0.7353807453125001 0.26888164375 0.7302741125
0 0.2498285890625 0.2765422078125 0.2650449109375 0.2842827671875 0.268099996875 0.284442878125 0.2995097625 0.2615436375 0.2957069390625 0.2408083859375 0.2610118890625 0.249747025 0.2498285890625 0.2765422078125
0 0.23042742187499998 0.23249771875 0.24538494375000003 0.236313103125 0.24982832500000002 0.23654597187499998 0.2568993609375 0.1752108921875 0.2356447203125 0.151605221875 0.2206668890625 0.1948258859375 0.23042742187499998 0.23249771875
0 0.1813017921875 0.06896036875 0.1506098609375 0.076152996875 0.12269856875 0.12358536093750001 0.1267058265625 0.14041971875 0.1521571875 0.1516303859375 0.15504500625 0.1517817296875 0.19024043125 0.103655415625 0.1813017921875 0.06896036875
0 0.1961881921875 0.07599910625 0.20589323125 0.0949900890625 0.254901290625 0.0975584921875 0.3122909765625 0.0811058921875 0.32330349375 0.050105670312499996 0.323547034375 0.0454586390625 0.2519210046875 0.038825928125 0.1961881921875 0.07599910625
0 0.56163908125 0.30907757343750003 0.54909725 0.2834250875 0.53133878125 0.286406015625 0.507324234375 0.31546244843750004 0.510305165625 0.333220921875 0.525343465625 0.33860518906250003 0.5308372218749999 0.3388931046875 0.561524596875 0.3112620671875 0.56163908125 0.30907757343750003
0 0.700101540625 0.9470226343749999 0.7038565703125 0.9472194265624999 0.7091451703125 0.9278407609375 0.7092668828125 0.925518353125 0.6717371890625 0.917372525 0.6683066375 0.9171927375 0.6737223 0.9413373875 0.700101540625 0.9470226343749999
0 0.6726233140625 0.9846986687499999 0.6790177500000001 0.96531275 0.6790690078125 0.9643347 0.6584045093750001 0.9332003453125 0.6494824578125 0.9728267671875 0.67018525625 0.9845708953125 0.6726233140625 0.9846986687499999
0 0.6606386625 0.926178740625 0.6695223921875 0.9076534484375 0.6697438296875 0.9034281625 0.6534861125 0.8815048984375 0.6429202671875001 0.9151777640625 0.657461053125 0.9260122093750001 0.6606386625 0.926178740625