0 0.278125 0.6265625 0.0890625 0.078125
0 0.26875 0.534375 0.09375 0.103125
0 0.39296875 0.63359375 0.09375 0.0984375
0 0.39921875 0.83671875 0.1 0.1328125
0 0.28203125 0.8078125 0.1171875 0.0875
0 0.275 0.703125 0.090625 0.053125
0 0.2796875 0.45625 0.071875 0.0625
0 0.29765625 0.37734375 0.096875 0.0796875
0 0.3703125 0.23828125 0.065625 0.0953125
0 0.40546875 0.30078125 0.0734375 0.0734375
0 0.37734375 0.78828125 0.07421875 0.23515625
0 0.43203125 0.34296875 0.03203125 0.059375
0 0.41640625 0.45546875 0.04140625 0.03828125
0 0.33046875 0.3265625 0.0421875 0.0421875
0 0.28671875 0.30546875 0.065625 0.06015625
0 0.35546875 0.4625 0.02734375 0.0328125
0 0.40625 0.525 0.0515625 0.078125
0 0.3171875 0.16796875 0.04765625 0.09453125
0 0.42578125 0.39453125 0.04609375 0.0546875
0 0.33125 0.9 0.0390625 0.07109375
0 0.3703125 0.51640625 0.03515625 0.03046875
0 0.37734375 0.55390625 0.0359375 0.0328125
0 0.328125 0.0453125 0.04921875 0.0375
0 0.3390625 0.0859375 0.02421875 0.04140625
0 0.81015625 0.9046875 0.03984375 0.0375