0 0.5796875 0.64765625 0.125 0.2015625
0 0.678125 0.47109375 0.0796875 0.1203125
0 0.696875 0.0828125 0.071875 0.11875
0 0.1875 0.46953125 0.1421875 0.171875
0 0.2921875 0.56796875 0.0625 0.140625
0 0.22265625 0.66640625 0.0796875 0.1328125
0 0.18984375 0.75078125 0.0765625 0.121875
0 0.42890625 0.67265625 0.10625 0.146875
0 0.5546875 0.33671875 0.1046875 0.1265625
0 0.59609375 0.121875 0.0984375 0.115625
0 0.85625 0.3796875 0.1109375 0.1234375
0 0.19609375 0.20703125 0.084375 0.159375
0 0.31796875 0.5875 0.084375 0.1046875
0 0.965625 0.59296875 0.06875 0.0765625
0 0.81484375 0.64765625 0.0890625 0.096875
0 0.02421875 0.1078125 0.0484375 0.0625
0 0.69609375 0.675 0.0671875 0.0640625
0 0.05625 0.78046875 0.06875 0.0796875
0 0.02109375 0.515625 0.0421875 0.0875
0 0.315625 0.6859375 0.0609375 0.075
0 0.81171875 0.021875 0.05 0.0421875
0 0.57109375 0.03828125 0.0609375 0.0765625
0 0.8609375 0.27734375 0.0546875 0.0625
0 0.2078125 0.07421875 0.075 0.0859375
0 0.65625 0.56015625 0.0546875 0.0625
0 0.5296875 0.971875 0.065625 0.05625
0 0.49765625 0.4625 0.0671875 0.084375
0 0.91953125 0.8125 0.05625 0.053125