0 0.303125 0.51328125 0.05625 0.0953125
0 0.64375 0.59375 0.103125 0.059375
0 0.6234375 0.7171875 0.090625 0.0625
0 0.73046875 0.7984375 0.1171875 0.059375
0 0.65546875 0.85078125 0.1046875 0.0765625
0 0.57578125 0.88359375 0.0953125 0.1109375
0 0.08125 0.83359375 0.1625 0.0703125
0 0.59765625 0.4828125 0.0796875 0.065625
0 0.0390625 0.66015625 0.07734375 0.0328125
0 0.12890625 0.68046875 0.04765625 0.06796875
0 0.221875 0.5265625 0.040625 0.03828125
0 0.35546875 0.4875 0.0609375 0.02265625
0 0.23359375 0.62421875 0.0421875 0.0671875
0 0.48203125 0.41640625 0.02578125 0.0484375
0 0.6203125 0.415625 0.0703125 0.04375
0 0.2140625 0.6859375 0.03828125 0.06015625
0 0.53984375 0.74375 0.05625 0.04453125
0 0.57265625 0.7 0.0640625 0.03125
0 0.11484375 0.771875 0.03515625 0.046875
0 0.61875 0.54765625 0.05546875 0.040625
0 0.58515625 0.7765625 0.03671875 0.046875
0 0.59453125 0.30703125 0.05546875 0.025
0 0.06640625 0.75546875 0.02421875 0.03828125
0 0.16015625 0.54375 0.0453125 0.0296875
0 0.66796875 0.3734375 0.06640625 0.04453125