0 0.5707624296875 0.4187742015625 0.5425861109375 0.41712390781249997 0.5343348578125 0.42585500468750004 0.5331276859375 0.434998675 0.5344626375 0.44186640156249996 0.5531805328125 0.46139146249999996 0.585148740625 0.4569592765625 0.59398228125 0.44098777812499995 0.5707624296875 0.4187742015625
0 0.5762440234375 0.544216765625 0.5787435546874999 0.536603690625 0.5760736515625 0.5228682359375 0.5598126953125 0.49039296875 0.5365928421875 0.468179390625 0.5231721578124999 0.4707881078125 0.5239674125 0.49023336874999995 0.5414781359374999 0.5189021 0.558278790625 0.538799834375 0.5762440234375 0.544216765625
0 0.51939428125 0.55883084375 0.5419466578125001 0.5776105578124999 0.555992225 0.573098571875 0.5578242796875 0.5620516328125 0.549899759375 0.5315195328125 0.520175525 0.49631584999999995 0.497665740625 0.48287326875 0.4906642546875 0.487797828125 0.4927092734375 0.5034365515625 0.5012160828125001 0.52672825 0.51939428125 0.55883084375
0 0.5020539312500001 0.55151064375 0.497381603125 0.5274735984375 0.488292503125 0.5114223015625 0.47666128125 0.49764694531250003 0.45673621249999996 0.48726555468750005 0.454861565625 0.4929753609375 0.45819894375 0.51014468125 0.46795551875 0.5296298421875 0.48800836406250003 0.5560226296875 0.5020539312500001 0.55151064375
0 0.45261759375 0.5326112328125 0.41647416093749995 0.4950917046875 0.4049707171875 0.4973277484375 0.405765971875 0.516773009375 0.42719636093749996 0.5553706578125001 0.4465817328125 0.57832958125 0.467713971875 0.5795673031249999 0.4669613109375 0.5654591734375 0.45261759375 0.5326112328125
0 0.49057851093749993 0.7176672 0.494455584375 0.7222589859374999 0.5027494296875 0.718865021875 0.5116255640625 0.70823065625 0.5229160421875 0.67930895 0.5234131468750001 0.6613942828125 0.518201121875 0.6499347703125 0.506697678125 0.6521708140625 0.49282248281249996 0.6780313296875 0.488576084375 0.707365609375 0.49057851093749993 0.7176672
0 0.46031457812500004 0.69504105 0.4831936875 0.674557565625 0.485650625 0.6616073578125 0.4836481984375 0.6513057671875 0.47143468593750004 0.644770815625 0.4522622796875 0.648497553125 0.43825930625 0.658346671875 0.42946835781250003 0.6796553000000001 0.43601533437500006 0.697982540625 0.46031457812500004 0.69504105
0 0.4207485828125 0.6296779406249999 0.39440431875000004 0.61698070625 0.38486070781250004 0.6241812078125 0.38753061093749996 0.6379166640625 0.3991618328125 0.65169201875 0.417169659375 0.6624460828125 0.43121522656250005 0.6579340984375001 0.43046256562499996 0.6438259687500001 0.4207485828125 0.6296779406249999
0 0.389348653125 0.54490946875 0.3812963546875 0.4983659703125 0.3729599171875 0.4964228015625 0.36291920312500003 0.5215379703125 0.36134270625 0.564607703125 0.366682509375 0.5920786140625001 0.3711844671875 0.5947671296875 0.3768935953125 0.588311975 0.389348653125 0.54490946875
0 0.3656031171875 0.61723368125 0.35138717812500003 0.6003971359375 0.34563545625000003 0.6015151578125 0.34509575937500003 0.6140926921875 0.35810452656249997 0.6400729078125 0.3697357484375 0.6538482625 0.376112353125 0.650826971875 0.37861188281249997 0.6432138968750001 0.3656031171875 0.61723368125
0 0.3405086171875 0.6007299109375001 0.3436756234375 0.5965507 0.3410057203125 0.58281524375 0.320952875 0.5564224578125 0.29394113437499997 0.5402913609375 0.285732475 0.5543595890625 0.292904334375 0.5707835593749999 0.3167916609375 0.596431 0.33221477187500004 0.604123875 0.3405086171875 0.6007299109375001
0 0.28631476562499997 0.5471191875 0.28622957968749996 0.5364449234374999 0.27334859218749996 0.52647610625 0.2580106671875 0.529457496875 0.2568034953125 0.538601165625 0.2665174765625 0.5527491953125 0.28631476562499997 0.5471191875
0 0.274399403125 0.5779441609375 0.2613906375 0.5519639484375001 0.2420052671875 0.5290050234375 0.2388808546875 0.5385213671875 0.24747285 0.57248733125 0.260481615625 0.5984675453125 0.2739874859375 0.60653309375 0.27840425625 0.59854734375 0.274399403125 0.5779441609375
0 0.8190520921875001 0.41149307031250004 0.820216671875 0.3970122671875 0.8020810656249999 0.37024680625 0.7859904796875 0.3591200671875 0.7674003640625 0.3556064046875 0.762358709375 0.365495421875 0.766945853125 0.37885820312499996 0.7844139828125 0.4021898015625 0.8069237656249999 0.41563238281250003 0.8190520921875001 0.41149307031250004
0 0.834105878125 0.453112009375 0.8508639390624999 0.4676726109375 0.8643272171874999 0.47040102656249994 0.8687439875 0.46241527812500005 0.8679913265625 0.44830715000000004 0.851190671875 0.428409415625 0.830598128125 0.4145941609375 0.8248464078125 0.41571218125 0.8198047531249999 0.4256012 0.825059371875 0.4423978453125 0.834105878125 0.453112009375
0 0.7563654421875 0.4165509046875 0.7601147375 0.4051312921875 0.7561950703125 0.395202375 0.7426466078125 0.38179969375 0.72530625625 0.37447949375 0.7138028125 0.37671553593749996 0.7106784 0.3862318796875 0.7243120484375 0.4103088265625 0.748071596875 0.41994486875000003 0.7563654421875 0.4165509046875
0 0.776702428125 0.3983433640625 0.7663209703125 0.380761471875 0.7605692484375 0.38187949374999997 0.7574448359375 0.3913958375 0.7607822125 0.40856515625 0.767911478125 0.41965199531249997 0.778790040625 0.4193192203125 0.7806220953125 0.40827228125000004 0.776702428125 0.3983433640625
0 0.5220922078125 0.7364868140625 0.5286817765625 0.7601511859375 0.5358110421875 0.7712380234375 0.542187646875 0.7682167328125 0.5421024609375 0.75754246875 0.5342631265625 0.737684634375 0.5239668546875 0.7307770078125 0.5220922078125 0.7364868140625
0 0.7228913546875 0.633310471875 0.7242263046875 0.6401781984375 0.73910971875 0.6604486078125 0.7544902375 0.66280435 0.751152859375 0.64563503125 0.7343522046875 0.6257372953125 0.7260157671874999 0.6237941265625 0.7228913546875 0.633310471875
0 0.821451309375 0.79233275 0.8241212109375 0.8060682046875 0.8331677171875 0.8167823703125 0.85363248125 0.8145862265625 0.8567143015625 0.79973275 0.848917559375 0.785212046875 0.82332595625 0.7866229437500001 0.821451309375 0.79233275
0 0.7334857765625 0.6775780265625 0.718020071875 0.6645480203125 0.716145425 0.6702578265625 0.719482803125 0.6874271453125 0.7259871859375 0.700417253125 0.7350336921875 0.7111314171875 0.741410296875 0.7081101265624999 0.739990159375 0.6905681343750001 0.7334857765625 0.6775780265625
0 0.68379388125 0.62665581875 0.672162659375 0.612880465625 0.665161171875 0.6178050234375 0.6620367593750001 0.6273213671875 0.66528895 0.6338164203125001 0.685341796875 0.6602092093749999 0.6917184015625 0.65718791875 0.6909657390625 0.643079790625 0.68379388125 0.62665581875
0 0.556048271875 0.9009395984375 0.565464103125 0.8777277 0.559584603125 0.862834325 0.55383288125 0.8639523453125 0.54437445625 0.8818271109375001 0.5451271171875 0.895935240625 0.556048271875 0.9009395984375
0 0.5185272953125 0.8512152125 0.511852540625 0.816876575 0.502138559375 0.802728546875 0.498304078125 0.80347389375 0.505021425 0.8431496640624999 0.512150690625 0.854236503125 0.5185272953125 0.8512152125
0 0.40373440625 0.8236381796875 0.411360775 0.8168103515625 0.412567946875 0.80766668125 0.40543868125 0.79657984375 0.384391628125 0.8060163875 0.39093860468749997 0.8243436281250001 0.40373440625 0.8236381796875
0 0.35333244218750004 0.7639449765624999 0.3333221890625 0.7428893203125 0.3237359859375 0.744752690625 0.3218613390625 0.750462496875 0.32386376562499997 0.7607640875 0.3458338515625 0.7867842031250001 0.36830104218750004 0.79488965 0.37521734375000004 0.7792908265625 0.375714446875 0.7613761593749999 0.37237706875 0.744206840625 0.3659152796875 0.736553865625 0.3563290765625 0.7384172343750001 0.35333244218750004 0.7639449765624999
0 0.1944290078125 0.6629791859374999 0.21627131562500002 0.672987903125 0.22456516093749998 0.6695939390625 0.2302316953125 0.6578016515625 0.2288967453125 0.6509339234375 0.21142861562499998 0.627602325 0.19150354687499999 0.6172209343749999 0.16974642499999998 0.6178864828124999 0.1666220125 0.6274028265625 0.1705416796875 0.63733174375 0.1944290078125 0.6629791859374999
0 0.17494443906249998 0.5473857390625 0.171067365625 0.5427939546875 0.155729440625 0.5457753453125 0.1411441765625 0.5628648640625 0.1375226609375 0.590295875 0.14398444999999999 0.5979488484375 0.15994725781250002 0.593064190625 0.1756971 0.56149386875 0.17494443906249998 0.5473857390625
0 0.23595483593750002 0.7333067546875001 0.25204542343749997 0.7444334921875 0.27826190781250004 0.741119328125 0.286555753125 0.7377253640625 0.29159740625 0.7278363453125001 0.2850930234375 0.7148462375 0.27412927656249997 0.704504746875 0.239533759375 0.7005386109375 0.2255733796875 0.7157248609375 0.2269083296875 0.7225925890625 0.23595483593750002 0.7333067546875001
0 0.292477846875 0.757955871875 0.2713030140625 0.75138101875 0.2617168109375 0.7532443890625 0.2598421640625 0.7589541953125 0.262512065625 0.77268965 0.29215111562499996 0.7972190703125 0.315782884375 0.790843715625 0.3131129828125 0.777108259375 0.292477846875 0.757955871875
0 0.302873315625 0.8574980218749999 0.291781790625 0.8311451328125001 0.28148551875 0.8242375046875001 0.27902858125 0.8371877124999999 0.2850358609375 0.8680924875 0.29354267031250003 0.8913841859374999 0.3051313 0.8998224078125 0.3082131203125 0.8849689312500001 0.302873315625 0.8574980218749999
0 0.3252267390625 0.931552328125 0.33156075 0.9231939046875001 0.327598490625 0.90792785625 0.31217537968750003 0.90023498125 0.2994647640625 0.9116146953125 0.30859645625 0.9330031234374999 0.3252267390625 0.931552328125
0 0.1995698578125 0.7457246890625 0.203489525 0.75565360625 0.21186855625 0.7629339078124999 0.23233332031249998 0.7607377640624999 0.2334979 0.7462569625000001 0.2218666765625 0.73248160625 0.2039440359375 0.7324018078125001 0.1995698578125 0.7457246890625
0 0.10955874843749999 0.8558748796875 0.1158075734375 0.8368421937500001 0.11680178125 0.8010128609375 0.112129453125 0.7769758140625 0.097828328125 0.749465003125 0.09211919843750001 0.7559201578125 0.0899604125 0.80623029375 0.09730264375 0.8440027953125 0.107016625 0.8581508234375 0.10955874843749999 0.8558748796875
0 0.0730319796875 0.7703211609375 0.076909053125 0.774912946875 0.0871201390625 0.7711463078125 0.0927014890625 0.7486797562499999 0.09186364218750001 0.7238973640624999 0.0851888859375 0.689558725 0.0813118125 0.6849669406250001 0.07364285000000001 0.6864576359375001 0.0705184375 0.6959739796875 0.06835965000000001 0.7462841140625 0.0730319796875 0.7703211609375