0 0.48671875 0.303125 0.0953125 0.05625
0 0.40625 0.64375 0.059375 0.103125
0 0.2828125 0.6234375 0.0625 0.090625
0 0.2015625 0.73046875 0.059375 0.1171875
0 0.14921875 0.65546875 0.0765625 0.1046875
0 0.11640625 0.57578125 0.1109375 0.0953125
0 0.16640625 0.08125 0.0703125 0.1625
0 0.5171875 0.59765625 0.065625 0.0796875
0 0.2609375 0.70546875 0.04375 0.059375
0 0.49453125 0.64296875 0.02421875 0.04453125
0 0.5859375 0.625 0.04609375 0.06875
0 0.53125 0.671875 0.02421875 0.06875
0 0.353125 0.67421875 0.03515625 0.0390625
0 0.62890625 0.67265625 0.0484375 0.065625
0 0.57734375 0.6859375 0.028125 0.059375
0 0.31796875 0.5296875 0.053125 0.0515625
0 0.49375 0.70078125 0.025 0.0671875
0 0.12578125 0.77109375 0.0609375 0.0953125
0 0.31953125 0.13203125 0.06953125 0.0484375
0 0.42421875 0.2890625 0.053125 0.02734375
0 0.69375 0.60234375 0.025 0.05546875
0 0.25625 0.5421875 0.0453125 0.0578125
0 0.37734375 0.2359375 0.0703125 0.04140625
0 0.4375 0.54765625 0.06328125 0.04375
0 0.3140625 0.21640625 0.06484375 0.0390625
0 0.896875 0.5875 0.02578125 0.0609375
0 0.609375 0.575 0.02265625 0.04453125
0 0.5140625 0.359375 0.02265625 0.06015625
0 0.89921875 0.65546875 0.02890625 0.04375