0 0.4875 0.52265625 0.1046875 0.1703125
0 0.42578125 0.60078125 0.128125 0.1625
0 0.459375 0.44921875 0.0953125 0.1609375
0 0.35234375 0.50859375 0.1125 0.1578125
0 0.40234375 0.4046875 0.1265625 0.175
0 0.43671875 0.23984375 0.11875 0.1640625
0 0.40546875 0.121875 0.109375 0.15625
0 0.478125 0.09609375 0.0953125 0.1625
0 0.55625 0.1359375 0.0765625 0.1171875
0 0.5921875 0.3703125 0.0984375 0.1609375
0 0.67109375 0.471875 0.0890625 0.1546875
0 0.6640625 0.33515625 0.1203125 0.1765625
0 0.67265625 0.22890625 0.075 0.1109375
0 0.62890625 0.20078125 0.0734375 0.1