0 0.6484375 0.5421875 0.1390625 0.08125
0 0.59453125 0.45859375 0.134375 0.0828125
0 0.47265625 0.43125 0.1109375 0.0875
0 0.3625 0.44140625 0.10625 0.0875
0 0.24453125 0.3984375 0.11875 0.075
0 0.2328125 0.440625 0.13125 0.075
0 0.38828125 0.5078125 0.125 0.08125
0 0.45234375 0.55859375 0.10625 0.065625
0 0.6875 0.64375 0.1125 0.084375
0 0.72890625 0.51015625 0.1234375 0.0796875
0 0.76171875 0.5703125 0.096875 0.0546875
0 0.3625 0.39296875 0.0984375 0.059375
0 0.91875 0.61484375 0.1234375 0.0609375
0 0.5171875 0.5234375 0.0953125 0.059375
0 0.3 0.490625 0.096875 0.065625
0 0.55859375 0.57890625 0.1015625 0.0578125
0 0.8 0.6765625 0.09375 0.059375
0 0.2453125 0.34296875 0.0984375 0.0578125
0 0.88203125 0.721875 0.103125 0.0609375
0 0.059375 0.3859375 0.0984375 0.053125
0 0.16171875 0.3109375 0.0875 0.0484375