0 0.61875 0.72578125 0.08125 0.0921875
0 0.5265625 0.73203125 0.10625 0.096875
0 0.6296875 0.61171875 0.1015625 0.096875
0 0.8328125 0.6125 0.1359375 0.1046875
0 0.8 0.72890625 0.0921875 0.1203125
0 0.6953125 0.73203125 0.05625 0.0921875
0 0.4484375 0.71875 0.065625 0.0734375
0 0.3703125 0.69765625 0.0828125 0.1
0 0.23359375 0.6203125 0.096875 0.06875
0 0.29765625 0.5875 0.0765625 0.0765625
0 0.19921875 0.646875 0.03125 0.034375
0 0.62890625 0.58046875 0.1125 0.0546875
0 0.08046875 0.64609375 0.04375 0.028125
0 0.32109375 0.6625 0.04375 0.0484375
0 0.40078125 0.6625 0.040625 0.0453125
0 0.29765625 0.70625 0.0640625 0.071875
0 0.40234375 0.60078125 0.0296875 0.021875
0 0.4578125 0.64453125 0.034375 0.0296875
0 0.51171875 0.63203125 0.03125 0.0390625
0 0.34375 0.56328125 0.059375 0.0359375
0 0.040625 0.65703125 0.0390625 0.053125
0 0.88671875 0.7578125 0.05625 0.0484375
0 0.00859375 0.6390625 0.0171875 0.040625
0 0.55078125 0.625 0.034375 0.0390625
0 0.4515625 0.58359375 0.0390625 0.040625
0 0.01015625 0.60234375 0.0203125 0.0296875
0 0.9578125 0.7625 0.0640625 0.0578125
0 0.16328125 0.67421875 0.096875 0.05
0 0.9453125 0.68515625 0.046875 0.0359375
0 0.96015625 0.246875 0.0265625 0.0390625