0 0.52265625 0.5671875 0.184375 0.26875
0 0.68828125 0.47734375 0.140625 0.090625
0 0.7078125 0.38046875 0.1484375 0.153125
0 0.78359375 0.64921875 0.1015625 0.0921875
0 0.7546875 0.69140625 0.134375 0.08125
0 0.7546875 0.7390625 0.1140625 0.0953125
0 0.7671875 0.815625 0.1046875 0.075
0 0.79140625 0.91796875 0.0890625 0.1203125
0 0.678125 0.89921875 0.1078125 0.1
0 0.59453125 0.7796875 0.096875 0.115625
0 0.503125 0.803125 0.096875 0.115625
0 0.44453125 0.73828125 0.096875 0.1015625
0 0.38359375 0.675 0.084375 0.109375
0 0.2671875 0.73203125 0.134375 0.1015625
0 0.26484375 0.61484375 0.121875 0.0984375
0 0.2515625 0.50703125 0.0890625 0.13125
0 0.0734375 0.44296875 0.146875 0.1484375