0 0.43984375 0.46171875 0.25625 0.1609375
0 0.5671875 0.32265625 0.078125 0.1359375
0 0.66640625 0.32734375 0.140625 0.1359375
0 0.42421875 0.18828125 0.084375 0.09375
0 0.37578125 0.20625 0.06875 0.1296875
0 0.3296875 0.1953125 0.084375 0.10625
0 0.25859375 0.1640625 0.065625 0.1
0 0.16484375 0.11640625 0.1140625 0.0796875
0 0.15546875 0.23046875 0.090625 0.1015625
0 0.25078125 0.340625 0.1078125 0.0859375
0 0.20703125 0.42421875 0.1078125 0.0859375
0 0.25546875 0.49609375 0.0953125 0.0890625
0 0.3015625 0.57109375 0.103125 0.075
0 0.21875 0.66953125 0.0890625 0.1265625
0 0.33203125 0.70078125 0.0890625 0.1140625
0 0.4328125 0.73984375 0.1265625 0.0765625
0 0.4515625 0.92890625 0.1375 0.140625