0 0.53203125 0.49375 0.221875 0.178125
0 0.70546875 0.4859375 0.2 0.1984375
0 0.58046875 0.63984375 0.25 0.1734375
0 0.79453125 0.65234375 0.184375 0.165625
0 0.58515625 0.3578125 0.2015625 0.2046875
0 0.48671875 0.39609375 0.15625 0.1359375
0 0.40390625 0.346875 0.1796875 0.1671875
0 0.26328125 0.2875 0.203125 0.15625
0 0.06484375 0.1671875 0.1296875 0.153125
0 0.11171875 0.375 0.1875 0.1265625
0 0.4171875 0.47265625 0.209375 0.1703125
0 0.3265625 0.59296875 0.2203125 0.171875
0 0.184375 0.478125 0.2015625 0.1671875
0 0.32109375 0.6375 0.184375 0.190625
0 0.24375 0.38515625 0.1515625 0.115625
0 0.3109375 0.41875 0.1375 0.1109375
0 0.97109375 0.6375 0.0578125 0.125
0 0.46875 0.74921875 0.21875 0.1296875
0 0.928125 0.7421875 0.14375 0.175