0 0.33359375 0.59765625 0.1484375 0.1265625
0 0.43125 0.78515625 0.1296875 0.1046875
0 0.55390625 0.89921875 0.1234375 0.078125
0 0.49609375 0.965625 0.1609375 0.06875
0 0.6984375 0.97109375 0.115625 0.0578125
0 0.61875 0.834375 0.1328125 0.10625
0 0.6609375 0.22734375 0.16875 0.1203125
0 0.665625 0.42421875 0.134375 0.0921875
0 0.88046875 0.559375 0.153125 0.1328125
0 0.8453125 0.8171875 0.19375 0.1578125
0 0.83046875 0.25 0.1296875 0.1109375
0 0.6609375 0.09609375 0.1484375 0.096875
0 0.4984375 0.09375 0.171875 0.1078125
0 0.33359375 0.109375 0.184375 0.1046875
0 0.2015625 0.12265625 0.1625 0.1046875
0 0.2015625 0.20625 0.115625 0.0984375
0 0.06640625 0.28828125 0.071875 0.0890625
0 0.2140625 0.32265625 0.19375 0.171875
0 0.03125 0.59296875 0.0625 0.0921875
0 0.084375 0.74296875 0.125 0.1140625
0 0.2171875 0.78828125 0.1296875 0.115625
0 0.49375 0.675 0.134375 0.1125
0 0.86640625 0.11328125 0.14375 0.0953125
0 0.5890625 0.0328125 0.103125 0.065625
0 0.42578125 0.0234375 0.1015625 0.046875