0 0.6265625 0.56640625 0.15 0.19375
0 0.62421875 0.36953125 0.165625 0.1953125
0 0.79765625 0.57734375 0.2484375 0.3078125
0 0.7953125 0.275 0.21875 0.275
0 0.68125 0.11640625 0.19375 0.2328125
0 0.4984375 0.06328125 0.178125 0.1265625
0 0.3109375 0.09609375 0.2328125 0.171875
0 0.475 0.2484375 0.1890625 0.271875
0 0.48828125 0.49140625 0.203125 0.153125
0 0.37890625 0.3984375 0.1890625 0.2203125
0 0.721875 0.77109375 0.1703125 0.2265625
0 0.86796875 0.87421875 0.18125 0.13125
0 0.54375 0.709375 0.1328125 0.1765625
0 0.35390625 0.20625 0.11875 0.165625