0 0.193164059375 0.6181640640625 0.1599609359375 0.5732421859375 0.12578125 0.546875 0.096875 0.548802084375 0.096875 0.5496875078125 0.130664059375 0.6240234359375 0.178515621875 0.65625 0.198046871875 0.65625 0.193164059375 0.6181640640625
0 0.10810546562500001 0.4607421875 0.13740234375 0.4568359375 0.193066403125 0.3875 0.17610212187500002 0.38125 0.17250278125000001 0.38125 0.127636715625 0.3943359375 0.08125 0.4387898734375 0.08125 0.43964146406250004 0.10810546562500001 0.4607421875
0 0.2926757796875 0.3331054703125 0.294628903125 0.31943359375 0.248730465625 0.27939453125 0.22257254375 0.2671875 0.2162109375 0.2671875 0.1984375 0.2752663359375 0.1984375 0.287695371875 0.1989257796875 0.29990234375 0.21552734375 0.31259765625 0.2926757796875 0.3331054703125
0 0.20419922031249998 0.232031246875 0.22666015625 0.1919921875 0.22666015625 0.1646484375 0.20764382656249997 0.1546875 0.2054361953125 0.1546875 0.1859375 0.17595880625 0.1859375 0.2118472453125 0.20419922031249998 0.232031246875
0 0.319433590625 0.3380859390625 0.357519528125 0.33515625 0.346777340625 0.2990234390625 0.3131835890625 0.290625 0.306074215625 0.290625 0.296875 0.2982910140625 0.296875 0.3004882875 0.319433590625 0.3380859390625
0 0.2182617171875 0.4978515609375 0.2602539078125 0.4949218734375 0.25152995 0.46875 0.203125 0.46875 0.203125 0.4694702171875 0.2182617171875 0.4978515609375
0 0.2671875 0.514355359375 0.267480471875 0.524609375 0.28408203125 0.5294921859375 0.2984375 0.482597665625 0.2984375 0.481485521875 0.2832356796875 0.4734375 0.28160807656250003 0.4734375 0.2671875 0.489660646875 0.2671875 0.514355359375
0 0.22880859375 0.55849609375 0.26067707812499996 0.5671875 0.26099152187499997 0.5671875 0.24074551249999998 0.521875 0.2387369734375 0.521875 0.2203125 0.5268998578125 0.2203125 0.5313085890625 0.22880859375 0.55849609375
0 0.25068359375 0.6200195296875 0.25458984375 0.6043945296875 0.234189965625 0.5859375 0.203125 0.5859375 0.203125 0.5863606796874999 0.22041015625 0.61708984375 0.25068359375 0.6200195296875
0 0.1997070328125 0.734375 0.22216796875 0.7158203140625 0.2202148453125 0.6884765640625 0.199056 0.6859375 0.1955322265625 0.6859375 0.175 0.715802553125 0.175 0.7190755234374999 0.18005859531249999 0.7359375 0.1840820453125 0.7359375 0.1997070328125 0.734375
0 0.27802734375 0.7853515625 0.286816403125 0.7570312484375 0.27509765625 0.727734375 0.2579456703125 0.71875 0.2528320296875 0.71875 0.2375 0.734082028125 0.2375 0.73552735 0.2614257796875 0.782421875 0.27802734375 0.7853515625
0 0.737402340625 0.7517578140625 0.748144528125 0.717578125 0.72763671875 0.7126953140625 0.703125 0.7428635796874999 0.703125 0.745922859375 0.710058590625 0.7615234375 0.737402340625 0.7517578140625
0 0.79013671875 0.7949218734375 0.834082028125 0.7822265640625 0.811621090625 0.7597656265625 0.75 0.7636169421875 0.75 0.7680664203124999 0.753027340625 0.7832031265625 0.79013671875 0.7949218734375
0 0.90498046875 0.87109375 0.91376953125 0.8408203140625 0.8795898453125 0.8300781265625 0.8296875 0.86270658125 0.8296875 0.8655983624999999 0.83955078125 0.8916015640625 0.8561523453125 0.8964843734375 0.90498046875 0.87109375
0 0.8890625 0.8149002859375001 0.907519534375 0.8255859359375 0.947558596875 0.7718749984375 0.94468359375 0.7 0.9400301843750001 0.7 0.908496096875 0.7093749984375 0.8890625 0.765824971875 0.8890625 0.8149002859375001
0 0.6846679703125 0.502343753125 0.71494140625 0.4798828125 0.71884765625 0.462304690625 0.6938867140625 0.4484375 0.6916992234375 0.4484375 0.6625 0.47763672343749997 0.6625 0.48313801874999995 0.66708984375 0.4984375 0.6846679703125 0.502343753125
0 0.0640625 0.2730171515625 0.0640625 0.276777334375 0.06835937343750001 0.303417965625 0.0921875 0.310089840625 0.0921875 0.30665458125 0.0860169875 0.26875 0.0836913921875 0.26875 0.0640625 0.2730171515625
0 0.025 0.3046874953125 0.035644532812500004 0.3259765609375 0.07568359218750001 0.3191406234375 0.0456734015625 0.296875 0.044694009374999996 0.296875 0.025 0.3022460921875 0.025 0.3046874953125
0 0.0828125 0.3204589859375 0.0928710921875 0.335546875 0.12705078281249998 0.3267578109375 0.106008428125 0.309375 0.10177734218750001 0.309375 0.0828125 0.317277015625 0.0828125 0.3204589859375