0 0.234375 0.7890625 0.0984375 0.103125
0 0.18203125 0.728125 0.0734375 0.0875
0 0.209375 0.60703125 0.08125 0.103125
0 0.25546875 0.36015625 0.103125 0.09375
0 0.32578125 0.29375 0.0765625 0.0859375
0 0.4796875 0.30234375 0.059375 0.1
0 0.53671875 0.2671875 0.0625 0.1015625
0 0.5734375 0.36015625 0.0828125 0.109375
0 0.4890625 0.4625 0.075 0.08125
0 0.4953125 0.534375 0.071875 0.0796875
0 0.67109375 0.521875 0.053125 0.0859375
0 0.70234375 0.36171875 0.0484375 0.0984375
0 0.66171875 0.10234375 0.0984375 0.1578125
0 0.5984375 0.08046875 0.0484375 0.0953125
0 0.5140625 0.1765625 0.065625 0.0921875
0 0.62734375 0.71640625 0.0546875 0.1
0 0.646875 0.82421875 0.0796875 0.1265625
0 0.78046875 0.90625 0.0625 0.1
0 0.8203125 0.94609375 0.0625 0.1078125
0 0.79296875 0.7859375 0.0640625 0.096875
0 0.115625 0.834375 0.0921875 0.1390625
0 0.49140625 0.67265625 0.040625 0.05625
0 0.71484375 0.5671875 0.0390625 0.059375
0 0.09375 0.9390625 0.0421875 0.065625
0 0.42109375 0.80390625 0.065625 0.0703125
0 0.53125 0.66640625 0.0625 0.0546875
0 0.65078125 0.3078125 0.0421875 0.090625
0 0.7953125 0.71640625 0.046875 0.065625
0 0.515625 0.03828125 0.040625 0.0703125
0 0.471875 0.08125 0.0609375 0.0703125
0 0.7453125 0.31328125 0.0671875 0.0671875
0 0.43125 0.503125 0.0578125 0.103125
0 0.9359375 0.92890625 0.06875 0.065625
0 0.1421875 0.95234375 0.053125 0.05625
0 0.7390625 0.3640625 0.053125 0.06875
0 0.865625 0.75 0.0625 0.0671875
0 0.45546875 0.23359375 0.075 0.0921875
0 0.37109375 0.425 0.0578125 0.1140625
0 0.7671875 0.2046875 0.084375 0.08125
0 0.478125 0.8484375 0.04375 0.059375
0 0.175 0.56875 0.0671875 0.05625
0 0.35390625 0.5359375 0.053125 0.090625
0 0.32421875 0.90390625 0.0546875 0.0796875
0 0.49140625 0.79453125 0.0375 0.0640625
0 0.2390625 0.4875 0.0703125 0.084375
0 0.2796875 0.64765625 0.0546875 0.09375
0 0.0328125 0.9375 0.065625 0.0625
0 0.22265625 0.9125 0.0453125 0.09375
0 0.64453125 0.0359375 0.0828125 0.0515625
0 0.31171875 0.25390625 0.078125 0.075