0 0.68671875 0.4265625 0.10625 0.115625
0 0.60234375 0.47890625 0.078125 0.0921875
0 0.4890625 0.5703125 0.1015625 0.10625
0 0.40703125 0.5828125 0.0765625 0.1078125
0 0.3390625 0.56171875 0.0859375 0.0953125
0 0.25 0.53671875 0.084375 0.1125
0 0.17265625 0.52265625 0.096875 0.1140625
0 0.0875 0.50390625 0.1171875 0.1515625
0 0.103125 0.6171875 0.06875 0.0703125
0 0.2265625 0.5984375 0.0609375 0.0609375
0 0.46171875 0.46328125 0.0828125 0.1
0 0.82578125 0.36171875 0.10625 0.1125
0 0.92890625 0.36796875 0.10625 0.109375
0 0.87109375 0.475 0.05625 0.05625
0 0.61171875 0.56640625 0.0640625 0.0609375
0 0.38046875 0.4890625 0.0796875 0.065625
0 0.0265625 0.5171875 0.053125 0.0875
0 0.73046875 0.5328125 0.053125 0.0484375