0 0.653125 0.53828125 0.075 0.05
0 0.70625 0.5109375 0.065625 0.040625
0 0.5515625 0.74921875 0.059375 0.0390625
0 0.42734375 0.63671875 0.0578125 0.046875
0 0.39140625 0.3828125 0.05625 0.04375
0 0.65078125 0.23046875 0.08125 0.0421875
0 0.45234375 0.7703125 0.03359375 0.02578125
0 0.39140625 0.8265625 0.02265625 0.03125
0 0.50625 0.38359375 0.03203125 0.0234375
0 0.51171875 0.60859375 0.04765625 0.03359375
0 0.6890625 0.45703125 0.03515625 0.03828125
0 0.60078125 0.378125 0.0328125 0.02734375
0 0.47421875 0.79609375 0.03359375 0.0234375
0 0.3328125 0.6109375 0.01953125 0.02734375
0 0.63984375 0.22890625 0.0234375 0.02578125
0 0.51640625 0.70390625 0.034375 0.034375
0 0.475 0.8296875 0.03359375 0.02421875
0 0.50703125 0.5515625 0.021875 0.025
0 0.50390625 0.22890625 0.04921875 0.04765625
0 0.3609375 0.7984375 0.02578125 0.02109375
0 0.78671875 0.6046875 0.01953125 0.02890625
0 0.43125 0.4765625 0.02265625 0.0296875
0 0.54453125 0.90390625 0.03359375 0.0296875
0 0.51640625 0.85546875 0.03125 0.03359375
0 0.5453125 0.771875 0.02890625 0.03125
0 0.72421875 0.709375 0.025 0.02890625
0 0.61015625 0.2953125 0.0296875 0.0234375
0 0.6359375 0.67421875 0.02890625 0.028125
0 0.525 0.80390625 0.03125 0.025
0 0.6890625 0.37734375 0.0265625 0.0203125
0 0.40625 0.34375 0.01796875 0.02734375
0 0.39921875 0.259375 0.028125 0.02734375
0 0.4453125 0.43359375 0.028125 0.02421875
0 0.57734375 0.34453125 0.034375 0.01796875
0 0.31953125 0.15234375 0.03515625 0.0203125
0 0.27109375 0.3859375 0.02265625 0.0203125
0 0.740625 0.17578125 0.025 0.02734375
0 0.4453125 0.55234375 0.02265625 0.0203125
0 0.44453125 0.16640625 0.04140625 0.0203125
0 0.4078125 0.14765625 0.0234375 0.0234375
0 0.38671875 0.2140625 0.01875 0.021875
0 0.49375 0.31953125 0.02578125 0.0203125
0 0.69375 0.4234375 0.0375 0.01875
0 0.384375 0.0828125 0.046875 0.0265625
0 0.55 0.70625 0.021875 0.0265625
0 0.70625 0.73828125 0.0296875 0.01640625
0 0.76171875 0.2234375 0.025 0.0265625
0 0.2875 0.0578125 0.028125 0.03515625
0 0.753125 0.15625 0.03515625 0.02109375
0 0.43984375 0.45390625 0.0359375 0.02109375
0 0.63359375 0.11640625 0.021875 0.03046875
0 0.75859375 0.54375 0.02578125 0.0203125
0 0.6734375 0.07734375 0.040625 0.0203125
0 0.66484375 0.1875 0.015625 0.025