0 0.5478515625 0.43376865625 0.544921875 0.4425139921875 0.544921875 0.4495102609375 0.5595703125 0.472248134375 0.591796875 0.47399720156249997 0.603515625 0.4600046640625 0.5849609375 0.43376865625 0.5576171875 0.42677238749999996 0.5478515625 0.43376865625
0 0.560546875 0.5019822765625 0.5419921875 0.47574626875000003 0.5283203125 0.47574626875000003 0.525390625 0.4949860078125 0.537109375 0.5264692171875 0.5498046875 0.5492070890625 0.56640625 0.5579524250000001 0.5703125 0.55095615625 0.5703125 0.53696361875 0.560546875 0.5019822765625
0 0.54296875 0.540461753125 0.5205078125 0.5002332093749999 0.5009765625 0.48274253749999996 0.4931640625 0.486240671875 0.4921875 0.5019822765625 0.49609375 0.5264692171875 0.5078125 0.561450559375 0.5263671875 0.5841884328125 0.541015625 0.582439365625 0.544921875 0.5719449625 0.54296875 0.540461753125
0 0.4775390625 0.493236940625 0.4599609375 0.47924440312499994 0.45703125 0.4844916046875 0.45703125 0.5019822765625 0.462890625 0.5229710828125 0.4775390625 0.5527052234375 0.4921875 0.55095615625 0.4921875 0.5264692171875 0.486328125 0.5089785453125 0.4775390625 0.493236940625
0 0.4072265625 0.47924440312499994 0.404296875 0.49848414218750003 0.41796875 0.540461753125 0.4326171875 0.5666977609375 0.453125 0.5719449625 0.455078125 0.5579524250000001 0.447265625 0.5229710828125 0.4189453125 0.47924440312499994 0.4072265625 0.47924440312499994
0 0.48828125 0.6803871265625 0.4921875 0.6628964546875 0.4892578125 0.650652984375 0.4775390625 0.650652984375 0.458984375 0.6733908578125 0.44921875 0.7013759328125 0.44921875 0.7118703359375 0.4521484375 0.7171175375 0.4609375 0.7153684703125001 0.4716796875 0.706623134375 0.48828125 0.6803871265625
0 0.455078125 0.6454057828125 0.4443359375 0.6366604484375 0.4248046875 0.6366604484375 0.4091796875 0.6436567171875 0.396484375 0.6628964546875 0.3994140625 0.68213619375 0.423828125 0.6838852609375 0.4501953125 0.66814365625 0.455078125 0.6559001859375 0.455078125 0.6454057828125
0 0.36328125 0.5999300375 0.36328125 0.6139225749999999 0.3720703125 0.6296641796875 0.3876953125 0.6436567171875 0.40234375 0.64190765 0.404296875 0.6279151125 0.3974609375 0.6121735078125 0.3740234375 0.5946828359375 0.36328125 0.5999300375
0 0.3759765625 0.472248134375 0.361328125 0.4949860078125 0.3515625 0.53696361875 0.3515625 0.56494869375 0.35546875 0.568446828125 0.3623046875 0.5631996265625 0.3828125 0.5229710828125 0.3837890625 0.47574626875000003 0.3759765625 0.472248134375
0 0.3291015625 0.5701958953124999 0.326171875 0.582439365625 0.333984375 0.610424440625 0.3427734375 0.6261660453125 0.349609375 0.624416978125 0.353515625 0.6174207093749999 0.345703125 0.589435634375 0.3349609375 0.5701958953124999 0.3291015625 0.5701958953124999
0 0.3134765625 0.521222015625 0.2900390625 0.5002332093749999 0.279296875 0.5124766796875 0.283203125 0.52996735 0.3017578125 0.5597014921875 0.3154296875 0.5701958953124999 0.32421875 0.568446828125 0.328125 0.56494869375 0.328125 0.55095615625 0.3134765625 0.521222015625
0 0.28125 0.5054804109375 0.283203125 0.4949860078125 0.2724609375 0.48274253749999996 0.2568359375 0.48274253749999996 0.25390625 0.4914878734375 0.2607421875 0.507229478125 0.28125 0.5054804109375
0 0.2412109375 0.47924440312499994 0.236328125 0.4879897390625 0.23828125 0.5229710828125 0.24609375 0.55095615625 0.2578125 0.561450559375 0.263671875 0.5544542906250001 0.263671875 0.533465484375 0.255859375 0.5054804109375 0.2412109375 0.47924440312499994
0 0.8076171875 0.416277984375 0.7900390625 0.40928171718749995 0.783203125 0.4180270515625 0.78515625 0.43201958906250004 0.7978515625 0.45825559687500006 0.8173828125 0.47574626875000003 0.830078125 0.47399720156249997 0.833984375 0.4600046640625 0.8212890625 0.430270521875 0.8076171875 0.416277984375
0 0.87109375 0.5194729484375 0.8583984375 0.49673507499999997 0.8408203125 0.47924440312499994 0.8349609375 0.47924440312499994 0.828125 0.4879897390625 0.830078125 0.5054804109375 0.8369140625 0.51772388125 0.8505859375 0.5352145515625 0.86328125 0.540461753125 0.869140625 0.533465484375 0.87109375 0.5194729484375
0 0.7607421875 0.430270521875 0.7451171875 0.41977611875000004 0.7333984375 0.41977611875000004 0.728515625 0.4285214546875 0.7373046875 0.45475746250000004 0.7587890625 0.46875 0.767578125 0.46700093281250005 0.7734375 0.4565065296875 0.771484375 0.4460121265625 0.7607421875 0.430270521875
0 0.7783203125 0.43376865625 0.7734375 0.4425139921875 0.7734375 0.4600046640625 0.7783203125 0.472248134375 0.7890625 0.47399720156249997 0.79296875 0.46350279843750003 0.791015625 0.4530083953125 0.7841796875 0.43376865625 0.7783203125 0.43376865625
0 0.478515625 0.7608442171875 0.4833984375 0.7730876859375 0.490234375 0.77133861875 0.4921875 0.7608442171875 0.48828125 0.7398554109375 0.4794921875 0.7311100749999999 0.4765625 0.7363572765625 0.478515625 0.7608442171875
0 0.693359375 0.6803871265625 0.7041015625 0.703125 0.71875 0.7083722015625 0.71875 0.6908815296874999 0.7060546875 0.66814365625 0.6982421875 0.664645521875 0.693359375 0.6733908578125 0.693359375 0.6803871265625
0 0.759765625 0.8622901125 0.7666015625 0.8745335828125 0.787109375 0.8762826499999999 0.79296875 0.8622901125 0.7880859375 0.8465485078125001 0.7626953125 0.8430503734375 0.759765625 0.8482975749999999 0.759765625 0.8622901125
0 0.6796875 0.7083722015625 0.6796875 0.7258628734375 0.68359375 0.7398554109375 0.6904296875 0.75209888125 0.697265625 0.7503498140625 0.69921875 0.7328591421875 0.6953125 0.7188666046875001 0.6826171875 0.703125 0.6796875 0.7083722015625
0 0.6396484375 0.64715485 0.634765625 0.6559001859375 0.63671875 0.6628964546875 0.6513671875 0.6926305968750001 0.658203125 0.6908815296874999 0.66015625 0.6768889921875 0.65625 0.6593983203125 0.6474609375 0.6436567171875 0.6396484375 0.64715485
0 0.478515625 0.9042677234375001 0.4921875 0.8832789171875 0.4892578125 0.8675373140625 0.4833984375 0.8675373140625 0.470703125 0.8832789171875 0.46875 0.8972714546875 0.478515625 0.9042677234375001
0 0.451171875 0.8482975749999999 0.451171875 0.81331623125 0.4443359375 0.7975746265625 0.4404296875 0.7975746265625 0.439453125 0.837803171875 0.4443359375 0.8500466421875 0.451171875 0.8482975749999999
0 0.34375 0.79932369375 0.3525390625 0.7940764921875 0.35546875 0.78533115625 0.3505859375 0.7730876859375 0.328125 0.7783348875 0.3310546875 0.7975746265625 0.34375 0.79932369375
0 0.314453125 0.76434235 0.32421875 0.7503498140625 0.328125 0.7328591421875 0.328125 0.7153684703125001 0.3232421875 0.706623134375 0.3134765625 0.706623134375 0.3056640625 0.7311100749999999 0.2900390625 0.706623134375 0.2802734375 0.706623134375 0.27734375 0.7118703359375 0.27734375 0.7223647390625 0.2939453125 0.75209888125 0.314453125 0.76434235
0 0.205078125 0.5964319031249999 0.1923828125 0.5701958953124999 0.1748046875 0.5562033578125 0.1533203125 0.5527052234375 0.1484375 0.561450559375 0.150390625 0.5719449625 0.1689453125 0.6016791046875001 0.1884765625 0.6156716421875 0.197265625 0.6139225749999999 0.205078125 0.603428171875 0.205078125 0.5964319031249999
0 0.1533203125 0.47924440312499994 0.1357421875 0.493236940625 0.126953125 0.5194729484375 0.1318359375 0.5282182828125 0.1484375 0.5264692171875 0.169921875 0.49848414218750003 0.171875 0.4844916046875 0.1689453125 0.47924440312499994 0.1533203125 0.47924440312499994
0 0.251953125 0.6838852609375 0.248046875 0.6698927234375 0.2392578125 0.657649253125 0.2060546875 0.64715485 0.189453125 0.6593983203125 0.189453125 0.6663945890625 0.1962890625 0.678638059375 0.2099609375 0.6926305968750001 0.236328125 0.6943796640625 0.2451171875 0.6926305968750001 0.251953125 0.6838852609375
0 0.2177734375 0.703125 0.21484375 0.7083722015625 0.21484375 0.7223647390625 0.2392578125 0.75209888125 0.263671875 0.7503498140625 0.263671875 0.7363572765625 0.2470703125 0.7136194031249999 0.2275390625 0.703125 0.2177734375 0.703125
0 0.2236328125 0.7765858203125 0.21875 0.7888292906250001 0.21875 0.8203125 0.22265625 0.844799440625 0.232421875 0.85529384375 0.23828125 0.8413013062499999 0.23828125 0.81331623125 0.232421875 0.78533115625 0.2236328125 0.7765858203125
0 0.24609375 0.8902751859375 0.25390625 0.8832789171875 0.2529296875 0.8675373140625 0.2392578125 0.8570429109375001 0.224609375 0.865788246875 0.2294921875 0.88852611875 0.24609375 0.8902751859375
0 0.16015625 0.6943796640625 0.1669921875 0.703125 0.1875 0.7048740671875 0.19140625 0.6908815296874999 0.1826171875 0.6751399250000001 0.1650390625 0.6716417906250001 0.158203125 0.6838852609375 0.16015625 0.6943796640625
0 0.06640625 0.6978777984375 0.0576171875 0.66814365625 0.05078125 0.6733908578125 0.0390625 0.7223647390625 0.0390625 0.7608442171875 0.0458984375 0.7765858203125 0.048828125 0.774836753125 0.05859375 0.7573460828125 0.06640625 0.7223647390625 0.06640625 0.6978777984375
0 0.056640625 0.64190765 0.056640625 0.60692630625 0.0537109375 0.6016791046875001 0.0458984375 0.6016791046875001 0.041015625 0.610424440625 0.029296875 0.6593983203125 0.029296875 0.6838852609375 0.0322265625 0.6891324625 0.04296875 0.6873833953124999 0.052734375 0.6663945890625 0.056640625 0.64190765