0 0.49453125 0.4671875 0.1734375 0.21875
0 0.49296875 0.29375 0.19375 0.1953125
0 0.6421875 0.425 0.1671875 0.246875
0 0.6625 0.2109375 0.1609375 0.18125
0 0.3609375 0.41015625 0.2015625 0.1984375
0 0.3953125 0.509375 0.1328125 0.1546875
0 0.34375 0.590625 0.1625 0.1765625
0 0.2796875 0.72890625 0.1515625 0.2
0 0.1515625 0.9296875 0.15 0.140625
0 0.36171875 0.88359375 0.121875 0.1859375
0 0.46953125 0.58125 0.1640625 0.20625
0 0.5875 0.6765625 0.165625 0.21875
0 0.4671875 0.81484375 0.1625 0.1984375