0 0.4921875 0.52421875 0.084375 0.1625
0 0.4484375 0.6140625 0.109375 0.15
0 0.44921875 0.45859375 0.075 0.1546875
0 0.3578125 0.5390625 0.09375 0.146875
0 0.38515625 0.42734375 0.10625 0.1625
0 0.38359375 0.25859375 0.0984375 0.153125
0 0.32890625 0.14921875 0.090625 0.146875
0 0.39453125 0.109375 0.075 0.15625
0 0.4796875 0.1328125 0.0625 0.109375
0 0.56328125 0.35390625 0.078125 0.153125
0 0.6609375 0.4375 0.06875 0.146875
0 0.62578125 0.3046875 0.1 0.165625
0 0.6125 0.19921875 0.0609375 0.1046875
0 0.5640625 0.18046875 0.0625 0.0921875