0 0.6746580343749999 0.46620276406250005 0.668369915625 0.40213148906249996 0.63044265 0.412531984375 0.5708451453125 0.4948381859375 0.5485778421874999 0.6172810796875 0.577708071875 0.6486864812500001 0.601458471875 0.603031490625 0.6270619578125001 0.5868744953125 0.670211878125 0.5017865859375 0.6746580343749999 0.46620276406250005
0 0.7589507375 0.38072868125000003 0.7503919 0.3491301953125 0.7208916796875 0.36501470468749997 0.6886554703125001 0.490023659375 0.6920504203125 0.511471578125 0.718012771875 0.518181778125 0.734507996875 0.5062826078125 0.73655164375 0.4770571 0.7553175875 0.43268514375 0.7589507375 0.38072868125000003
0 0.8076821734375 0.243820553125 0.7778484734375 0.36247119687499996 0.8037631875000001 0.3838622734375 0.82288799375 0.3623575078125 0.8573361578125 0.28971374375000003 0.8662284687499999 0.21854609531250002 0.861339296875 0.190467375 0.8249062546875001 0.20749866875 0.8076821734375 0.243820553125
0 0.5406129359375 0.26919787500000003 0.49807120625 0.233591496875 0.45025918750000005 0.28735340625 0.44376938125 0.35216274062499997 0.46829940625 0.5333516921875 0.49661662968750003 0.548384453125 0.5133389265625 0.5332380062500001 0.551288446875 0.3825233046875 0.5568699640625 0.33070308593750003 0.5406129359375 0.26919787500000003
0 0.37423634843750003 0.226563696875 0.360788334375 0.166886490625 0.3368696328125 0.1309507828125 0.3142545921875 0.1603693796875 0.306138771875 0.1924334375 0.31341932968749997 0.28431094687499997 0.323065890625 0.3143539125 0.320795171875 0.3468267015625 0.333979596875 0.354274959375 0.3606708046875 0.33656244687500003 0.37423634843750003 0.226563696875
0 0.293722846875 0.48198622343749997 0.305043059375 0.5300935921875001 0.3327267046875 0.5401873125 0.34188260625 0.5212486125 0.3460651796875 0.4334358390625 0.3358326859375 0.3837729578125 0.3151295 0.35785156875 0.29572998125 0.3972844875 0.293722846875 0.48198622343749997
0 0.30893979374999997 0.5303660781249999 0.2673317375 0.607403909375 0.2452549953125 0.6711232984375 0.24827995625 0.7398611234375 0.260735528125 0.771732096875 0.27500767656249997 0.7776248390625 0.30741219062499997 0.7342065828125001 0.32491098125 0.6799565421875 0.335715153125 0.5534489140625001 0.30893979374999997 0.5303660781249999
0 0.3821678765625 0.785118209375 0.3947298546875 0.7174703250000001 0.38667280000000004 0.66469640625 0.37480316406249997 0.652445353125 0.35631192968750003 0.67888915625 0.3403438734375 0.7952462203125 0.367166875 0.80364818125 0.3821678765625 0.785118209375
0 0.4501670390625 0.582662690625 0.397059340625 0.600159559375 0.390844246875 0.6470407375 0.40058608281249997 0.647721953125 0.414356446875 0.6747901281249999 0.44398845937500003 0.685020096875 0.47452875937499994 0.6822609453124999 0.50493726875 0.6533873203125 0.497967934375 0.5990578828124999 0.4501670390625 0.582662690625
0 0.5866622875 0.7586283875000001 0.5972282578125 0.7055251359375 0.5230108703125 0.6889143015625 0.49917631875 0.6937739406250001 0.46659237343750004 0.725758603125 0.482490534375 0.7643966171875001 0.5287495640625 0.7888418859375 0.5866622875 0.7586283875000001
0 0.40893210937499996 0.8783581500000001 0.41794508906249994 0.903462078125 0.4322172359375 0.9093548171875 0.46674955 0.8775064031250001 0.5013771453125 0.8162962328125 0.4874273484375 0.7777944640625 0.4798609515625 0.7740022093750001 0.4209446625 0.8465665765624999 0.40893210937499996 0.8783581500000001
0 0.22598726875000003 0.7366706890625 0.21040032968750003 0.73558074375 0.189733659375 0.7651355859375 0.1858734390625 0.8203393218749999 0.1933810671875 0.9089695531249999 0.219749921875 0.9238660734374999 0.2365675015625 0.879357871875 0.24500566875000002 0.8146847812500001 0.237175690625 0.7586635796875 0.22598726875000003 0.7366706890625
0 0.6941107265625 1 0.73430944375 0.90111075 0.7417075375 0.8233123015625001 0.738360225 0.787183503125 0.7269447328124999 0.7684378921875 0.69853223125 0.7827668812499999 0.671471034375 0.8477692984375 0.6612528015625 0.9938968484374999 0.6768630718749999 1 0.6941107265625 1
0 0.7701788046875 0.72414533125 0.804868296875 0.844044715625 0.8143830609375 0.8479732125 0.8393529703124999 0.8268771765625 0.8361009390625 0.7613866265625 0.8192103375 0.694942378125 0.7952916343750001 0.65900666875 0.7753061796875 0.6788196703125 0.7701788046875 0.72414533125
0 0.8539808499999999 0.5896895828125001 0.8553210265625 0.7105201109375 0.886040759375 0.719194559375 0.89869801875 0.622184925 0.890186821875 0.5759055625 0.8685753484375001 0.562973290625 0.8539808499999999 0.5896895828125001
0 0.8684943296875 0.7881254734375001 0.8445168593749999 0.83702774375 0.858741365625 0.8576013609375 0.8730500265625001 0.9189703281250001 0.8909441953125 0.9430637093750001 0.9169065453125 0.9497739109375001 0.9316804765625 0.9344912203125 0.9355406984375 0.879287478125 0.9142515765624999 0.833746178125 0.8684943296875 0.7881254734375001
0 0.7896402546875 1 0.7853623734374999 0.9829964921875 0.7911709609375001 0.9279289937499999 0.786102353125 0.888416675 0.77731644375 0.86006546875 0.765626240625 0.859248009375 0.7462267203125 0.898680928125 0.74629340625 1 0.7896402546875 1
0 0.6421613734375 0.804930303125 0.618506253125 0.8212235421875 0.601688675 0.86573174375 0.5971472375 0.930677321875 0.58753719375 0.9561105781249999 0.6065667265625 0.9639675671875001 0.6261456765625 0.9359682453125 0.6501707875 0.8723850984375 0.6528956499999999 0.8334177531250001 0.6421613734375 0.804930303125
0 0.6532078234375 1 0.6580372828125001 0.9838825234374999 0.646035853125 0.9455169968750001 0.5536384546875001 0.992898034375 0.558365503125 1 0.6532078234375 1