0 0.5 0.61640625 0.09375 0.1234375
0 0.56015625 0.653125 0.071875 0.1140625
0 0.57265625 0.54453125 0.128125 0.1109375
0 0.42109375 0.52265625 0.0890625 0.10625
0 0.396875 0.62421875 0.0859375 0.1109375
0 0.7703125 0.590625 0.13125 0.121875
0 0.7921875 0.71015625 0.10625 0.0765625
0 0.46484375 0.70234375 0.040625 0.0640625
0 0.50625 0.53125 0.05625 0.071875
0 0.68515625 0.69921875 0.06875 0.075
0 0.26484375 0.596875 0.040625 0.0515625
0 0.33671875 0.5296875 0.0484375 0.05625
0 0.25859375 0.50390625 0.053125 0.065625
0 0.196875 0.55546875 0.075 0.071875
0 0.17734375 0.61875 0.0640625 0.06875
0 0.16328125 0.47421875 0.0265625 0.046875
0 0.521875 0.4546875 0.0328125 0.034375