0 0.54765625 0.45390625 0.2484375 0.15625
0 0.4234375 0.3234375 0.078125 0.1328125
0 0.328125 0.32890625 0.1375 0.1328125
0 0.559375 0.190625 0.0828125 0.09375
0 0.60546875 0.20703125 0.0703125 0.1265625
0 0.65078125 0.19609375 0.0828125 0.1046875
0 0.71796875 0.16484375 0.065625 0.096875
0 0.80703125 0.11796875 0.1125 0.078125
0 0.81796875 0.2265625 0.0890625 0.0984375
0 0.728125 0.334375 0.1078125 0.0859375
0 0.771875 0.41328125 0.10625 0.0859375
0 0.7265625 0.484375 0.0921875 0.0875
0 0.6828125 0.55625 0.0984375 0.0734375
0 0.76484375 0.65078125 0.0875 0.125
0 0.65625 0.68125 0.0875 0.1109375
0 0.559375 0.72109375 0.121875 0.075
0 0.54453125 0.903125 0.1359375 0.1359375