0 0.3875 0.57265625 0.153125 0.0984375
0 0.22734375 0.57734375 0.171875 0.090625
0 0.6265625 0.61171875 0.1359375 0.0875
0 0.56328125 0.553125 0.1453125 0.1125
0 0.57265625 0.4796875 0.19375 0.0765625
0 0.440625 0.3890625 0.1671875 0.08125
0 0.3234375 0.328125 0.1453125 0.0984375
0 0.31640625 0.40546875 0.13125 0.071875
0 0.19375 0.48046875 0.1359375 0.0734375
0 0.784375 0.715625 0.1328125 0.08125
0 0.83984375 0.5953125 0.121875 0.0703125
0 0.85546875 0.5421875 0.11875 0.071875
0 0.74765625 0.5625 0.165625 0.1171875
0 0.8171875 0.4421875 0.0890625 0.0859375
0 0.23984375 0.4265625 0.0953125 0.071875
0 0.80625 0.64453125 0.11875 0.0609375
0 0.2234375 0.33125 0.1046875 0.0671875
0 0.05546875 0.4078125 0.0984375 0.065625
0 0.45703125 0.5171875 0.125 0.0671875
0 0.7546875 0.45 0.0734375 0.0375
0 0.93515625 0.47109375 0.1 0.06875
0 0.9390625 0.746875 0.075 0.065625
0 0.1828125 0.18203125 0.0828125 0.05
0 0.4546875 0.4328125 0.0859375 0.0515625
0 0.56875 0.4203125 0.0609375 0.059375
0 0.94765625 0.56171875 0.1015625 0.05625
0 0.0828125 0.32265625 0.103125 0.0765625
0 0.9015625 0.38203125 0.11875 0.05625
0 0.54609375 0.64765625 0.103125 0.05625
0 0.46015625 0.3515625 0.13125 0.0640625