0 0.54609375 0.31640625 0.096875 0.075
0 0.8140625 0.31796875 0.1265625 0.109375
0 0.85703125 0.14140625 0.0875 0.0984375
0 0.77734375 0.140625 0.078125 0.0671875
0 0.63359375 0.15390625 0.09375 0.0421875
0 0.52421875 0.1203125 0.0984375 0.0765625
0 0.2625 0.3625 0.103125 0.0875
0 0.25859375 0.43515625 0.09375 0.09375
0 0.29453125 0.7265625 0.096875 0.08125
0 0.590625 0.88984375 0.1609375 0.109375
0 0.72265625 0.73671875 0.078125 0.0859375
0 0.64296875 0.76640625 0.0875 0.0640625
0 0.746875 0.6859375 0.1265625 0.0765625
0 0.82578125 0.53125 0.0984375 0.071875
0 0.59140625 0.66015625 0.19375 0.1140625
0 0.553125 0.60859375 0.11875 0.1078125
0 0.48359375 0.5875 0.125 0.14375
0 0.44375 0.96015625 0.128125 0.0796875