0 0.640625 0.5625 0.146875 0.0984375
0 0.59921875 0.47265625 0.1421875 0.0984375
0 0.4828125 0.428125 0.1203125 0.1
0 0.371875 0.42265625 0.115625 0.1
0 0.26171875 0.3640625 0.125 0.0890625
0 0.24375 0.40390625 0.1375 0.090625
0 0.38828125 0.4921875 0.1328125 0.096875
0 0.44453125 0.5515625 0.1125 0.078125
0 0.665625 0.66875 0.121875 0.096875
0 0.725 0.5421875 0.13125 0.0953125
0 0.74921875 0.60546875 0.1015625 0.0671875
0 0.37890625 0.375 0.1046875 0.071875
0 0.8984375 0.671875 0.128125 0.0765625
0 0.5140625 0.525 0.1015625 0.0703125
0 0.303125 0.46328125 0.103125 0.078125
0 0.546875 0.58671875 0.10625 0.0703125
0 0.77265625 0.7171875 0.1 0.071875
0 0.26953125 0.30859375 0.103125 0.0703125
0 0.84765625 0.77265625 0.109375 0.0734375
0 0.0796875 0.32578125 0.103125 0.065625
0 0.19140625 0.265625 0.0921875 0.059375