0 0.653125 0.6703125 0.1296875 0.15625
0 0.58046875 0.5640625 0.0953125 0.053125
0 0.65703125 0.5265625 0.0796875 0.05
0 0.6484375 0.4703125 0.0671875 0.040625
0 0.7375 0.4734375 0.0890625 0.046875
0 0.790625 0.50390625 0.08125 0.0515625
0 0.7671875 0.62109375 0.103125 0.0765625
0 0.61171875 0.9140625 0.1171875 0.096875
0 0.51171875 0.9625 0.084375 0.075
0 0.33203125 0.49765625 0.0921875 0.1171875
0 0.55390625 0.2359375 0.096875 0.046875
0 0.53828125 0.3 0.078125 0.0828125
0 0.54609375 0.11015625 0.1203125 0.0828125
0 0.46796875 0.1984375 0.103125 0.0671875
0 0.35 0.184375 0.1 0.090625
0 0.340625 0.10390625 0.0875 0.08125
0 0.296875 0.41015625 0.071875 0.0671875
0 0.4671875 0.6171875 0.10625 0.05625
0 0.44609375 0.48046875 0.05859375 0.0453125
0 0.31640625 0.6125 0.05625 0.05625
0 0.48125 0.07265625 0.046875 0.06640625
0 0.29375 0.7703125 0.08125 0.04765625
0 0.371875 0.6421875 0.053125 0.046875
0 0.4984375 0.2453125 0.0421875 0.046875
0 0.290625 0.5203125 0.05625 0.0578125
0 0.48984375 0.821875 0.1 0.06640625
0 0.39765625 0.73671875 0.0671875 0.040625
0 0.428125 0.42578125 0.084375 0.0328125
0 0.38046875 0.69296875 0.06484375 0.040625
0 0.31015625 0.8640625 0.12265625 0.05234375
0 0.25390625 0.896875 0.1921875 0.10078125
0 0.18828125 0.88984375 0.0703125 0.08125
0 0.43125 0.0484375 0.0359375 0.03671875