0 0.50234375 0.4671875 0.1328125 0.19375
0 0.53984375 0.29765625 0.1609375 0.1640625
0 0.65546875 0.45859375 0.11875 0.2265625
0 0.7234375 0.2546875 0.1296875 0.15625
0 0.384375 0.38125 0.16875 0.1640625
0 0.39609375 0.4859375 0.1046875 0.134375
0 0.32734375 0.553125 0.1328125 0.15
0 0.23359375 0.6734375 0.1140625 0.1796875
0 0.06328125 0.84375 0.1265625 0.121875
0 0.27890625 0.84296875 0.0859375 0.1703125
0 0.45234375 0.57265625 0.1265625 0.1828125
0 0.5453125 0.69140625 0.125 0.1953125
0 0.396875 0.79921875 0.1265625 0.175