0 0.6421875 0.36953125 0.1015625 0.13125
0 0.7921875 0.5171875 0.0828125 0.1171875
0 0.86640625 0.66796875 0.0546875 0.115625
0 0.96171875 0.6375 0.06875 0.1515625
0 0.91953125 0.8359375 0.096875 0.0984375
0 0.78515625 0.71171875 0.0828125 0.1203125
0 0.19140625 0.57421875 0.0890625 0.1546875
0 0.37890625 0.63671875 0.0671875 0.1234375
0 0.4453125 0.88125 0.10625 0.134375
0 0.7015625 0.91796875 0.125 0.1640625
0 0.1640625 0.74296875 0.0875 0.1140625
0 0.06640625 0.5359375 0.06875 0.1375
0 0.11171875 0.3796875 0.075 0.1609375
0 0.175 0.2265625 0.06875 0.175
0 0.22578125 0.10390625 0.0734375 0.1515625
0 0.30625 0.12890625 0.078125 0.103125
0 0.42421875 0.02578125 0.0796875 0.0515625
0 0.41328125 0.175 0.1390625 0.1703125
0 0.7328125 0.05625 0.071875 0.0984375
0 0.85390625 0.17421875 0.09375 0.1078125
0 0.9203125 0.06484375 0.0890625 0.1046875
0 0.85859375 0.3140625 0.09375 0.1125
0 0.66875 0.5453125 0.0890625 0.1203125
0 0.0265625 0.91953125 0.053125 0.1140625
0 0.028125 0.7375 0.05625 0.134375
0 0.025 0.4484375 0.05 0.0953125
0 0.04375 0.2828125 0.0765625 0.0890625