0 0.38203125 0.690625 0.171875 0.259375
0 0.4125 0.4328125 0.153125 0.1234375
0 0.6015625 0.4875 0.1203125 0.0921875
0 0.5671875 0.8078125 0.1453125 0.215625
0 0.31953125 0.20546875 0.271875 0.2671875
0 0.1921875 0.721875 0.18125 0.31875
0 0.24765625 0.6265625 0.109375 0.1203125
0 0.7296875 0.77421875 0.1234375 0.234375
0 0.853125 0.7921875 0.1453125 0.19375
0 0.8015625 0.68125 0.11875 0.0859375
0 0.92890625 0.7296875 0.1421875 0.16875
0 0.90625 0.5796875 0.1296875 0.1109375
0 0.9046875 0.8421875 0.125 0.1359375
0 0.63046875 0.6484375 0.1265625 0.1015625
0 0.52734375 0.678125 0.0953125 0.103125
0 0.4578125 0.553125 0.1328125 0.159375
0 0.5953125 0.35546875 0.21875 0.225
0 0.11484375 0.24609375 0.2296875 0.2328125
0 0.275 0.47734375 0.128125 0.121875
0 0.27578125 0.36171875 0.115625 0.1015625
0 0.12578125 0.39609375 0.165625 0.121875
0 0.125 0.51640625 0.1765625 0.1359375