0 0.46796875 0.34921875 0.071875 0.134375
0 0.54765625 0.40859375 0.0734375 0.1296875
0 0.56640625 0.53203125 0.0796875 0.10625
0 0.54921875 0.64140625 0.08125 0.1015625
0 0.58359375 0.76171875 0.0671875 0.1140625
0 0.540625 0.7703125 0.065625 0.1265625
0 0.484375 0.6109375 0.0734375 0.1203125
0 0.43828125 0.54375 0.0578125 0.103125
0 0.36953125 0.303125 0.0765625 0.1078125
0 0.50546875 0.27109375 0.071875 0.11875
0 0.45078125 0.23046875 0.04921875 0.1
0 0.48125 0.484375 0.053125 0.0921875
0 0.42890625 0.4390625 0.05234375 0.103125
0 0.34609375 0.19453125 0.0515625 0.08671875
0 0.640625 0.76640625 0.0515625 0.09375
0 0.665625 0.853125 0.04296875 0.0859375
0 0.49609375 0.69609375 0.0453125 0.07734375
0 0.30703125 0.1078125 0.053125 0.1125
0 0.58359375 0.95390625 0.04296875 0.084375
0 0.41640625 0.071875 0.053125 0.11171875