0 0.54375 0.4515625 0.14375 0.240625
0 0.68046875 0.56875 0.1265625 0.071875
0 0.6796875 0.66328125 0.1265625 0.13125
0 0.8046875 0.42734375 0.0890625 0.078125
0 0.78671875 0.38203125 0.121875 0.0640625
0 0.7953125 0.33671875 0.1 0.078125
0 0.82265625 0.26796875 0.0921875 0.0609375
0 0.86484375 0.17734375 0.071875 0.1078125
0 0.75546875 0.171875 0.09375 0.084375
0 0.653125 0.26796875 0.0796875 0.103125
0 0.571875 0.22734375 0.08125 0.1015625
0 0.5046875 0.27578125 0.0828125 0.0875
0 0.43515625 0.3234375 0.0703125 0.0953125
0 0.3375 0.246875 0.1203125 0.0828125
0 0.31171875 0.35546875 0.1078125 0.08125
0 0.278125 0.4546875 0.0703125 0.11875
0 0.0984375 0.478125 0.1296875 0.128125