0 0.54765625 0.553125 0.1953125 0.2734375
0 0.6640625 0.40625 0.14375 0.096875
0 0.64453125 0.30859375 0.153125 0.1578125
0 0.81953125 0.5265625 0.1046875 0.096875
0 0.809375 0.5765625 0.1359375 0.0875
0 0.828125 0.62109375 0.1171875 0.0984375
0 0.86953125 0.6859375 0.10625 0.0796875
0 0.93125 0.77109375 0.0953125 0.1234375
0 0.81953125 0.7984375 0.1125 0.103125
0 0.69609375 0.72109375 0.1015625 0.11875
0 0.62109375 0.77734375 0.1015625 0.11875
0 0.5421875 0.74140625 0.1 0.1046875
0 0.4609375 0.70703125 0.0890625 0.1109375
0 0.3765625 0.8046875 0.1375 0.10625
0 0.328125 0.69765625 0.125 0.103125
0 0.2734375 0.60390625 0.09375 0.134375
0 0.084375 0.615625 0.15625 0.1546875