0 0.328125 0.71953125 0.2359375 0.178125
0 0.55234375 0.78359375 0.1890625 0.20625
0 0.7328125 0.778125 0.2578125 0.146875
0 0.8375 0.640625 0.1 0.0671875
0 0.6578125 0.6375 0.2546875 0.134375
0 0.784375 0.46953125 0.165625 0.115625
0 0.6703125 0.5171875 0.1140625 0.0765625
0 0.55390625 0.48671875 0.1984375 0.15625
0 0.34921875 0.4953125 0.1828125 0.1234375
0 0.47421875 0.40078125 0.21875 0.08125
0 0.45859375 0.28828125 0.296875 0.1859375
0 0.62578125 0.28671875 0.1078125 0.09375
0 0.3859375 0.20625 0.328125 0.203125
0 0.1859375 0.12265625 0.14375 0.1953125