0 0.3625 0.52265625 0.0609375 0.096875
0 0.37265625 0.44375 0.053125 0.071875
0 0.3390625 0.3046875 0.0515625 0.0875
0 0.25703125 0.30078125 0.059375 0.0984375
0 0.4890625 0.48984375 0.0703125 0.0765625
0 0.73125 0.7125 0.08125 0.08125
0 0.79765625 0.75859375 0.0546875 0.0796875
0 0.54453125 0.56015625 0.04375 0.0671875
0 0.52265625 0.453125 0.0328125 0.078125
0 0.6734375 0.590625 0.046875 0.0734375
0 0.209375 0.26875 0.0515625 0.0484375
0 0.41875 0.40078125 0.0296875 0.0578125
0 0.446875 0.4125 0.025 0.0453125
0 0.39296875 0.36953125 0.03125 0.059375
0 0.37890625 0.2859375 0.0359375 0.03125
0 0.40625 0.2625 0.034375 0.0484375
0 0.4125 0.31015625 0.025 0.04375
0 0.5859375 0.590625 0.0359375 0.0578125
0 0.6375 0.54765625 0.034375 0.0609375
0 0.66484375 0.52421875 0.0328125 0.0671875
0 0.67734375 0.7078125 0.053125 0.0578125
0 0.84296875 0.72890625 0.0453125 0.084375
0 0.678125 0.65703125 0.040625 0.0546875
0 0.49765625 0.6125 0.05 0.0546875