0 0.5609375 0.53671875 0.2515625 0.1515625
0 0.4390625 0.67890625 0.0734375 0.1328125
0 0.33984375 0.678125 0.1375 0.13125
0 0.58671875 0.80859375 0.08125 0.0921875
0 0.634375 0.7890625 0.065625 0.1265625
0 0.68125 0.7984375 0.08125 0.1046875
0 0.753125 0.82734375 0.0625 0.096875
0 0.8484375 0.871875 0.1125 0.075
0 0.85390625 0.75703125 0.0875 0.0984375
0 0.75390625 0.65 0.10625 0.0828125
0 0.7953125 0.565625 0.10625 0.0828125
0 0.74453125 0.4953125 0.0921875 0.0859375
0 0.69609375 0.42265625 0.1 0.071875
0 0.775 0.3203125 0.0859375 0.125
0 0.6609375 0.29375 0.084375 0.1125
0 0.55859375 0.2578125 0.1234375 0.0734375
0 0.53359375 0.06953125 0.1328125 0.1359375