0 0.5625 0.534375 0.246875 0.14375
0 0.4453125 0.68125 0.06875 0.13125
0 0.34609375 0.68359375 0.1328125 0.1265625
0 0.59765625 0.80546875 0.078125 0.0890625
0 0.64453125 0.784375 0.0609375 0.125
0 0.69140625 0.7921875 0.078125 0.1015625
0 0.7640625 0.81796875 0.059375 0.0953125
0 0.8609375 0.859375 0.109375 0.071875
0 0.8625 0.74453125 0.084375 0.0953125
0 0.759375 0.64140625 0.103125 0.0796875
0 0.79765625 0.55546875 0.103125 0.0796875
0 0.74453125 0.48671875 0.0890625 0.0828125
0 0.69296875 0.415625 0.0984375 0.06875
0 0.76875 0.3109375 0.08125 0.121875
0 0.65390625 0.28828125 0.08125 0.109375
0 0.55 0.25625 0.121875 0.06875
0 0.51875 0.06875 0.128125 0.13125