0 0.5984375 0.7359375 0.0890625 0.0984375
0 0.50625 0.73359375 0.1140625 0.10625
0 0.61953125 0.62265625 0.109375 0.1046875
0 0.821875 0.64140625 0.14375 0.115625
0 0.77890625 0.75390625 0.1015625 0.1265625
0 0.67421875 0.7484375 0.0640625 0.096875
0 0.4296875 0.71328125 0.0703125 0.0796875
0 0.35390625 0.6859375 0.090625 0.10625
0 0.22421875 0.596875 0.103125 0.0765625
0 0.290625 0.56953125 0.08125 0.08125
0 0.1875 0.61953125 0.034375 0.0359375
0 0.62109375 0.59140625 0.115625 0.0640625
0 0.06953125 0.609375 0.0453125 0.03125
0 0.30703125 0.64609375 0.046875 0.0515625
0 0.38671875 0.653125 0.0453125 0.0484375
0 0.28046875 0.6875 0.06875 0.0765625
0 0.39453125 0.59140625 0.03125 0.0234375
0 0.4453125 0.640625 0.0359375 0.03125
0 0.5 0.63203125 0.034375 0.040625
0 0.3390625 0.54921875 0.0625 0.040625
0 0.028125 0.61640625 0.04375 0.05625
0 0.8625 0.790625 0.059375 0.053125
0 0.0046875 0.59453125 0.009375 0.0421875
0 0.53984375 0.62890625 0.0375 0.040625
0 0.44453125 0.57890625 0.0421875 0.04375
0 0.0078125 0.559375 0.015625 0.03125
0 0.9328125 0.80078125 0.06875 0.0640625
0 0.14921875 0.64453125 0.1 0.0578125
0 0.92734375 0.7234375 0.0484375 0.0390625
0 0.98046875 0.28828125 0.0296875 0.040625