0 0.72265625 0.71484375 0.0515625 0.046875
0 0.6671875 0.68671875 0.046875 0.0546875
0 0.6265625 0.7 0.0390625 0.0546875
0 0.6015625 0.75625 0.0421875 0.046875
0 0.60546875 0.653125 0.04375 0.0421875
0 0.70703125 0.66328125 0.0328125 0.0484375
0 0.646875 0.53515625 0.084375 0.078125
0 0.6765625 0.590625 0.0796875 0.0578125
0 0.60546875 0.59765625 0.05625 0.046875
0 0.61015625 0.47421875 0.04375 0.04375
0 0.67421875 0.3953125 0.046875 0.05625
0 0.4515625 0.378125 0.0765625 0.059375
0 0.5609375 0.40390625 0.0484375 0.0359375
0 0.3 0.490625 0.0890625 0.075
0 0.08125 0.6515625 0.0640625 0.06875
0 0.10078125 0.59453125 0.078125 0.0625
0 0.19453125 0.52421875 0.046875 0.0390625
0 0.225 0.5890625 0.0484375 0.0515625
0 0.37421875 0.55 0.053125 0.0484375
0 0.3734375 0.40625 0.046875 0.0421875
0 0.265625 0.43203125 0.0609375 0.0546875
0 0.24209292656249998 0.2561046984375 0.3295710578125 0.2167443546875 0.3558190109375 0.18241185 0.3541947 0.174770071875 0.3256137578125 0.16806588125 0.24594735625 0.1690254265625 0.099321171875 0.20817882031249998 0.080751996875 0.21851544843749998 0.0938794296875 0.2652447484375 0.10096743906250001 0.2685303671875 0.141908178125 0.25823073750000003 0.15371420625 0.2461368453125 0.21549815625000002 0.2361990765625 0.231202528125 0.2424454515625 0.2356546421875 0.255875790625 0.24209292656249998 0.2561046984375