0 0.3827189203125 0.5485778421874999 0.35131351875 0.577708071875 0.396968509375 0.601458471875 0.41312550468750003 0.6270619578125001 0.49821341406249997 0.670211878125 0.5337972359375 0.6746580343749999 0.5978685109375 0.668369915625 0.5874680156250001 0.63044265 0.5051618140625 0.5708451453125 0.3827189203125 0.5485778421874999
0 0.488528421875 0.6920504203125 0.48181822187499995 0.718012771875 0.4937173921875 0.734507996875 0.5229429 0.73655164375 0.56731485625 0.7553175875 0.61927131875 0.7589507375 0.6508698046875 0.7503919 0.6349852953124999 0.7208916796875 0.509976340625 0.6886554703125001 0.488528421875 0.6920504203125
0 0.7102862562500001 0.8573361578125 0.7814539046875 0.8662284687499999 0.8095326249999999 0.861339296875 0.79250133125 0.8249062546875001 0.7561794468749999 0.8076821734375 0.637528803125 0.7778484734375 0.6161377265625 0.8037631875000001 0.6376424921875 0.82288799375 0.7102862562500001 0.8573361578125
0 0.4666483078125 0.46829940625 0.451615546875 0.49661662968750003 0.46676199374999994 0.5133389265625 0.6174766953125 0.551288446875 0.6692969140625 0.5568699640625 0.7308021250000001 0.5406129359375 0.766408503125 0.49807120625 0.71264659375 0.45025918750000005 0.6478372593749999 0.44376938125 0.4666483078125 0.46829940625
0 0.8075665624999999 0.306138771875 0.715689053125 0.31341932968749997 0.6856460875 0.323065890625 0.6531732984375 0.320795171875 0.645725040625 0.333979596875 0.663437553125 0.3606708046875 0.773436303125 0.37423634843750003 0.833113509375 0.360788334375 0.8690492171875001 0.3368696328125 0.8396306203125 0.3142545921875 0.8075665624999999 0.306138771875
0 0.5665641609375001 0.3460651796875 0.6162270421875 0.3358326859375 0.64214843125 0.3151295 0.6027155125 0.29572998125 0.5180137765625 0.293722846875 0.4699064078125 0.305043059375 0.45981268750000004 0.3327267046875 0.4787513875 0.34188260625 0.5665641609375001 0.3460651796875
0 0.22826790312499998 0.260735528125 0.22237516093749998 0.27500767656249997 0.2657934171875 0.30741219062499997 0.3200434578125 0.32491098125 0.4465510859375 0.335715153125 0.469633921875 0.30893979374999997 0.392596090625 0.2673317375 0.3288767015625 0.2452549953125 0.2601388765625 0.24827995625 0.22826790312499998 0.260735528125
0 0.32111084375 0.35631192968750003 0.2047537796875 0.3403438734375 0.19635181875000002 0.367166875 0.214881790625 0.3821678765625 0.28252967500000004 0.3947298546875 0.33530359375 0.38667280000000004 0.34755464687500004 0.37480316406249997 0.32111084375 0.35631192968750003
0 0.325209871875 0.414356446875 0.314979903125 0.44398845937500003 0.31773905468749997 0.47452875937499994 0.3466126796875 0.50493726875 0.4009421171875 0.497967934375 0.417337309375 0.4501670390625 0.399840440625 0.397059340625 0.3529592625 0.390844246875 0.35227804687500003 0.40058608281249997 0.325209871875 0.414356446875
0 0.27424139687500004 0.46659237343750004 0.2356033828125 0.482490534375 0.21115811406249999 0.5287495640625 0.2413716125 0.5866622875 0.2944748640625 0.5972282578125 0.3110856984375 0.5230108703125 0.306226059375 0.49917631875 0.27424139687500004 0.46659237343750004
0 0.18370376718749998 0.5013771453125 0.2222055359375 0.4874273484375 0.225997790625 0.4798609515625 0.1534334234375 0.4209446625 0.12164185000000001 0.40893210937499996 0.096537921875 0.41794508906249994 0.0906451828125 0.4322172359375 0.12249359687500001 0.46674955 0.18370376718749998 0.5013771453125
0 0.091030446875 0.1933810671875 0.0761339265625 0.219749921875 0.120642128125 0.2365675015625 0.18531521875 0.24500566875000002 0.2413364203125 0.237175690625 0.2633293109375 0.22598726875000003 0.26441925624999996 0.21040032968750003 0.23486441406249997 0.189733659375 0.179660678125 0.1858734390625 0.091030446875 0.1933810671875
0 0 0.6941107265625 0.09888925 0.73430944375 0.1766876984375 0.7417075375 0.212816496875 0.738360225 0.2315621078125 0.7269447328124999 0.21723311875 0.69853223125 0.15223070156250001 0.671471034375 0.0061031515625 0.6612528015625 0 0.6768630718749999 0 0.6941107265625
0 0.2386133734375 0.8361009390625 0.30505762187499996 0.8192103375 0.34099333125000003 0.7952916343750001 0.3211803296875 0.7753061796875 0.27585466875 0.7701788046875 0.155955284375 0.804868296875 0.1520267875 0.8143830609375 0.17312282343750002 0.8393529703124999 0.2386133734375 0.8361009390625
0 0.4240944375 0.890186821875 0.437026709375 0.8685753484375001 0.41031041718749994 0.8539808499999999 0.2894798890625 0.8553210265625 0.280805440625 0.886040759375 0.377815075 0.89869801875 0.4240944375 0.890186821875
0 0.056936290625 0.8909441953125 0.0502260890625 0.9169065453125 0.06550877968749999 0.9316804765625 0.12071252187499999 0.9355406984375 0.16625382187499999 0.9142515765624999 0.2118745265625 0.8684943296875 0.16297225625 0.8445168593749999 0.1423986390625 0.858741365625 0.081029671875 0.8730500265625001 0.056936290625 0.8909441953125
0 0 0.7896402546875 0.0170035078125 0.7853623734374999 0.07207100625 0.7911709609375001 0.11158332500000001 0.786102353125 0.13993453125 0.77731644375 0.140751990625 0.765626240625 0.101319071875 0.7462267203125 0 0.74629340625 0 0.7896402546875
0 0.043889421875 0.58753719375 0.0360324328125 0.6065667265625 0.0640317546875 0.6261456765625 0.1276149015625 0.6501707875 0.166582246875 0.6528956499999999 0.195069696875 0.6421613734375 0.1787764578125 0.618506253125 0.13426825625 0.601688675 0.06932267812500001 0.5971472375 0.043889421875 0.58753719375
0 0 0.6532078234375 0.0161174765625 0.6580372828125001 0.054483003125 0.646035853125 0.007101965625 0.5536384546875001 0 0.558365503125 0 0.6532078234375