0 0.696875 0.48671875 0.05625 0.0953125
0 0.35625 0.40625 0.103125 0.059375
0 0.3765625 0.2828125 0.090625 0.0625
0 0.26953125 0.2015625 0.1171875 0.059375
0 0.34453125 0.14921875 0.1046875 0.0765625
0 0.42421875 0.11640625 0.0953125 0.1109375
0 0.91875 0.16640625 0.1625 0.0703125
0 0.40234375 0.5171875 0.0796875 0.065625
0 0.296875 0.2625 0.0625 0.0453125
0 0.9609375 0.34296875 0.07734375 0.03203125
0 0.4796875 0.53125 0.0484375 0.03046875
0 0.48125 0.4734375 0.04375 0.05234375
0 0.3296875 0.35546875 0.040625 0.0375
0 0.76640625 0.37578125 0.03828125 0.065625
0 0.7859375 0.3125 0.0359375 0.059375
0 0.4875 0.425 0.03984375 0.04140625
0 0.3140625 0.57578125 0.06171875 0.028125
0 0.71171875 0.42421875 0.028125 0.05078125
0 0.2984375 0.49453125 0.0703125 0.02734375
0 0.4 0.69453125 0.05390625 0.02421875
0 0.31640625 0.428125 0.028125 0.0453125
0 0.87421875 0.2625 0.03359375 0.053125
0 0.228125 0.125 0.09765625 0.06640625
0 0.87109375 0.3203125 0.04765625 0.06796875
0 0.3390625 0.8625 0.040625 0.0265625
0 0.32890625 0.628125 0.06875 0.04765625