0 0.573930290625 0.336095171875 0.5433474765625 0.331865771875 0.4493547109375 0.351704240625 0.4269660625 0.3724239125 0.377829928125 0.38332815937500003 0.377438546875 0.3853416453125 0.399133234375 0.41990718281249995 0.401615521875 0.420389690625 0.5241878343749999 0.43043358437499996 0.619765446875 0.3938545015625 0.6397707406250001 0.35963432812499996 0.58070553125 0.33741214531249997 0.573930290625 0.336095171875
0 0.55567045 0.2682085171875 0.541161103125 0.28005566875 0.5397411875 0.28736049375 0.5395512296875 0.3081983875 0.559521534375 0.3170945375 0.6894867015624999 0.31828848593750003 0.7126267093750001 0.2937034078125 0.6861886 0.278328734375 0.63028050625 0.2674613015625 0.5846220671875 0.2738361421875 0.55567045 0.2682085171875
0 0.7188465046875 0.21937353124999998 0.6937629171874999 0.2319809484375 0.693463259375 0.23352255156249999 0.706989034375 0.2632003921875 0.8301448328125 0.2650764578125 0.8699561640625 0.2577720453125 0.8960194687499999 0.226735153125 0.8726326421874999 0.2158816046875 0.8572888843750001 0.21289908125 0.7984691640625 0.2047647046875 0.7188465046875 0.21937353124999998
0 0.7588614703125 0.5685609390625 0.7354305625 0.5180647796875 0.6825180546875 0.48772557031249997 0.6538579109375 0.48215460312499997 0.6280183078125 0.4781315453125 0.47156700625000003 0.47580066875 0.4530317015625 0.48777761562500005 0.4527398671875 0.48927897187499997 0.4597095359375 0.5196275296875 0.62949819375 0.5907399109375 0.6942108046875 0.601313040625 0.7588059703125001 0.5688464625 0.7588614703125 0.5685609390625
0 0.7069600125 0.6882612203125 0.62298018125 0.67651025 0.600270546875 0.69657985625 0.599491390625 0.700588271875 0.602599209375 0.712663128125 0.634767675 0.71891604375 0.6614652171875 0.736139884375 0.74890716875 0.7671769640625 0.7822026734375 0.767631775 0.81670735 0.7532786703125 0.7880021296875 0.72062163125 0.737841778125 0.694264028125 0.7069600125 0.6882612203125
0 0.41780131249999997 0.6526446171875 0.420151546875 0.6794437062500001 0.46397823125000004 0.703005703125 0.5468648843749999 0.7231286890625 0.590268740625 0.7145168671875 0.5704627015625 0.687601103125 0.524839759375 0.6646928125 0.49509095781249995 0.6582202625 0.43494875468750005 0.646529803125 0.41837367812500004 0.6497000515625 0.41780131249999997 0.6526446171875
0 0.20176094218750001 0.6806583484375001 0.26781200312500003 0.70152028125 0.335530046875 0.6966317953125001 0.42129285625 0.6761964468749999 0.405830703125 0.644107871875 0.27999800625 0.6216541999999999 0.2226818578125 0.6245531578125 0.172657959375 0.6445311593749999 0.17225013125 0.6466292499999999 0.1740184921875 0.6602228125 0.20176094218750001 0.6806583484375001
0 0.172444528125 0.547363359375 0.1709779984375 0.5549080015625 0.1718649109375 0.5762905453125 0.174194290625 0.57674333125 0.2891807484375 0.5912303828125001 0.319717215625 0.580117390625 0.310900171875 0.5653663046874999 0.264302965625 0.54491459375 0.2561739890625 0.5433344796874999 0.192628203125 0.5383651109375001 0.172444528125 0.547363359375
0 0.35114983906249997 0.45355726562500004 0.31590033906250004 0.4751763484375 0.30808307031250004 0.49648011875 0.3056060296875 0.5092233875 0.30747113125 0.5357154109375 0.33020046875000003 0.5561793609375 0.3284205015625 0.565336503125 0.33656769375 0.5669201578124999 0.37552986875 0.5720105453125 0.40639486874999997 0.524858334375 0.402919465625 0.47403961250000004 0.3547384234375 0.45425481718749994 0.35114983906249997 0.45355726562500004
0 0.2279204796875 0.39298540625 0.2270796671875 0.3973110109375 0.23816338125 0.44599604218750005 0.2715375015625 0.47150883749999994 0.27162495625 0.4715258359375 0.31118808593749997 0.4481562484375 0.32212992812499996 0.42621440312500003 0.325324896875 0.3498492265625 0.3235194546875 0.34949828437499997 0.27094176875 0.3460639921875 0.2279204796875 0.39298540625
0 0.1245217890625 0.43188593906249995 0.0849649828125 0.456944665625 0.084693421875 0.4583417234375 0.086553865625 0.472643165625 0.10787276406249999 0.4874479796875 0.10987235 0.4878366609375 0.14266084375000002 0.4845521203125 0.2285879203125 0.4460971640625 0.22687378906250003 0.4377410640625 0.19455895781250002 0.4151603578125 0.191421015625 0.4145504046875 0.1245217890625 0.43188593906249995
0 0.0624271625 0.6556798171875 0.0151714796875 0.6604135859375 0.014990551562500001 0.661344375 0.02236943125 0.690013646875 0.1065945375 0.7204254359375 0.16128092968750002 0.73105539375 0.195409925 0.7186349953125 0.19841535937500002 0.703173378125 0.179947771875 0.686546415625 0.1363939875 0.6680838765625 0.09445060937500001 0.659930909375 0.0624271625 0.6556798171875
0 0.05947665 0.17862990625 0.0585358109375 0.1834701 0.0616586484375 0.21161173125000002 0.2064167484375 0.23974985625 0.276682415625 0.2303422578125 0.29802615625 0.20641088437500002 0.2827754171875 0.19040921718749998 0.255323128125 0.1802512671875 0.20227945468750003 0.169940621875 0.1709371421875 0.1646586078125 0.05947665 0.17862990625
0 0.2446939109375 0.10197315468749998 0.24587549687500002 0.1110561078125 0.35341703281250003 0.1760860546875 0.3988285640625 0.1829074359375 0.4233070171875 0.1686111609375 0.3946017984375 0.13595411875000002 0.3343973375 0.1021885625 0.28077460468750004 0.0849186078125 0.27024245156250004 0.082871365625 0.2449895390625 0.10045228125000001 0.2446939109375 0.10197315468749998
0 0.5060022578125001 0.1296355046875 0.5357873718749999 0.12238792031250001 0.5288487203125001 0.09797332343750001 0.4897632890625 0.07938129375 0.46919605625000005 0.075383428125 0.38882633437499997 0.0647144015625 0.3884599578125 0.06659924375000001 0.38885732968750003 0.09683620468750001 0.5060022578125001 0.1296355046875
0 0.17153815156250002 0 0.171520125 0.00197750625 0.19028125625 0.025681570312500002 0.2462239671875 0.055610135937500006 0.2625196125 0.074823503125 0.31632536718750004 0.0642221515625 0.283898340625 0.0077758031249999995 0.27466011875 0 0.17153815156250002 0
0 0.176919990625 0.154564540625 0.2203238453125 0.1459527171875 0.222577921875 0.134356503125 0.1973009625 0.11841166249999999 0.16020152031249998 0.1031773546875 0.10513944687500001 0.094480096875 0.076852196875 0.0787067484375 0.07422381875 0.07819584375000001 0.0708379109375 0.09561483125 0.069049921875 0.125573815625 0.176919990625 0.154564540625
0 0.2179158453125 0.26370948437499997 0.174044590625 0.255181775 0.1093228640625 0.26166517968749997 0.077710075 0.27316986718749997 0.07725835625000001 0.2754937546875 0.07966703281250001 0.29400948125 0.1069045203125 0.29128100468749996 0.17124145468750002 0.3037868375 0.21890706093749998 0.2990120046875 0.240162784375 0.28087130625 0.24036575781249997 0.27982709843750003 0.2179158453125 0.26370948437499997
0 0.06649298125 0.2183584125 0.0468659546875 0.21893985625 0.0290638671875 0.310523659375 0.035218265625 0.317525328125 0.105389640625 0.2399046890625 0.07361585781249999 0.219742959375 0.06649298125 0.2183584125