0 0.57421875 0.45 0.05859375 0.046875
0 0.54765625 0.5171875 0.0453125 0.08203125
0 0.51875 0.53359375 0.053125 0.1015625
0 0.475 0.515625 0.03515625 0.0734375
0 0.4296875 0.52578125 0.05078125 0.09296875
0 0.4703125 0.68359375 0.04296875 0.06640625
0 0.42578125 0.66015625 0.05859375 0.046875
0 0.38359375 0.61953125 0.040625 0.04921875
0 0.36796875 0.5203125 0.03203125 0.09609375
0 0.33984375 0.5984375 0.02734375 0.05625
0 0.30390625 0.53515625 0.0484375 0.0703125
0 0.26875 0.4953125 0.0296875 0.02421875
0 0.25 0.5203125 0.02734375 0.08203125
0 0.80859375 0.4421875 0.05078125 0.06640625
0 0.85 0.51015625 0.04296875 0.0609375
0 0.75078125 0.44453125 0.0453125 0.04921875
0 0.7828125 0.45390625 0.01953125 0.03984375
0 0.484375 0.75234375 0.015625 0.0421875
0 0.70625 0.68671875 0.025 0.04375
0 0.7765625 0.859375 0.0328125 0.03359375
0 0.6890625 0.72734375 0.01953125 0.04921875
0 0.64765625 0.66796875 0.025 0.04921875
0 0.48046875 0.8859375 0.0234375 0.03671875
0 0.3421875 0.7859375 0.02734375 0.0265625
0 0.303125 0.73515625 0.05078125 0.0578125
0 0.1765625 0.584375 0.05625 0.06328125
0 0.14921875 0.50390625 0.0453125 0.04921875
0 0.2203125 0.67109375 0.0625 0.046875
0 0.2390625 0.72734375 0.0484375 0.04921875
0 0.228125 0.815625 0.01953125 0.07890625
0 0.2390625 0.8734375 0.0296875 0.03359375
0 0.175 0.68828125 0.0328125 0.03359375
0 0.053125 0.72265625 0.02734375 0.10859375
0 0.04296875 0.6453125 0.02734375 0.0875
0 0.19296875 0.72421875 0.03203125 0.0359375
0 0.096875 0.67890625 0.046875 0.04296875
0 0.59453125 0.5890625 0.05390625 0.06796875
0 0.11171875 0.71953125 0.0390625 0.03046875
0 0.18984375 0.95234375 0.0296875 0.0328125
0 0.86328125 0.23671875 0.03828125 0.03828125
0 0.08984375 0.521875 0.0328125 0.0671875
0 0.16328125 0.7828125 0.01640625 0.046875
0 0.6265625 0.47734375 0.04765625 0.0546875
0 0.71015625 0.725 0.0296875 0.0328125
0 0.68984375 0.5890625 0.025 0.03203125
0 0.1234375 0.6484375 0.028125 0.03046875
0 0.09375 0.6390625 0.03046875 0.03125
0 0.29375 0.79375 0.0296875 0.0328125
0 0.2078125 0.77421875 0.0171875 0.04921875
0 0.840625 0.3703125 0.06953125 0.04609375
0 0.125 0.590625 0.02421875 0.06484375
0 0.4953125 0.6234375 0.03046875 0.02578125
0 0.15078125 0.66640625 0.0234375 0.09140625
0 0.2875 0.8390625 0.0453125 0.040625
0 0.05390625 0.50546875 0.0375 0.03828125