0 0.34453125 0.23203125 0.0484375 0.040625
0 0.390625 0.275 0.040625 0.0515625
0 0.43359375 0.27265625 0.0328125 0.0515625
0 0.47265625 0.22578125 0.0375 0.0421875
0 0.44140625 0.3234375 0.0390625 0.0375
0 0.34609375 0.2859375 0.028125 0.0453125
0 0.36796875 0.42578125 0.0765625 0.06875
0 0.35546875 0.36484375 0.075 0.0484375
0 0.42578125 0.37734375 0.053125 0.040625
0 0.38671875 0.49453125 0.040625 0.040625
0 0.30390625 0.553125 0.040625 0.053125
0 0.5125 0.63046875 0.071875 0.05
0 0.41484375 0.57578125 0.0453125 0.03125
0 0.68984375 0.5640625 0.0828125 0.0640625
0 0.94453125 0.4703125 0.0578125 0.0625
0 0.91015625 0.51953125 0.071875 0.0546875
0 0.8 0.5609375 0.0421875 0.034375
0 0.7890625 0.490625 0.04375 0.046875
0 0.63515625 0.48671875 0.0484375 0.04375
0 0.59609375 0.625 0.0421875 0.0375
0 0.70625 0.6296875 0.05625 0.0484375
0 0.8047203921875001 0.890958575 0.8254193890625 0.8861407281250001 0.82568083125 0.8376032312499999 0.8197730390625001 0.832491171875 0.7775793109375 0.8311070140625001 0.7628971 0.8394782265625 0.7007673359375 0.832001059375 0.6873930578125 0.8216679453125 0.686815315625 0.80753070625 0.680689534375 0.8055360359374999 0.5857509765625 0.8192593859375 0.5510565046875 0.845026990625 0.5505115328125 0.8528204593750001 0.576137371875 0.8671429156249999 0.65298211875 0.8881795796875 0.8047203921875001 0.890958575