0 0.57421875 0.32578125 0.0875 0.0625
0 0.83828125 0.36953125 0.1140625 0.0921875
0 0.90859375 0.2015625 0.075 0.0875
0 0.83046875 0.18828125 0.0703125 0.05625
0 0.6859375 0.17890625 0.090625 0.028125
0 0.58359375 0.12890625 0.0890625 0.0640625
0 0.28671875 0.32734375 0.0921875 0.0734375
0 0.271875 0.3984375 0.08125 0.0828125
0 0.26171875 0.69140625 0.0875 0.06875
0 0.52890625 0.89921875 0.1484375 0.0875
0 0.6828125 0.76875 0.0671875 0.0765625
0 0.59921875 0.78515625 0.0796875 0.0515625
0 0.71484375 0.72265625 0.11875 0.059375
0 0.8171875 0.58203125 0.090625 0.0578125
0 0.56484375 0.67265625 0.1828125 0.0859375
0 0.53515625 0.615625 0.10625 0.0921875
0 0.4703125 0.58359375 0.10625 0.128125
0 0.37109375 0.953125 0.1171875 0.078125