0 0.54140625 0.55078125 0.2578125 0.178125
0 0.40390625 0.6671875 0.0890625 0.1359375
0 0.31015625 0.6515625 0.146875 0.14375
0 0.52421875 0.8125 0.090625 0.0984375
0 0.571875 0.8015625 0.08125 0.1296875
0 0.61484375 0.8171875 0.0921875 0.109375
0 0.67890625 0.8546875 0.0734375 0.1
0 0.76171875 0.9109375 0.1171875 0.0875
0 0.784375 0.80390625 0.096875 0.1046875
0 0.70546875 0.68828125 0.1125 0.09375
0 0.7578125 0.6140625 0.1109375 0.0953125
0 0.7203125 0.53984375 0.0984375 0.09375
0 0.684375 0.46328125 0.1046875 0.084375
0 0.77578125 0.3796875 0.0984375 0.1296875
0 0.671875 0.33671875 0.096875 0.1171875
0 0.5796875 0.2875 0.128125 0.0875
0 0.584375 0.10625 0.1453125 0.146875