0 0.296875 0.55234375 0.1578125 0.1375
0 0.46796875 0.5046875 0.175 0.121875
0 0.3953125 0.390625 0.140625 0.1171875
0 0.4734375 0.41953125 0.1703125 0.1171875
0 0.56640625 0.3265625 0.13125 0.1125
0 0.69453125 0.2515625 0.15 0.0984375
0 0.67265625 0.371875 0.15625 0.096875
0 0.56640625 0.45859375 0.153125 0.1046875
0 0.68828125 0.55 0.1671875 0.1
0 0.80234375 0.40546875 0.1515625 0.121875
0 0.821875 0.2921875 0.190625 0.1
0 0.85234375 0.0734375 0.13125 0.146875
0 0.93984375 0.184375 0.1203125 0.184375
0 0.47578125 0.66171875 0.2171875 0.1015625
0 0.271875 0.72734375 0.1703125 0.125
0 0.3015625 0.8390625 0.159375 0.1703125
0 0.1421875 0.85 0.1359375 0.146875
0 0.071875 0.74609375 0.11875 0.13125