0 0.4953125 0.525 0.1015625 0.1703125
0 0.4625 0.61953125 0.1265625 0.1609375
0 0.44453125 0.465625 0.09375 0.1609375
0 0.36328125 0.55625 0.1109375 0.15625
0 0.3765625 0.4421875 0.1234375 0.1734375
0 0.35546875 0.27421875 0.115625 0.1625
0 0.2875 0.17265625 0.1078125 0.1546875
0 0.3484375 0.12578125 0.09375 0.1625
0 0.434375 0.1375 0.075 0.115625
0 0.54453125 0.34765625 0.0953125 0.159375
0 0.65234375 0.41796875 0.0859375 0.153125
0 0.6015625 0.290625 0.11875 0.175
0 0.575 0.1875 0.0734375 0.1109375
0 0.52421875 0.175 0.0734375 0.0984375