0 0.609375 0.3388671875 0.5458984359375 0.328125 0.510091146875 0.3300781234375 0.4222005203125 0.3671875 0.4042968734375 0.3916015625 0.357096353125 0.4121093765625 0.3863932296875 0.4433593765625 0.510091146875 0.4296875 0.5963541671875 0.3759765625 0.609375 0.3388671875
0 0.66796875 0.2607421875 0.6370442703125 0.25 0.5849609359375 0.25 0.5393880203125 0.265625 0.510091146875 0.265625 0.4970703140625 0.28125 0.5019531265625 0.3076171875 0.5231119796875 0.3125 0.650065103125 0.2890625 0.66796875 0.2607421875
0 0.8144531265625 0.1962890625 0.8339843734375 0.1611328125 0.806315103125 0.1542968765625 0.7347005203125 0.1582031234375 0.6598307296875 0.1875 0.6370442703125 0.2050781234375 0.6565755203125 0.2324218765625 0.7770182296875 0.2109375 0.8144531265625 0.1962890625
0 0.765625 0.5205078125 0.7330729171875 0.4755859375 0.6728515640625 0.4550781234375 0.6207682296875 0.45703125 0.4677734359375 0.484375 0.45149739687499996 0.5 0.4645182296875 0.5292968765625 0.6435546859375 0.56640625 0.708658853125 0.5644531234375 0.765625 0.5205078125
0 0.825846353125 0.7089843765625 0.8567708328125001 0.6884765625 0.822591146875 0.6621093765625 0.763997396875 0.64453125 0.6533203140625 0.6503906234375 0.6337890640625 0.67578125 0.6402994796875 0.6894531234375 0.6728515640625 0.6894531234375 0.7021484359375 0.7011718765625 0.7932942703125 0.71484375 0.825846353125 0.7089843765625
0 0.588216146875 0.7109375 0.62890625 0.6943359375 0.6044921859375 0.671875 0.5556640640625 0.6582031234375 0.4677734359375 0.65625 0.4482421859375 0.6640625 0.45638020625 0.6923828125 0.5035807296875 0.70703125 0.588216146875 0.7109375
0 0.376627603125 0.7246093765625 0.45638020625 0.6884765625 0.43522135312500004 0.66015625 0.3082682296875 0.6621093765625 0.2529296859375 0.67578125 0.20735677031250002 0.7050781234375 0.21223958281250002 0.7197265625 0.2431640640625 0.734375 0.3115234359375 0.7421875 0.376627603125 0.7246093765625
0 0.3115234359375 0.6308593765625 0.33919270625000003 0.6142578125 0.3277994796875 0.6015625 0.275716146875 0.58984375 0.20735677031250002 0.59765625 0.1878255203125 0.6113281234375 0.1943359359375 0.6386718765625 0.3115234359375 0.6308593765625
0 0.392903646875 0.5957031234375 0.4140625 0.5439453125 0.4010416671875 0.4951171875 0.3473307296875 0.484375 0.31640625 0.5126953125 0.3115234359375 0.54296875 0.319661459375 0.5732421875 0.3457031265625 0.5888671875 0.3457031265625 0.5986328125 0.392903646875 0.5957031234375
0 0.2724609359375 0.5175781234375 0.3066406265625 0.4873046875 0.313151040625 0.4638671875 0.3017578140625 0.3886718765625 0.2480468734375 0.3955078125 0.2138671859375 0.4511718765625 0.235026040625 0.4990234375 0.2724609359375 0.5175781234375
0 0.1487630203125 0.5546875 0.22526041718749998 0.5009765625 0.22200520625000003 0.4931640625 0.1845703140625 0.4765625 0.12109375 0.5068359375 0.08691406406249999 0.5390625 0.09179687343750001 0.5537109375 0.11621093593750001 0.5644531234375 0.1487630203125 0.5546875
0 0.24479166718749998 0.7724609375 0.24479166718749998 0.7568359375 0.2236328140625 0.7441406234375 0.1682942703125 0.7324218765625 0.10319010312500002 0.7363281234375 0.0576171859375 0.75 0.07063802031250001 0.77734375 0.15852864687499998 0.7910156234375 0.2138671859375 0.7910156234375 0.24479166718749998 0.7724609375
0 0.23177083281250002 0.2822265625 0.2480468734375 0.2548828125 0.23014322968749998 0.2421875 0.1943359359375 0.2363281234375 0.11621093593750001 0.23828125 0.008789064062500001 0.2734375 0.018554685937500003 0.3046875 0.1650390640625 0.3046875 0.23177083281250002 0.2822265625
0 0.3408203140625 0.2128906234375 0.3619791671875 0.1943359375 0.3277994796875 0.16796875 0.2626953140625 0.1464843765625 0.19759114687499998 0.1386718765625 0.1748046859375 0.1621093765625 0.17805989687499998 0.171875 0.295247396875 0.21484375 0.3408203140625 0.2128906234375
0 0.314778646875 0.1308593765625 0.43522135312500004 0.140625 0.4628906265625 0.1279296875 0.45149739687499996 0.10546875 0.4059244796875 0.09375 0.3082682296875 0.09960937656249999 0.314778646875 0.1308593765625
0 0.1878255203125 0.1328125 0.23828125 0.1123046875 0.19596354062500002 0.0634765625 0.1520182296875 0.0390625 0.09667968593750001 0.0390625 0.080403646875 0.0527343765625 0.085286459375 0.0791015625 0.1080729171875 0.0986328125 0.1682942703125 0.1171875 0.1878255203125 0.1328125
0 0.16015625 0.2099609375 0.16015625 0.1982421875 0.1324869796875 0.1875 0.09342447968749999 0.1796875 0.038085935937499996 0.1816406234375 0.002278646875 0.1699218765625 0.008789064062500001 0.21875 0.11946614687499998 0.2265625 0.16015625 0.2099609375
0 0.1878255203125 0.359375 0.20572916718749998 0.3369140625 0.17805989687499998 0.32421875 0.13899739687499998 0.32421875 0.07389322968749999 0.34375 0.044596353125 0.3613281234375 0.05110677031250001 0.3808593765625 0.07714843593750001 0.3730468765625 0.14225260312500002 0.3730468765625 0.1878255203125 0.359375
0 0.002278646875 0.3144531234375 0.000651040625 0.4033203125 0.012044270312499999 0.4121093765625 0.06575520625 0.3232421875 0.0283203140625 0.30859375 0.002278646875 0.3144531234375