0 0.346875 0.56953125 0.19375 0.1125
0 0.51640625 0.6796875 0.115625 0.071875
0 0.90234375 0.72578125 0.1140625 0.0640625
0 0.55234375 0.190625 0.1625 0.13125
0 0.446875 0.28828125 0.1375 0.053125
0 0.353125 0.21171875 0.128125 0.0703125
0 0.27109375 0.1734375 0.1171875 0.06875
0 0.3328125 0.4171875 0.140625 0.096875
0 0.659375 0.565625 0.1203125 0.096875
0 0.8703125 0.621875 0.109375 0.090625
0 0.5953125 0.8640625 0.1171875 0.103125
0 0.95859375 0.60625 0.0828125 0.05625
0 0.415625 0.3359375 0.0703125 0.0390625
0 0.18125 0.42265625 0.0640625 0.0734375
0 0.33046875 0.3046875 0.07421875 0.05859375
0 0.33125 0.8046875 0.0890625 0.084375
0 0.25390625 0.03984375 0.0765625 0.0609375
0 0.9296875 0.8421875 0.0921875 0.059375
0 0.02578125 0.4984375 0.05 0.06484375
0 0.70234375 0.87578125 0.06328125 0.05
0 0.53828125 0.4984375 0.08046875 0.06640625
0 0.94453125 0.2359375 0.090625 0.07421875
0 0.3140625 0.684375 0.06171875 0.06328125
0 0.13984375 0.196875 0.05234375 0.0671875
0 0.3609375 0.89296875 0.0875 0.05546875
0 0.0609375 0.78515625 0.0625 0.05390625
0 0.81328125 0.2984375 0.134375 0.071875
0 0.9265625 0.0453125 0.0578125 0.06015625
0 0.5171875 0.021875 0.0921875 0.0421875
0 0.0875 0.1484375 0.0921875 0.05234375