0 0.53203125 0.34921875 0.071875 0.134375
0 0.45234375 0.40859375 0.0734375 0.1296875
0 0.43359375 0.53203125 0.0796875 0.10625
0 0.45078125 0.64140625 0.08125 0.1015625
0 0.41640625 0.76171875 0.0671875 0.1140625
0 0.459375 0.7703125 0.065625 0.1265625
0 0.515625 0.6109375 0.0734375 0.1203125
0 0.56171875 0.54375 0.0578125 0.103125
0 0.63046875 0.303125 0.0765625 0.1078125
0 0.49453125 0.27109375 0.071875 0.11875
0 0.571875 0.4359375 0.0515625 0.1015625
0 0.51875 0.48125 0.053125 0.0953125
0 0.39921875 0.64296875 0.05 0.0875
0 0.33515625 0.85390625 0.0421875 0.090625
0 0.503125 0.7046875 0.05546875 0.09296875
0 0.4140625 0.95234375 0.04375 0.0828125
0 0.359375 0.76328125 0.0484375 0.0859375
0 0.5515625 0.2265625 0.04921875 0.10234375
0 0.584375 0.07109375 0.05 0.10703125