0 0.653125 0.6171875 0.1125 0.1390625
0 0.78984375 0.45703125 0.0921875 0.1234375
0 0.85 0.3 0.0640625 0.11875
0 0.9484375 0.32265625 0.08125 0.15625
0 0.8890625 0.12890625 0.1046875 0.10625
0 0.765625 0.2640625 0.0921875 0.1265625
0 0.18671875 0.45234375 0.1015625 0.1609375
0 0.3671875 0.375 0.0765625 0.128125
0 0.4125 0.125 0.1171875 0.1421875
0 0.66484375 0.07578125 0.1390625 0.1515625
0 0.14375 0.28671875 0.096875 0.1203125
0 0.06484375 0.50234375 0.0796875 0.1421875
0 0.1234375 0.65390625 0.0875 0.1671875
0 0.2 0.80078125 0.0828125 0.1796875
0 0.26171875 0.91796875 0.0859375 0.1578125
0 0.33984375 0.88671875 0.0859375 0.1078125
0 0.465625 0.975 0.084375 0.05
0 0.4421875 0.83125 0.1515625 0.18125
0 0.7703125 0.921875 0.0796875 0.1046875
0 0.88125 0.79375 0.103125 0.115625
0 0.953125 0.89609375 0.09375 0.1109375
0 0.8734375 0.65390625 0.103125 0.1203125
0 0.6640625 0.440625 0.0984375 0.1265625
0 0.01171875 0.12421875 0.0234375 0.1203125
0 0.02109375 0.30546875 0.0421875 0.1390625
0 0.03125 0.59296875 0.0578125 0.0984375
0 0.06484375 0.75546875 0.0828125 0.09375