0 0.3609375 0.49140625 0.075 0.1046875
0 0.3890625 0.41640625 0.0625 0.078125
0 0.3875 0.2734375 0.0640625 0.09375
0 0.3078125 0.25078125 0.0734375 0.10625
0 0.49140625 0.48828125 0.0796875 0.0859375
0 0.67734375 0.75859375 0.0921875 0.0921875
0 0.73203125 0.81875 0.065625 0.0859375
0 0.5296875 0.56875 0.0546875 0.071875
0 0.5328125 0.459375 0.04375 0.08125
0 0.6484375 0.62734375 0.05625 0.0796875
0 0.26953125 0.209375 0.0578125 0.05625
0 0.44375 0.38515625 0.0390625 0.0609375
0 0.46796875 0.403125 0.03125 0.0484375
0 0.425 0.3484375 0.040625 0.0640625
0 0.43046875 0.2640625 0.0390625 0.0359375
0 0.4625 0.24765625 0.0421875 0.053125
0 0.4578125 0.2953125 0.0328125 0.046875
0 0.56328125 0.6078125 0.04375 0.0625
0 0.6234375 0.57734375 0.0421875 0.0640625
0 0.65546875 0.56015625 0.04375 0.071875
0 0.6265625 0.74296875 0.0609375 0.0640625
0 0.7828125 0.8 0.059375 0.0890625
0 0.63828125 0.69296875 0.0484375 0.0609375
0 0.52578125 0.565625 0.053125 0.0640625
0 0.66484375 0.765625 0.0625 0.0578125
0 0.72890625 0.81328125 0.05625 0.0765625
0 0.4609375 0.2421875 0.0375 0.05
0 0.63515625 0.68359375 0.05 0.0671875
0 0.690625 0.82265625 0.05625 0.059375
0 0.275 0.11171875 0.0390625 0.059375
0 0.3921875 0.35234375 0.046875 0.065625
0 0.759375 0.91953125 0.0390625 0.0578125
0 0.80234375 0.94375 0.0453125 0.075
0 0.19921875 0.13203125 0.0453125 0.0453125
0 0.8421875 0.9 0.0515625 0.0765625
0 0.18046875 0.190625 0.034375 0.053125
0 0.46875 0.6078125 0.0390625 0.0515625
0 0.26875 0.03125 0.0265625 0.0390625
0 0.20390625 0.25859375 0.0296875 0.0453125
0 0.8296875 0.99296875 0.05 0.0140625
0 0.8515625 0.82890625 0.028125 0.0421875
0 0.66015625 0.41875 0.0234375 0.0390625
0 0.8921875 0.67265625 0.04375 0.0640625
0 0.13046875 0.178125 0.028125 0.0359375
0 0.88046875 0.93828125 0.03125 0.0578125
0 0.15390625 0.33203125 0.0296875 0.0421875
0 0.58671875 0.2421875 0.025 0.04375
0 0.41640625 0.57265625 0.03125 0.046875
0 0.5078125 0.6828125 0.028125 0.046875
0 0.790625 0.67421875 0.0328125 0.0453125