0 0.7 0.48046875 0.1078125 0.115625
0 0.60078125 0.47265625 0.0796875 0.0921875
0 0.4578125 0.4421875 0.1015625 0.1078125
0 0.3796875 0.46875 0.078125 0.109375
0 0.328125 0.51796875 0.0859375 0.0953125
0 0.2609375 0.58046875 0.0859375 0.1140625
0 0.19765625 0.628125 0.0984375 0.115625
0 0.13046875 0.68359375 0.11875 0.1515625
0 0.09296875 0.57578125 0.06875 0.071875
0 0.21171875 0.53671875 0.0609375 0.0625
0 0.4828125 0.55 0.0828125 0.1
0 0.853125 0.47578125 0.1078125 0.1140625
0 0.9421875 0.42265625 0.1078125 0.1109375