0 0.365625 0.62421875 0.053125 0.134375
0 0.303125 0.55546875 0.0640625 0.13125
0 0.49921875 0.74609375 0.0796875 0.1328125
0 0.43828125 0.46171875 0.075 0.1265625
0 0.48203125 0.38984375 0.1109375 0.1625
0 0.47109375 0.5453125 0.065625 0.1734375
0 0.52265625 0.55859375 0.084375 0.15625
0 0.55234375 0.4796875 0.075 0.1625
0 0.48515625 0.64765625 0.0515625 0.0953125
0 0.4109375 0.86640625 0.0625 0.09375
0 0.42734375 0.95078125 0.0609375 0.09375
0 0.47734375 0.8734375 0.084375 0.1375
0 0.52578125 0.85859375 0.0859375 0.14375
0 0.31484375 0.64453125 0.078125 0.1765625
0 0.35625 0.89140625 0.0484375 0.0875