0 0.29140625 0.5203125 0.178125 0.1609375
0 0.46796875 0.5 0.1921875 0.1484375
0 0.4140625 0.37578125 0.1578125 0.1375
0 0.48671875 0.41640625 0.1859375 0.1421875
0 0.59296875 0.3390625 0.146875 0.13125
0 0.73125 0.28515625 0.1640625 0.1203125
0 0.690625 0.40078125 0.16875 0.1203125
0 0.571875 0.46953125 0.1671875 0.128125
0 0.678125 0.57890625 0.18125 0.125
0 0.81328125 0.45390625 0.16875 0.14375
0 0.85078125 0.3453125 0.2046875 0.128125
0 0.91484375 0.13359375 0.153125 0.165625
0 0.9546875 0.25703125 0.090625 0.2015625
0 0.45078125 0.65625 0.2296875 0.134375
0 0.2390625 0.6890625 0.1875 0.15
0 0.25078125 0.80390625 0.184375 0.19375
0 0.0921875 0.78984375 0.1578125 0.165625
0 0.053125 0.67578125 0.10625 0.1484375