0 0.53984375 0.31484375 0.0984375 0.078125
0 0.80703125 0.30703125 0.1296875 0.1125
0 0.84453125 0.12890625 0.090625 0.1
0 0.76484375 0.13125 0.0796875 0.06875
0 0.62109375 0.14921875 0.09375 0.0453125
0 0.5109375 0.11953125 0.1 0.0796875
0 0.2578125 0.37109375 0.1046875 0.0890625
0 0.25703125 0.44375 0.0953125 0.096875
0 0.30234375 0.73359375 0.0984375 0.084375
0 0.6046875 0.88671875 0.1625 0.1140625
0 0.73046875 0.72890625 0.08125 0.0875
0 0.6515625 0.7609375 0.0875 0.065625
0 0.753125 0.67734375 0.128125 0.08125
0 0.82734375 0.5203125 0.1 0.0734375
0 0.596875 0.65703125 0.1953125 0.11875
0 0.55625 0.60703125 0.121875 0.1109375
0 0.48671875 0.5875 0.128125 0.1453125
0 0.46015625 0.96015625 0.1296875 0.0796875
0 0.5875 0.86796875 0.1 0.0703125
0 0.5328125 0.32734375 0.0640625 0.0875
0 0.38203125 0.58359375 0.1109375 0.09375
0 0.4359375 0.63828125 0.053125 0.05
0 0.86953125 0.77890625 0.078125 0.0546875
0 0.7046875 0.5359375 0.1 0.1140625
0 0.62890625 0.53515625 0.090625 0.0921875
0 0.409375 0.51953125 0.071875 0.071875
0 0.9109375 0.8359375 0.125 0.103125
0 0.87421875 0.46796875 0.0578125 0.05625
0 0.17890625 0.471875 0.0609375 0.0453125
0 0.1375 0.61875 0.046875 0.053125
0 0.4796875 0.41640625 0.05 0.0390625
0 0.421875 0.4234375 0.0734375 0.0515625
0 0.41796875 0.46875 0.046875 0.0484375
0 0.6 0.4796875 0.103125 0.0609375
0 0.21875 0.61640625 0.0953125 0.0515625
0 0.46640625 0.51640625 0.0890625 0.0640625
0 0.15078125 0.27265625 0.1 0.0859375
0 0.04765625 0.684375 0.053125 0.0671875
0 0.82734375 0.43828125 0.0578125 0.05
0 0.23671875 0.290625 0.10625 0.121875
0 0.99375 0.8125 0.0125 0.0375
0 0.83515625 0.4875 0.0546875 0.0421875
0 0.67109375 0.46015625 0.0734375 0.0421875
0 0.95390625 0.7796875 0.05625 0.05
0 0.26640625 0.0890625 0.040625 0.0484375
0 0.96640625 0.51328125 0.05 0.04375
0 0.05 0.33125 0.059375 0.040625
0 0.9828125 0.775 0.034375 0.046875
0 0.96640625 0.86171875 0.0671875 0.0734375
0 0.07578125 0.3703125 0.1515625 0.0875
0 0.06015625 0.1984375 0.0703125 0.075
0 0.0625 0.12421875 0.075 0.0640625
0 0.9828125 0.5265625 0.034375 0.0375
0 0.10625 0.1109375 0.0765625 0.090625
0 0.96171875 0.88984375 0.0671875 0.0640625
0 0.2203125 0.0671875 0.05 0.0515625
0 0.0203125 0.19453125 0.040625 0.0421875
0 0.26328125 0.2484375 0.078125 0.0625
0 0.5921875 0.50546875 0.08125 0.0578125
0 0.08828125 0.9421875 0.0265625 0.0296875