0 0.7097013875 0.7894677796875 0.706309821875 0.770233253125 0.6696503890625001 0.7816554390625 0.6311766359375001 0.822154734375 0.6111452671875 0.8603937687500001 0.6180625921875 0.8885262328125 0.6189345640624999 0.8883724796875001 0.6862737546875 0.8421884546875 0.7097013875 0.7894677796875
0 0.5124349671874999 0.9230172734375 0.5132736203125 0.9228693968749999 0.5293903734375001 0.8927578234375 0.5204561187500001 0.86458434375 0.4425075875 0.8218060062499999 0.43929835625 0.8395978625 0.43992337499999995 0.843142521875 0.4606014171875 0.8850546218750001 0.5124349671874999 0.9230172734375
0 0.343286534375 0.8338474 0.3552232671875 0.8312468203125001 0.3648428765625 0.8126929531249999 0.37164244687500003 0.7331554312499999 0.3578391203125 0.7336060765625 0.3263785203125 0.7857599234375 0.3188992171875 0.8136401765624999 0.3200038984375 0.8199051359375 0.33104632343749996 0.8360056796875 0.343286534375 0.8338474
0 0.2707613140625 0.8593283859374999 0.28746756093750003 0.8378391875 0.24413648437500002 0.8226721921875001 0.217208146875 0.827420384375 0.2107006890625 0.8478775125 0.211084040625 0.8500516046875 0.2354181015625 0.8655603484375 0.2707613140625 0.8593283859374999
0 0.3387916046875 0.7346839203125 0.3719008046875 0.7059392812499999 0.362402071875 0.6689406906250001 0.3286835609375 0.6857940765625 0.32624620625 0.7203358375 0.3274807359375 0.727337203125 0.3366277125 0.7350654734375001 0.3387916046875 0.7346839203125
0 0.5366304937499999 0.7369856171875 0.5123711296875 0.7501217375 0.5207765609375 0.7977913078125 0.5214858359375001 0.7976662421875 0.5468075406249999 0.7778311171875 0.5366304937499999 0.7369856171875
0 0.511764403125 0.7196865890625 0.530245190625 0.7310709640625 0.5545647359375 0.7267827734375001 0.5646120953125 0.7247136609375 0.5665378953125 0.707516425 0.51786300625 0.701522196875 0.516767759375 0.70171531875 0.5114817734375 0.7180837125 0.511764403125 0.7196865890625
0 0.579400165625 0.7700017390625 0.6046992999999999 0.756913659375 0.6077247609375 0.7240200812500001 0.6076701578125 0.723710415625 0.5665617390625 0.751517275 0.56691051875 0.7534953 0.5750584125 0.7707673078124999 0.579400165625 0.7700017390625
0 0.661489503125 0.7246875578124999 0.64542356875 0.7235539046875 0.63078934375 0.7468488921875001 0.63618371875 0.7774419109374999 0.6366004703125 0.7773684265624999 0.663861253125 0.7550098078125 0.661489503125 0.7246875578124999
0 0.7721829312499999 0.7820204546875 0.787910321875 0.774110659375 0.78721165625 0.770148334375 0.78295964375 0.75503205 0.76078654375 0.736134334375 0.7341973640624999 0.742805978125 0.7353710687499999 0.7640842765625 0.735982965625 0.767554515625 0.7689596859375001 0.7825888 0.7721829312499999 0.7820204546875
0 0.7775318062500001 0.7176131406249999 0.8195592312500001 0.6859076984375 0.819561578125 0.6690496140625 0.7901453093749999 0.6653118515625 0.7633284609375 0.6819399125000001 0.7574589890625 0.7003914421874999 0.7583469640625 0.7054273953125 0.7761084421875 0.7178641171875 0.7775318062500001 0.7176131406249999
0 0.7067085640624999 0.22248704843749997 0.6711827796875001 0.21784330000000002 0.6699352921874999 0.23888744062499997 0.7039016499999999 0.2577881078125 0.706914453125 0.25725686875 0.7210740171875 0.24771960312500002 0.7067085640624999 0.22248704843749997
0 0.740059634375 0.1630584640625 0.7199261734375 0.1219853 0.70170676875 0.14800530625 0.7161999640625 0.208021459375 0.7205818453124999 0.207248815625 0.7349628984375001 0.20163900625000003 0.740059634375 0.1630584640625
0 0.8286156796874999 0.0804096203125 0.79513188125 0.036732340625 0.7637921624999999 0.03333373125 0.7591484125 0.0688595125 0.7999466203125001 0.11233785781250001 0.8027944687499999 0.1118357046875 0.8266898812499999 0.097606859375 0.8286156796874999 0.0804096203125
0 0.6942264984375 0.0706882109375 0.7425562484375 0.0621663734375 0.7498745296875 0.0421341984375 0.690026871875 0.0120302265625 0.6197430546875 0.0273425140625 0.6205511109375 0.0319252265625 0.6352595187500001 0.061352289062499996 0.6942264984375 0.0706882109375
0 0.45517636093749997 0.3428967921875 0.46944639062500004 0.3357199515625 0.47024088906249994 0.3177305625 0.4428642546875 0.29181735 0.4248748703125 0.291022853125 0.415552775 0.31801259531250003 0.4159326296875 0.32016685312500004 0.44975864374999996 0.3438520828125 0.45517636093749997 0.3428967921875
0 0.3445544375 0.9501400859375 0.35216528281250004 0.9687297875 0.355868340625 0.9680768390625 0.381358096875 0.959219146875 0.3837909 0.9345944656249999 0.38040782968750003 0.935190990625 0.344150603125 0.947849821875 0.3445544375 0.9501400859375
0 0.3924287015625 1 0.40925484843750004 0.9875197171875 0.3955700546875 0.9492759890625001 0.3788539109375 0.9826966421875 0.37902398125 0.98366115625 0.3867316625 1 0.3924287015625 1
0 0.3956304671875 0.9420264546875 0.4087424796875 0.9295006906250001 0.3941517015625 0.8973664703124999 0.380686940625 0.9211076390624999 0.38142166093749996 0.9252744453125 0.39249683750000003 0.9425789984374999 0.3956304671875 0.9420264546875