0 0.803125 0.25078125 0.1109375 0.1140625
0 0.846875 0.31796875 0.0828125 0.0953125
0 0.80234375 0.434375 0.09375 0.1125
0 0.72265625 0.671875 0.1140625 0.10625
0 0.64453125 0.72890625 0.0859375 0.0953125
0 0.4921875 0.6984375 0.071875 0.10625
0 0.43125 0.72578125 0.075 0.1078125
0 0.4078125 0.62890625 0.096875 0.1171875
0 0.50546875 0.53828125 0.084375 0.090625
0 0.509375 0.4671875 0.08125 0.0875
0 0.33359375 0.45390625 0.0640625 0.090625
0 0.28046875 0.60859375 0.0609375 0.103125
0 0.284375 0.87109375 0.11875 0.1671875
0 0.34375 0.9015625 0.0609375 0.1
0 0.44140625 0.81796875 0.0765625 0.0984375
0 0.40390625 0.26796875 0.0671875 0.1046875
0 0.4 0.15859375 0.0953125 0.1359375
0 0.278125 0.059375 0.075 0.10625
0 0.2453125 0.034375 0.078125 0.06875
0 0.24921875 0.17578125 0.0765625 0.103125
0 0.92734375 0.22265625 0.109375 0.1484375
0 0.5671875 0.40390625 0.0484375 0.0625
0 0.296875 0.4046875 0.046875 0.0625
0 0.5328125 0.3296875 0.0453125 0.059375
0 0.4703125 0.92109375 0.065625 0.0734375
0 0.96640625 0.12265625 0.0515625 0.0703125
0 0.175 0.20390625 0.065625 0.0734375
0 0.20078125 0.0734375 0.0609375 0.0765625
0 0.62109375 0.21015625 0.0765625 0.078125
0 0.328125 0.746875 0.04375 0.0578125
0 0.86015625 0.40234375 0.08125 0.0734375
0 0.2328125 0.65390625 0.071875 0.0734375
0 0.91953125 0.1015625 0.05625 0.0609375
0 0.24609375 0.60625 0.0609375 0.078125
0 0.36328125 0.4859375 0.05 0.065625
0 0.325 0.67109375 0.05625 0.096875
0 0.4203125 0.95703125 0.05 0.0734375
0 0.2390625 0.24453125 0.0578125 0.075
0 0.57109375 0.1578125 0.053125 0.065625
0 0.12578125 0.02421875 0.0734375 0.0484375
0 0.5265625 0.9234375 0.0671875 0.065625
0 0.61875 0.59375 0.0671875 0.1140625
0 0.32578125 0.08828125 0.0671875 0.09375
0 0.83203125 0.1359375 0.059375 0.10625
0 0.2671875 0.33515625 0.05625 0.0921875
0 0.55078125 0.209375 0.04375 0.0625
0 0.40546875 0.0390625 0.05 0.0734375
0 0.20234375 0.4234375 0.0671875 0.084375
0 0.75703125 0.5546875 0.078125 0.0953125
0 0.565625 0.90234375 0.15 0.16875
0 0.19453125 0.75703125 0.0890625 0.090625
0 0.48828125 0.83828125 0.0875 0.1203125
0 0.64921875 0.77421875 0.0765625 0.0765625
0 0.73125 0.12734375 0.0625 0.0734375
0 0.56484375 0.51328125 0.0796875 0.1171875
0 0.73984375 0.384375 0.06875 0.1046875
0 0.41953125 0.53671875 0.04375 0.053125
0 0.68984375 0.16953125 0.08125 0.0828125