0 0.4609375 0.55234375 0.2609375 0.1859375
0 0.60234375 0.6640625 0.09375 0.1375
0 0.69453125 0.6453125 0.15 0.146875
0 0.48671875 0.81328125 0.0921875 0.1
0 0.43828125 0.80390625 0.084375 0.13125
0 0.39609375 0.8203125 0.0953125 0.1109375
0 0.33359375 0.8609375 0.0765625 0.1015625
0 0.253125 0.91953125 0.11875 0.090625
0 0.2265625 0.81328125 0.1 0.10625
0 0.3015625 0.6953125 0.1140625 0.096875
0 0.24609375 0.62265625 0.1140625 0.0984375
0 0.28046875 0.54765625 0.1 0.096875
0 0.3140625 0.46953125 0.10625 0.0859375
0 0.2203125 0.3890625 0.103125 0.13125
0 0.32265625 0.34296875 0.1 0.1203125
0 0.41328125 0.290625 0.1296875 0.090625
0 0.4015625 0.109375 0.1484375 0.15