0 0.6733721312500001 0.46012787499999996 0.6648517875 0.3963150828125 0.6273105984375 0.408032884375 0.5706218437499999 0.492368871875 0.5526413 0.61551429375 0.5828498171875001 0.6458839328125 0.6049924125 0.599427878125 0.63001643125 0.582387175 0.670170540625 0.49584518906249997 0.6733721312500001 0.46012787499999996
0 0.7546304828125 0.3717640875 0.7449740874999999 0.34048354999999997 0.7160461984375 0.357387925 0.6881923765625 0.4834457546875 0.69233378125 0.5047621265625 0.7185144984375 0.510562165625 0.7345844015624999 0.49809457031250004 0.735606846875 0.46881554375 0.7528128 0.42381569375000006 0.7546304828125 0.3717640875
0 0.7985542078125001 0.2332386578125 0.7728795296875 0.352858203125 0.79952499375 0.3733318390625 0.8178876453124999 0.351172728125 0.8497795937499999 0.2773709921875 0.8561827734375 0.2059363609375 0.8503166453125001 0.178045375 0.81450018125 0.1963377890625 0.7985542078125001 0.2332386578125
0 0.5325333171875 0.267921103125 0.488774859375 0.23382109999999998 0.44286822812500004 0.289218875 0.4386441890625 0.35421521875 0.46948267499999996 0.534437709375 0.4983072828125 0.54847305625 0.514490790625 0.5327522375 0.5471573249999999 0.3808049265625 0.5509269437500001 0.3288214828125 0.5325333171875 0.267921103125
0 0.36477017031250003 0.23111935468749997 0.3492476453125 0.17194783125 0.324089375 0.136868765625 0.3025148046875 0.16705869375 0.29552295 0.1993864578125 0.30600554999999996 0.2909539109375 0.31669471875 0.3206419140625 0.31555866718750003 0.35317416874999996 0.3289950015625 0.360157759375 0.3550517921875 0.341524528125 0.36477017031250003 0.23111935468749997
0 0.2932198328125 0.489196165625 0.3062120734375 0.5368791578125001 0.3342311203125 0.5460005859375 0.3427204921875 0.5267538859374999 0.343835896875 0.4388486359375 0.3318764265625 0.3895731171875 0.310281209375 0.36439005 0.292269696875 0.4044759796875 0.2932198328125 0.489196165625
0 0.31011594374999996 0.537015484375 0.2712218140625 0.6154584875 0.251382296875 0.6799095281249999 0.2568043296875 0.748499909375 0.2703645953125 0.779916775 0.284833703125 0.7853078359375 0.3157032015625 0.740785128125 0.331298034375 0.6859574375 0.3376805703125 0.5591498125000001 0.31011594374999996 0.537015484375
0 0.3921901375 0.7890568046875 0.4023835875 0.7210117234375 0.3924896578125 0.668551140625 0.380199696875 0.65672179375 0.3626426015625 0.6837948234375 0.3507450765625 0.8006382828125 0.3778449625 0.808099015625 0.3921901375 0.7890568046875
0 0.4530822828125 0.5843514796875 0.40061756718749997 0.6036911218750001 0.3960423890625 0.65076064375 0.4058020640625 0.651101459375 0.42050870468749996 0.6776725671875 0.4504796875 0.6868621609375001 0.48090509218750005 0.68303885 0.5102874015625 0.6531215734375 0.5014262421875 0.5990684578125001 0.4530822828125 0.5843514796875
0 0.5956354968750001 0.75544636875 0.604341753125 0.7020067171875 0.5295898671875 0.6879961531250001 0.505939434375 0.6936846437499999 0.4744915859375 0.7267869859375 0.491728509375 0.7648466265625 0.5388124875 0.7876625859375 0.5956354968750001 0.75544636875
0 0.42219209375 0.8813058890625 0.43207569843750004 0.9060799749999999 0.4465448046875 0.9114710328125 0.4799445890625 0.8784368593749999 0.5124148859375001 0.8160554921875001 0.4971298953125 0.7780640171875 0.48943575937499995 0.7745381375 0.4330878203125 0.8491144500000001 0.42219209375 0.8813058890625
0 0.23441387812499997 0.746089421875 0.21879839531249998 0.7455441171875 0.19917576406249998 0.7758022109375 0.1972444765625 0.8311070390624999 0.20784068281249998 0.9194212671875001 0.23471335624999998 0.9333884515624999 0.249967375 0.8883204390625 0.2561433453125 0.82339225625 0.246363025 0.7676784453125001 0.23441387812499997 0.746089421875
0 0.683503553125 0.8415731953125001 0.6783913218750001 0.9879683390625 0.7092814703125 0.9988186203125 0.7481652734375001 0.8926891234375001 0.7528437328125 0.814679878125 0.7482375828125 0.7786899078125 0.7361748312499999 0.7603541093749999 0.7082797125 0.7756659531250001 0.683503553125 0.8415731953125001
0 0.777836778125 0.7145796828125001 0.8166895671875001 0.8331953828125 0.8263356375 0.8367894265625001 0.8505540953124999 0.814834803125 0.8450184578125001 0.74949764375 0.8258192734375 0.6836833437500001 0.800661003125 0.6486042765625 0.7813791859375 0.669102690625 0.777836778125 0.7145796828125001
0 0.8568953359375 0.5772811921875001 0.8624516203124999 0.6979913437499999 0.8934553734374999 0.7055884031249999 0.9027193359375 0.6081961328125 0.8925981953125 0.5622419984375 0.870548559375 0.550071834375 0.8568953359375 0.5772811921875001
0 0.8783252859375 0.7750896890625001 0.8560690875000001 0.8247989703125 0.8710029374999999 0.8448636265625 0.887444628125 0.90569584375 0.90616874375 0.9291500515625 0.932349459375 0.9349500921875 0.9465810328125001 0.919161109375 0.9485123203124999 0.8638562765625 0.9256468 0.819085696875 0.8783252859375 0.7750896890625001
0 0.809923390625 1 0.802044871875 0.9727432609375001 0.8059280937500001 0.917506590625 0.7994836140625 0.8781952343749999 0.7897136140625001 0.850167921875 0.778002003125 0.84975894375 0.7599904890625 0.8898448734375 0.7639097828125 1 0.809923390625 1
0 0.6527166859375 0.7997831875 0.629644603125 0.816892053125 0.6143905828125 0.8619600671875001 0.6121184796875 0.9270245750000001 0.6034018984375 0.9527777234375 0.6226940437499999 0.9599658062499999 0.6412839046875 0.93130024375 0.663075359375 0.8669173671875001 0.664438621875 0.8278786625000001 0.6527166859375 0.7997831875
0 0.6690836765625 1 0.6748282671875 0.9780723328125 0.6614952109375001 0.940149021875 0.5708076734375 0.99072581875 0.5774590015625 1 0.6690836765625 1