0 0.56640625 0.43984375 0.0640625 0.0546875
0 0.54921875 0.51015625 0.05625 0.0875
0 0.5234375 0.53046875 0.0671875 0.1078125
0 0.47734375 0.51875 0.0453125 0.078125
0 0.43359375 0.53515625 0.0625 0.0984375
0 0.49609375 0.6859375 0.0515625 0.071875
0 0.4484375 0.66875 0.0640625 0.0546875
0 0.4015625 0.634375 0.046875 0.0546875
0 0.371875 0.53828125 0.0453125 0.1
0 0.35546875 0.61953125 0.034375 0.059375
0 0.3109375 0.56171875 0.0578125 0.0765625
0 0.2703125 0.52734375 0.0328125 0.028125
0 0.25546875 0.5546875 0.0390625 0.084375
0 0.79765625 0.4 0.059375 0.0734375
0 0.84765625 0.46171875 0.0515625 0.065625
0 0.740625 0.41015625 0.0515625 0.0546875
0 0.7734375 0.41484375 0.025 0.0421875
0 0.51953125 0.75234375 0.021875 0.04375
0 0.73046875 0.65625 0.03125 0.046875
0 0.82421875 0.8171875 0.0375 0.0375
0 0.71875 0.6984375 0.0265625 0.0515625
0 0.66953125 0.64609375 0.03125 0.0515625
0 0.534375 0.88515625 0.028125 0.0390625
0 0.38359375 0.80546875 0.03125 0.0296875
0 0.3375 0.76015625 0.0578125 0.0640625
0 0.19140625 0.62890625 0.0640625 0.0703125
0 0.153125 0.55234375 0.0515625 0.0546875
0 0.246875 0.70859375 0.06875 0.0546875
0 0.2734375 0.76171875 0.0546875 0.05625
0 0.275 0.85078125 0.0296875 0.08125
0 0.29375 0.90625 0.034375 0.0375
0 0.2046875 0.73203125 0.0375 0.0375
0 0.08828125 0.7828125 0.0421875 0.1109375
0 0.06796875 0.7078125 0.0390625 0.090625
0 0.22734375 0.76484375 0.0375 0.040625
0 0.12578125 0.73359375 0.053125 0.0484375
0 0.60625 0.575 0.0625 0.075
0 0.14609375 0.77109375 0.0421875 0.0359375
0 0.2546875 0.98671875 0.034375 0.0265625
0 0.8234375 0.1890625 0.04375 0.04375
0 0.096875 0.57890625 0.0421875 0.071875
0 0.20625 0.8265625 0.0234375 0.0484375
0 0.621875 0.46015625 0.0546875 0.0609375
0 0.7390625 0.69375 0.034375 0.0359375
0 0.70078125 0.56171875 0.0296875 0.0359375
0 0.14765625 0.69921875 0.0328125 0.034375
0 0.1171875 0.69453125 0.034375 0.0359375
0 0.33671875 0.81953125 0.034375 0.0359375
0 0.2484375 0.8125 0.0234375 0.0515625
0 0.81953125 0.32421875 0.075 0.0546875
0 0.14140625 0.6421875 0.0328125 0.0671875
0 0.5125 0.62265625 0.034375 0.0296875
0 0.17734375 0.71328125 0.0359375 0.09375
0 0.33671875 0.865625 0.05 0.046875
0 0.059375 0.5671875 0.0421875 0.04375