0 0.53671875 0.69765625 0.1015625 0.0890625
0 0.5015625 0.6046875 0.08125 0.065625
0 0.4328125 0.47578125 0.09375 0.0859375
0 0.43671875 0.39296875 0.1 0.059375
0 0.46953125 0.3296875 0.084375 0.071875
0 0.51171875 0.24765625 0.103125 0.065625
0 0.53984375 0.17421875 0.103125 0.0796875
0 0.575 0.09375 0.1375 0.09375
0 0.4609375 0.0875 0.0609375 0.0578125
0 0.45546875 0.21328125 0.053125 0.0515625
0 0.54375 0.46953125 0.0890625 0.0671875
0 0.57421875 0.84609375 0.0984375 0.090625
0 0.54765625 0.94609375 0.0953125 0.090625
0 0.415625 0.59375 0.05 0.053125
0 0.4515625 0.1515625 0.0390625 0.0625
0 0.4515625 0.65078125 0.0421875 0.046875
0 0.44609375 0.77109375 0.05 0.059375
0 0.46484375 0.715625 0.034375 0.0453125
0 0.45546875 0.86796875 0.0453125 0.05
0 0.575 0.0265625 0.084375 0.0484375
0 0.48125 0.97265625 0.0375 0.046875