0 0.696875 0.48671875 0.05625 0.0953125
0 0.35625 0.40625 0.103125 0.059375
0 0.3765625 0.2828125 0.090625 0.0625
0 0.26953125 0.2015625 0.1171875 0.059375
0 0.34453125 0.14921875 0.1046875 0.0765625
0 0.42421875 0.11640625 0.0953125 0.1109375
0 0.91875 0.16640625 0.1625 0.0703125
0 0.40234375 0.5171875 0.0796875 0.065625
0 0.29765625 0.26328125 0.06328125 0.0453125
0 0.7875 0.31484375 0.03671875 0.06015625
0 0.71328125 0.42578125 0.02578125 0.05078125
0 0.96171875 0.34296875 0.0765625 0.0328125
0 0.4828125 0.475 0.04453125 0.05234375
0 0.33046875 0.35625 0.03984375 0.0359375
0 0.31640625 0.57890625 0.0640625 0.03046875
0 0.87578125 0.2625 0.034375 0.05390625
0 0.29921875 0.49609375 0.07109375 0.028125
0 0.87265625 0.321875 0.046875 0.06796875
0 0.33046875 0.62890625 0.0703125 0.0484375
0 0.76796875 0.37890625 0.03515625 0.06328125
0 0.34140625 0.8640625 0.040625 0.0265625
0 0.31875 0.4296875 0.028125 0.04609375
0 0.40234375 0.696875 0.05234375 0.025
0 0.778125 0.47578125 0.03828125 0.0359375
0 0.484375 0.53203125 0.04453125 0.02890625
0 0.2296875 0.1265625 0.0984375 0.06640625
0 0.528125 0.74453125 0.03671875 0.0453125
0 0.48984375 0.42578125 0.040625 0.03984375