0 0.31015625 0.3421875 0.1 0.0921875
0 0.28359375 0.4296875 0.109375 0.1171875
0 0.421875 0.35703125 0.109375 0.1125
0 0.465625 0.16328125 0.121875 0.1453125
0 0.34765625 0.16875 0.1296875 0.10625
0 0.321875 0.26796875 0.0953125 0.06875
0 0.28046875 0.50625 0.0796875 0.071875
0 0.2828125 0.58515625 0.10625 0.0953125
0 0.3265625 0.7328125 0.08125 0.1046875
0 0.371875 0.6796875 0.0859375 0.0859375
0 0.459375 0.1328125 0.06875 0.096875
0 0.3078125 0.2796875 0.0765625 0.0875
0 0.41484375 0.4671875 0.0625 0.0828125
0 0.40703125 0.63984375 0.04375 0.0609375
0 0.25703125 0.65234375 0.071875 0.0703125
0 0.41640625 0.42421875 0.0671875 0.078125
0 0.4125 0.08828125 0.046875 0.0703125
0 0.37890625 0.465625 0.0390625 0.0390625
0 0.2640625 0.7875 0.0640625 0.1
0 0.35390625 0.51484375 0.034375 0.0390625
0 0.3234375 0.56796875 0.053125 0.053125
0 0.409375 0.596875 0.05625 0.0578125
0 0.425 0.25 0.0390625 0.0625
0 0.39296875 0.43046875 0.040625 0.040625
0 0.38359375 0.5765625 0.025 0.034375
0 0.29296875 0.76328125 0.04375 0.04375