0 0.5234375 0.4890625 0.1671875 0.09375
0 0.60625 0.4328125 0.15625 0.11875
0 0.45234375 0.45546875 0.1578125 0.0859375
0 0.51953125 0.353125 0.1515625 0.103125
0 0.41171875 0.39609375 0.16875 0.115625
0 0.24453125 0.41875 0.159375 0.109375
0 0.12890625 0.3796875 0.1515625 0.1
0 0.09921875 0.45 0.159375 0.0859375
0 0.13359375 0.53046875 0.1140625 0.0703125
0 0.3640625 0.5828125 0.15625 0.0890625
0 0.46015625 0.66796875 0.1515625 0.078125
0 0.32421875 0.65234375 0.171875 0.1109375
0 0.2171875 0.653125 0.109375 0.06875
0 0.1921875 0.6078125 0.096875 0.06875