0 0.515625 0.56171875 0.128125 0.0796875
0 0.55859375 0.70078125 0.09375 0.0828125
0 0.6546875 0.20625 0.125 0.0765625
0 0.5140625 0.85546875 0.0578125 0.0609375
0 0.5859375 0.49609375 0.1546875 0.0953125
0 0.58671875 0.42421875 0.1828125 0.1125
0 0.6078125 0.3109375 0.059375 0.04375
0 0.53984375 0.42421875 0.0453125 0.0421875
0 0.35 0.3875 0.075 0.05625
0 0.6109375 0.66015625 0.0875 0.06875
0 0.33984375 0.25390625 0.053125 0.046875
0 0.21328125 0.3984375 0.0515625 0.0515625
0 0.509375 0.115625 0.0625 0.05625
0 0.24296875 0.09453125 0.0796875 0.0515625
0 0.55390625 0.89140625 0.034375 0.034375
0 0.53671875 0.490625 0.0484375 0.040625
0 0.1796875 0.43046875 0.1140625 0.0890625
0 0.21953125 0.59296875 0.06875 0.0515625