0 0.5296875 0.31328125 0.1 0.08125
0 0.796875 0.29140625 0.1328125 0.1171875
0 0.82421875 0.11171875 0.09375 0.103125
0 0.7453125 0.11796875 0.08125 0.071875
0 0.603125 0.14375 0.0953125 0.0484375
0 0.49140625 0.11953125 0.1015625 0.084375
0 0.2515625 0.384375 0.1078125 0.09375
0 0.25390625 0.45703125 0.0984375 0.1
0 0.31484375 0.74375 0.1015625 0.0875
0 0.625 0.88046875 0.165625 0.1203125
0 0.7421875 0.71640625 0.084375 0.090625
0 0.665625 0.75234375 0.0890625 0.06875
0 0.7625 0.6640625 0.1296875 0.0859375
0 0.82734375 0.503125 0.1015625 0.078125
0 0.6046875 0.6515625 0.1984375 0.128125
0 0.56171875 0.60390625 0.125 0.115625
0 0.49140625 0.58828125 0.134375 0.15
0 0.48359375 0.959375 0.1328125 0.08125