0 0.5703125 0.48990885312500004 0.5566406234375 0.6136067703125 0.5878906234375 0.642903646875 0.6083984375 0.5957031265625 0.6328125 0.5777994796875 0.6699218765625 0.48990885312500004 0.671875 0.4541015640625 0.6611328125 0.390625 0.6240234375 0.4036458328125 0.5703125 0.48990885312500004
0 0.6875 0.4768880203125 0.6923828125 0.4980468734375 0.71875 0.5029296859375 0.734375 0.48990885312500004 0.734375 0.4606119796875 0.75 0.4150390640625 0.75 0.3629557296875 0.7392578125 0.33203125 0.7109375 0.349934896875 0.6875 0.4768880203125
0 0.7949218765625 0.3629557296875 0.8125 0.3401692703125 0.8417968765625 0.2652994796875 0.8457031234375 0.19368489687499998 0.8388671875 0.1660156265625 0.8037109375 0.1855468734375 0.7890625 0.22298177031250002 0.7675781234375 0.3434244796875 0.7949218765625 0.3629557296875
0 0.43359375 0.3564453140625 0.4707031234375 0.5354817703125 0.5 0.548502603125 0.515625 0.5322265640625 0.54296875 0.3792317703125 0.5449218765625 0.3271484359375 0.5244140625 0.2669270828125 0.4794921875 0.234375 0.4355468765625 0.291341146875 0.43359375 0.3564453140625
0 0.28515625 0.20670572968749998 0.2988281234375 0.2978515640625 0.3105468765625 0.3271484359375 0.3105468765625 0.3597005203125 0.32421875 0.3662109359375 0.3496093765625 0.3466796859375 0.35546875 0.236002603125 0.3378906234375 0.17740885312500002 0.3115234375 0.1432291671875 0.2910156234375 0.17415364687499998 0.28515625 0.20670572968749998
0 0.3359375 0.5517578140625 0.34375 0.5322265640625 0.3417968765625 0.4443359359375 0.328125 0.3955078140625 0.3056640625 0.37109375 0.2890625 0.41178385312500004 0.29296875 0.4964192703125 0.3076171875 0.54361979375 0.3359375 0.5517578140625
0 0.265625 0.7568359359375 0.2802734375 0.7877604171875 0.2949218765625 0.7926432296875 0.32421875 0.7470703140625 0.3378906234375 0.6917317703125 0.33984375 0.564778646875 0.3115234375 0.54361979375 0.2753906234375 0.623372396875 0.2578125 0.6884765640625 0.265625 0.7568359359375
0 0.41015625 0.724283853125 0.3984375 0.6722005203125 0.3857421875 0.66080729375 0.3691406234375 0.6884765640625 0.3613281234375 0.8056640640625 0.3886718765625 0.8121744796874999 0.40234375 0.7926432296875 0.41015625 0.724283853125
0 0.4111328125 0.6542968734375 0.4267578125 0.680338540625 0.45703125 0.6884765640625 0.4873046875 0.68359375 0.515625 0.6526692703125 0.5048828125 0.5989583328125 0.4560546875 0.5859375 0.4042968765625 0.607096353125 0.4013671875 0.6542968734375 0.4111328125 0.6542968734375
0 0.6113281234375 0.6982421859375 0.5361328125 0.686848959375 0.5126953125 0.6933593734375 0.4824218765625 0.7275390640625 0.5009765625 0.764973959375 0.5488281234375 0.7861328140625 0.6044921875 0.7519531265625 0.6113281234375 0.6982421859375
0 0.4609375 0.9130859359375 0.4931640625 0.87890625 0.5234375 0.8154296859375 0.5068359375 0.77799479375 0.4990234375 0.7747395828125 0.4453125 0.8512369796874999 0.4355468765625 0.8837890640625 0.4462890625 0.9082031265625 0.4609375 0.9130859359375
0 0.2089843765625 0.841471353125 0.22265625 0.9293619796874999 0.25 0.9423828140625 0.2636718765625 0.896809896875 0.2675781234375 0.8317057296874999 0.2558593765625 0.7763671859375 0.2431640625 0.7552083328125 0.2275390625 0.7552083328125 0.2089843765625 0.7861328140625 0.2089843765625 0.841471353125
0 0.7265625 0.9912109359375 0.76171875 0.8837890640625 0.7636718765625 0.8056640640625 0.7578125 0.7698567703125 0.7451171875 0.7519531265625 0.7177734375 0.7682291671875 0.6953125 0.8349609359375 0.6953125 0.9814453140625 0.7265625 0.9912109359375
0 0.8378906234375 0.8251953140625 0.8613281234375 0.802408853125 0.8535156234375 0.7373046859375 0.83203125 0.6722005203125 0.8056640625 0.6380208328125 0.7871093765625 0.6591796859375 0.78515625 0.704752603125 0.828125 0.821940103125 0.8378906234375 0.8251953140625
0 0.859375 0.564778646875 0.8691406234375 0.685221353125 0.9003906234375 0.6917317703125 0.90625 0.5940755203125 0.89453125 0.548502603125 0.8720703125 0.5371093734375 0.859375 0.564778646875
0 0.9013671875 0.8919270828125001 0.9208984375 0.914713540625 0.9472656234375 0.919596353125 0.9609375 0.9033203140625 0.9609375 0.8479817703125001 0.9365234375 0.804036459375 0.8876953125 0.76171875 0.8671875 0.8121744796874999 0.8828125 0.8317057296874999 0.9013671875 0.8919270828125001
0 0.8300781234375 0.997721353125 0.8183593765625 0.9619140640625 0.8203125 0.9065755203125001 0.8125 0.8675130203125001 0.8017578125 0.83984375 0.7900390625 0.83984375 0.7734375 0.880533853125 0.78125 0.9912109359375 0.8300781234375 0.997721353125
0 0.6269531234375 0.9228515640625 0.6191406234375 0.9488932296874999 0.6386718765625 0.955403646875 0.65625 0.9261067703125001 0.67578125 0.861002603125 0.67578125 0.821940103125 0.6630859375 0.7942708328125 0.640625 0.8121744796874999 0.6269531234375 0.857747396875 0.6269531234375 0.9228515640625
0 0.69140625 0.9716796859375 0.6767578125 0.9342447937499999 0.5878906234375 0.9879557296874999 0.5966796875 0.999348959375 0.6855468765625 0.997721353125 0.69140625 0.9716796859375