0 0.425 0.621875 0.1875 0.1390625
0 0.62109375 0.6328125 0.1890625 0.15625
0 0.40234375 0.79140625 0.2984375 0.2328125
0 0.70390625 0.81015625 0.2671875 0.2046875
0 0.878125 0.70859375 0.24375 0.1796875
0 0.9375 0.53125 0.125 0.171875
0 0.915625 0.3390625 0.159375 0.2265625
0 0.75234375 0.4921875 0.2671875 0.1734375
0 0.509375 0.4890625 0.1421875 0.196875
0 0.61015625 0.3859375 0.2140625 0.178125
0 0.20625 0.7015625 0.2375 0.15625
0 0.0984375 0.840625 0.121875 0.16875
0 0.8390625 0.6078125 0.1015625 0.1375
0 0.1984375 0.9265625 0.2359375 0.134375
0 0.41875 0.55625 0.11875 0.078125