0 0.396875 0.34921875 0.059375 0.1359375
0 0.3203125 0.4015625 0.0703125 0.1328125
0 0.55390625 0.26015625 0.0859375 0.134375
0 0.43125 0.5234375 0.0796875 0.1296875
0 0.4578125 0.603125 0.11875 0.1671875
0 0.48203125 0.44921875 0.075 0.1765625
0 0.53515625 0.4484375 0.0921875 0.1578125
0 0.54609375 0.53203125 0.0828125 0.1640625
0 0.51875 0.353125 0.05625 0.096875
0 0.4953125 0.12265625 0.0671875 0.0953125
0 0.53125 0.04609375 0.065625 0.0921875
0 0.5625 0.13046875 0.090625 0.140625
0 0.60546875 0.15703125 0.09375 0.146875
0 0.35234375 0.3171875 0.0875 0.1796875
0 0.44765625 0.08671875 0.0515625 0.0890625