0 0.28359375 0.38125 0.0875 0.0765625
0 0.27421875 0.471875 0.0921875 0.1015625
0 0.39609375 0.37421875 0.0921875 0.096875
0 0.40234375 0.17578125 0.0984375 0.1296875
0 0.2875 0.20390625 0.115625 0.0859375
0 0.28125 0.30625 0.0875 0.053125
0 0.2859375 0.54765625 0.0703125 0.059375
0 0.303125 0.625 0.09375 0.078125
0 0.37421875 0.76171875 0.0640625 0.09375
0 0.40859375 0.70078125 0.0734375 0.0734375
0 0.38984375 0.14765625 0.05234375 0.08828125
0 0.26953125 0.3203125 0.06328125 0.0765625
0 0.41015625 0.484375 0.04921875 0.07421875
0 0.43515625 0.6546875 0.03359375 0.05546875
0 0.290625 0.69609375 0.06171875 0.06015625
0 0.403125 0.44140625 0.05546875 0.06953125
0 0.3359375 0.1125 0.034375 0.065625
0 0.37421875 0.4890625 0.03359375 0.0328125
0 0.3234375 0.82734375 0.04765625 0.09296875
0 0.359375 0.5421875 0.028125 0.03359375
0 0.33984375 0.6 0.0453125 0.0453125
0 0.4296875 0.6125 0.046875 0.05
0 0.37890625 0.26875 0.028125 0.05859375
0 0.38203125 0.45234375 0.034375 0.03515625
0 0.4 0.59765625 0.01875 0.03125
0 0.346875 0.79765625 0.0375 0.03671875