0 0.50390625 0.47421875 0.1078125 0.171875
0 0.5328125 0.37890625 0.13125 0.1640625
0 0.55625 0.5328125 0.0984375 0.1625
0 0.634375 0.4390625 0.115625 0.1578125
0 0.625 0.55390625 0.128125 0.175
0 0.65234375 0.7203125 0.1203125 0.165625
0 0.7234375 0.81953125 0.1125 0.1578125
0 0.66484375 0.86875 0.0984375 0.1640625
0 0.578125 0.859375 0.078125 0.1171875
0 0.4609375 0.65390625 0.1 0.1609375
0 0.35078125 0.5875 0.090625 0.1546875
0 0.40625 0.7125 0.1234375 0.178125
0 0.4359375 0.81484375 0.0765625 0.1125
0 0.48671875 0.82578125 0.075 0.1