0 0.65078125 0.53203125 0.134375 0.071875
0 0.59140625 0.45234375 0.1296875 0.0734375
0 0.46796875 0.43359375 0.10625 0.0796875
0 0.35859375 0.45078125 0.1015625 0.08125
0 0.23828125 0.41640625 0.1140625 0.0671875
0 0.2296875 0.459375 0.1265625 0.065625
0 0.3890625 0.515625 0.1203125 0.0734375
0 0.45625 0.56171875 0.103125 0.0578125
0 0.696875 0.63046875 0.1078125 0.0765625
0 0.72890625 0.49453125 0.11875 0.071875
0 0.76484375 0.55 0.0984375 0.04921875
0 0.5109375 0.5203125 0.09609375 0.05390625
0 0.35546875 0.40234375 0.09765625 0.05546875
0 0.9234375 0.584375 0.121875 0.0546875
0 0.559375 0.57265625 0.1046875 0.05390625
0 0.29921875 0.50390625 0.0890625 0.05859375
0 0.8078125 0.653125 0.0859375 0.05390625
0 0.0484375 0.41640625 0.0953125 0.04765625
0 0.14921875 0.334375 0.09375 0.04609375
0 0.896875 0.69375 0.109375 0.05859375
0 0.234375 0.359375 0.09453125 0.05390625