0 0.34921875 0.46796875 0.134375 0.071875
0 0.40859375 0.54765625 0.1296875 0.0734375
0 0.53203125 0.56640625 0.10625 0.0796875
0 0.64140625 0.54921875 0.1015625 0.08125
0 0.76171875 0.58359375 0.1140625 0.0671875
0 0.7703125 0.540625 0.1265625 0.065625
0 0.6109375 0.484375 0.1203125 0.0734375
0 0.54375 0.43828125 0.103125 0.0578125
0 0.303125 0.36953125 0.1078125 0.0765625
0 0.27109375 0.50546875 0.11875 0.071875
0 0.48828125 0.48125 0.10390625 0.05234375
0 0.64375 0.603125 0.096875 0.05625
0 0.23046875 0.453125 0.10390625 0.05625
0 0.44453125 0.4296875 0.11328125 0.05546875
0 0.1921875 0.34609375 0.09296875 0.05390625
0 0.0734375 0.415625 0.115625 0.053125
0 0.95 0.58515625 0.0953125 0.0453125
0 0.70390625 0.49921875 0.09296875 0.05859375
0 0.76796875 0.64140625 0.09140625 0.0515625
0 0.1078125 0.31015625 0.1125 0.06015625
0 0.0578125 0.2609375 0.0796875 0.05859375