0 0.45234375 0.353125 0.0859375 0.140625
0 0.5375 0.40390625 0.0859375 0.1359375
0 0.56953125 0.525 0.090625 0.1140625
0 0.5640625 0.63515625 0.0921875 0.109375
0 0.61015625 0.7515625 0.078125 0.1203125
0 0.56875 0.76484375 0.078125 0.1328125
0 0.49609375 0.61171875 0.0859375 0.1265625
0 0.44296875 0.55 0.06875 0.109375
0 0.35 0.31796875 0.0875 0.115625
0 0.48125 0.271875 0.084375 0.125
0 0.42265625 0.23671875 0.059375 0.1046875
0 0.4796875 0.48671875 0.0625 0.096875
0 0.42265625 0.446875 0.0625 0.1078125
0 0.31484375 0.2125 0.0609375 0.0921875
0 0.66796875 0.75 0.0609375 0.0984375
0 0.7015625 0.83359375 0.0515625 0.090625
0 0.51640625 0.6953125 0.053125 0.08125
0 0.2671875 0.13046875 0.0640625 0.1171875
0 0.63046875 0.94296875 0.0515625 0.0890625
0 0.371875 0.0828125 0.0640625 0.1171875