0 0.34375 0.43828125 0.2 0.121875
0 0.50703125 0.31953125 0.11875 0.078125
0 0.88984375 0.253125 0.1171875 0.0703125
0 0.56875 0.80625 0.16875 0.1390625
0 0.4578125 0.7140625 0.140625 0.0609375
0 0.36875 0.7953125 0.13125 0.0765625
0 0.28828125 0.83828125 0.1203125 0.075
0 0.3375 0.59140625 0.1453125 0.1046875
0 0.65546875 0.42578125 0.125 0.103125
0 0.86328125 0.35859375 0.1140625 0.096875
0 0.57578125 0.13125 0.121875 0.109375
0 0.42421875 0.66953125 0.06875 0.04375
0 0.5375 0.50390625 0.078125 0.06875
0 0.278125 0.971875 0.071875 0.05625
0 0.95234375 0.37109375 0.0859375 0.0625
0 0.340625 0.11796875 0.084375 0.0578125
0 0.425 0.35390625 0.053125 0.053125
0 0.315625 0.20703125 0.09375 0.0859375
0 0.02578125 0.528125 0.0515625 0.065625
0 0.34140625 0.70703125 0.071875 0.0625
0 0.1421875 0.12265625 0.0515625 0.053125
0 0.49921875 0.13359375 0.0625 0.05625
0 0.18515625 0.59609375 0.0671875 0.0765625
0 0.95859375 0.7390625 0.0828125 0.0765625
0 0.17890625 0.6828125 0.0703125 0.0890625
0 0.046875 0.24140625 0.0671875 0.05625
0 0.67890625 0.11796875 0.0578125 0.0515625
0 0.115625 0.54453125 0.053125 0.046875
0 0.82265625 0.6921875 0.1328125 0.0765625
0 0.153125 0.821875 0.053125 0.06875
0 0.34921875 0.04609375 0.071875 0.0734375
0 0.91015625 0.13828125 0.09375 0.0640625
0 0.06171875 0.16796875 0.0828125 0.059375
0 0.303125 0.32890625 0.0640625 0.0640625
0 0.9484375 0.93203125 0.059375 0.0625
0 0.309375 0.90234375 0.0515625 0.034375
0 0.83046875 0.7765625 0.128125 0.08125