0 0.43359375 0.64296875 0.0640625 0.0828125
0 0.45 0.7 0.053125 0.071875
0 0.2453125 0.503125 0.05 0.065625
0 0.3796875 0.40234375 0.0578125 0.065625
0 0.6359375 0.415625 0.053125 0.0640625
0 0.7359375 0.69921875 0.05625 0.0875
0 0.2 0.33125 0.0390625 0.03125
0 0.4234375 0.31484375 0.0328125 0.0265625
0 0.75859375 0.5515625 0.05625 0.0578125
0 0.24375 0.40078125 0.0328125 0.0390625
0 0.09609375 0.46640625 0.0421875 0.0453125
0 0.6578125 0.29765625 0.0265625 0.0265625
0 0.60078125 0.62109375 0.0328125 0.0375
0 0.93203125 0.46640625 0.0359375 0.0515625
0 0.234375 0.30703125 0.025 0.0296875
0 0.5359375 0.43671875 0.0328125 0.028125
0 0.1828125 0.4125 0.0296875 0.0375
0 0.5765625 0.46015625 0.0296875 0.034375
0 0.6796875 0.646875 0.0296875 0.0375
0 0.44921875 0.4984375 0.0296875 0.028125
0 0.71640625 0.4203125 0.021875 0.025