0 0.50390625 0.4671875 0.1671875 0.215625
0 0.49921875 0.29375 0.1890625 0.1921875
0 0.35546875 0.4296875 0.159375 0.2453125
0 0.32734375 0.21640625 0.1578125 0.178125
0 0.6359375 0.40546875 0.196875 0.19375
0 0.6046875 0.50625 0.128125 0.1515625
0 0.659375 0.58515625 0.159375 0.171875
0 0.728125 0.72109375 0.146875 0.1984375
0 0.86328125 0.92109375 0.146875 0.14375
0 0.6515625 0.87890625 0.1171875 0.1828125
0 0.5328125 0.58046875 0.159375 0.203125
0 0.41875 0.67890625 0.159375 0.215625
0 0.54375 0.81328125 0.1578125 0.1953125