0 0.52265625 0.559375 0.1203125 0.065625
0 0.5828125 0.6921875 0.0859375 0.0734375
0 0.61796875 0.18984375 0.11875 0.0625
0 0.55703125 0.85078125 0.0515625 0.05546875
0 0.58515625 0.4859375 0.14609375 0.078125
0 0.5765625 0.4140625 0.17265625 0.0921875
0 0.58359375 0.29921875 0.0546875 0.0375
0 0.53046875 0.41953125 0.040625 0.0375
0 0.3375 0.40625 0.0703125 0.04765625
0 0.6296875 0.6453125 0.08046875 0.059375
0 0.3109375 0.275 0.04921875 0.040625
0 0.203125 0.434375 0.046875 0.04609375
0 0.4625 0.1171875 0.05625 0.04921875
0 0.1953125 0.12890625 0.07578125 0.0421875
0 0.6015625 0.88203125 0.03125 0.03046875
0 0.53515625 0.4859375 0.04375 0.0359375
0 0.1734375 0.4703125 0.1046875 0.07734375
0 0.2328125 0.6265625 0.0640625 0.04375