0 0.66015625 0.76484375 0.046875 0.0390625
0 0.61328125 0.7234375 0.040625 0.05
0 0.5703125 0.72578125 0.0328125 0.0515625
0 0.53203125 0.77421875 0.0359375 0.0421875
0 0.56171875 0.675 0.0390625 0.0359375
0 0.6578125 0.71171875 0.0265625 0.0453125
0 0.6328125 0.571875 0.075 0.0671875
0 0.646875 0.6328125 0.0734375 0.046875
0 0.5765625 0.62109375 0.0515625 0.040625
0 0.61328125 0.50390625 0.0390625 0.0390625
0 0.6953125 0.44375 0.040625 0.0515625
0 0.48515625 0.3703125 0.0703125 0.0484375
0 0.58359375 0.42265625 0.0453125 0.0296875
0 0.309375 0.4390625 0.08125 0.0640625
0 0.05625 0.5375 0.05625 0.0625
0 0.08984375 0.48828125 0.071875 0.053125
0 0.1984375 0.44453125 0.0421875 0.0328125
0 0.21171875 0.51484375 0.0421875 0.0453125
0 0.365625 0.515625 0.046875 0.0421875
0 0.4015625 0.3765625 0.0421875 0.0359375
0 0.29140625 0.37421875 0.0546875 0.0484375
0 0.314005646875 0.19766396718749998 0.4086902390625 0.1822858 0.44292972031250005 0.15591661875 0.4433385953125 0.148114825 0.41746669687500004 0.13424178125 0.34026651406249997 0.11454944843749999 0.18850285 0.11441907343749999 0.1678910890625 0.11959743437499999 0.1684767828125 0.1681321015625 0.1744728921875 0.173140278125 0.21668435156250002 0.1737878421875 0.231218228125 0.1651616640625 0.293469025 0.1715533796875 0.30702160312500004 0.18165150624999998 0.30784598750000003 0.1957765078125 0.314005646875 0.19766396718749998