0 0.4453125 0.5359375 0.25 0.1640625
0 0.53984375 0.6890625 0.08125 0.1328125
0 0.63359375 0.703125 0.140625 0.1359375
0 0.38046875 0.78984375 0.084375 0.09375
0 0.33828125 0.7640625 0.0734375 0.1265625
0 0.29296875 0.765625 0.0859375 0.1046875
0 0.2203125 0.78203125 0.06875 0.096875
0 0.12421875 0.809375 0.1140625 0.08125
0 0.1359375 0.70078125 0.0921875 0.1
0 0.246875 0.615625 0.1078125 0.0875
0 0.21953125 0.52890625 0.1078125 0.0890625
0 0.278125 0.46953125 0.09375 0.0890625
0 0.3359375 0.40859375 0.1015625 0.078125
0 0.275 0.3 0.0921875 0.1265625
0 0.38671875 0.29140625 0.090625 0.1140625
0 0.48984375 0.2734375 0.125 0.0796875
0 0.54140625 0.1 0.1375 0.1390625