0 0.42109375 0.60859375 0.159375 0.1140625
0 0.2734375 0.6703125 0.1765625 0.109375
0 0.6578125 0.55859375 0.1421875 0.1
0 0.578125 0.52734375 0.153125 0.1265625
0 0.56015625 0.45546875 0.196875 0.0984375
0 0.4046875 0.4171875 0.171875 0.1
0 0.2734375 0.40234375 0.1515625 0.1125
0 0.29453125 0.478125 0.1359375 0.0859375
0 0.20703125 0.59140625 0.1390625 0.0875
0 0.84296875 0.6 0.1375 0.0953125
0 0.8515625 0.4671875 0.1265625 0.0828125
0 0.846875 0.41171875 0.1234375 0.084375
0 0.753125 0.46953125 0.1734375 0.1328125
0 0.77578125 0.33203125 0.0953125 0.09375
0 0.8359375 0.528125 0.121875 0.0734375
0 0.4640625 0.53359375 0.13125 0.08125
0 0.2296875 0.5265625 0.1 0.08125
0 0.18203125 0.44375 0.1109375 0.0796875
0 0.05078125 0.57578125 0.1015625 0.0765625
0 0.8953125 0.31953125 0.1078125 0.078125
0 0.9765625 0.57421875 0.046875 0.0765625
0 0.73671875 0.5875 0.0890625 0.084375
0 0.71953125 0.3640625 0.0765625 0.0453125
0 0.93984375 0.39921875 0.10625 0.0671875
0 0.43203125 0.45546875 0.090625 0.0609375
0 0.534375 0.403125 0.0671875 0.065625
0 0.05 0.48515625 0.1 0.0890625
0 0.08984375 0.31953125 0.0859375 0.059375
0 0.97109375 0.521875 0.0578125 0.053125
0 0.4078125 0.378125 0.1390625 0.0796875
0 0.8328125 0.24609375 0.128125 0.071875
0 0.1859375 0.31015625 0.1046875 0.059375
0 0.59453125 0.621875 0.1046875 0.065625
0 0.30390625 0.55234375 0.0796875 0.0546875
0 0.09765625 0.60390625 0.0875 0.05625
0 0.21953125 0.640625 0.0796875 0.0609375
0 0.58515625 0.3828125 0.078125 0.0578125
0 0.7078125 0.41171875 0.065625 0.053125
0 0.94765625 0.35 0.071875 0.0765625
0 0.89765625 0.67890625 0.0765625 0.0515625
0 0.6171875 0.24765625 0.0703125 0.0515625
0 0.67109375 0.63203125 0.0609375 0.0625
0 0.7109375 0.19140625 0.0890625 0.0546875
0 0.26328125 0.290625 0.0765625 0.05625
0 0.06015625 0.659375 0.059375 0.05
0 0.328125 0.50703125 0.075 0.0640625
0 0.53125 0.6 0.078125 0.05
0 0.5375 0.69765625 0.05625 0.04375
0 0.73984375 0.6515625 0.0765625 0.0453125
0 0.11640625 0.4953125 0.0625 0.0421875
0 0.93671875 0.6390625 0.0609375 0.0453125