0 0.271875 0.34296875 0.18125 0.1046875
0 0.56328125 0.6171875 0.0828125 0.1171875
0 0.47734375 0.41484375 0.0671875 0.0765625
0 0.38828125 0.2609375 0.0953125 0.090625
0 0.68515625 0.7609375 0.1359375 0.065625
0 0.50390625 0.29140625 0.03671875 0.06875
0 0.390625 0.0734375 0.0359375 0.06875
0 0.690625 0.459375 0.07734375 0.05546875
0 0.60625 0.32109375 0.05859375 0.05
0 0.50078125 0.6671875 0.0609375 0.05625
0 0.478125 0.5484375 0.04921875 0.0703125
0 0.55625 0.27421875 0.06328125 0.040625
0 0.65078125 0.56328125 0.08984375 0.06015625
0 0.465625 0.16640625 0.0375 0.05390625
0 0.5578125 0.18046875 0.06953125 0.06171875
0 0.58046875 0.37421875 0.0546875 0.0640625
0 0.60859375 0.43984375 0.06953125 0.0484375
0 0.509375 0.128125 0.03828125 0.06171875
0 0.53125 0.725 0.05390625 0.0578125
0 0.4171875 0.13125 0.03984375 0.06171875
0 0.44609375 0.0828125 0.0375 0.059375
0 0.56640625 0.790625 0.028125 0.06015625
0 0.6296875 0.51015625 0.07421875 0.059375
0 0.51875 0.20546875 0.03515625 0.05390625