0 0.42109375 0.61875 0.184375 0.134375
0 0.61640625 0.63671875 0.184375 0.1515625
0 0.3921875 0.78828125 0.29375 0.2234375
0 0.69296875 0.8171875 0.2625 0.196875
0 0.875 0.721875 0.25 0.171875
0 0.93828125 0.546875 0.1234375 0.16875
0 0.92109375 0.35390625 0.153125 0.2234375
0 0.753125 0.5015625 0.2625 0.165625
0 0.509375 0.4890625 0.1375 0.19375
0 0.6140625 0.38984375 0.209375 0.171875
0 0.19921875 0.69140625 0.234375 0.1484375
0 0.08671875 0.8265625 0.1171875 0.165625
0 0.83515625 0.61953125 0.096875 0.134375
0 0.18359375 0.915625 0.234375 0.1265625
0 0.4171875 0.553125 0.1171875 0.0734375