0 0.38033728125 0.45762675 0.5014469906250001 0.42898179687500004 0.580521303125 0.3651583953125 0.5889225859375 0.32673878749999996 0.5246100218749999 0.32381251718750004 0.4893076609375 0.33011489374999997 0.406594653125 0.3776588359375 0.39179978437499996 0.40407282499999997 0.3474503625 0.4301800734375 0.38033728125 0.45762675
0 0.4784930015625 0.308813153125 0.5000892046875001 0.3110809546875 0.6232397265625 0.27234646093750003 0.63755854375 0.2420553375 0.6055554265625 0.2351619671875 0.5538603140625 0.24150932812499998 0.5105313 0.262571803125 0.48145280156250003 0.26614219375000003 0.4704332328125 0.28323756875 0.4784930015625 0.308813153125
0 0.622798859375 0.21533460781249997 0.7397255203124999 0.1793320984375 0.7750961875 0.16023068125 0.7901973828125 0.1229562203125 0.7619012640625 0.11954327499999999 0.6912965375 0.1321480265625 0.6205552062499999 0.17035086093750001 0.6000808281250001 0.19057493125 0.622798859375 0.21533460781249997
0 0.46835309687500004 0.5334026421875 0.6505775375 0.548416353125 0.7149584015625 0.5385435828125 0.7661443453125 0.48798340625 0.7283603015625 0.44736347343749994 0.6660885546875 0.4343476578125 0.6146314687500001 0.44263358750000004 0.4661094390625 0.488418896875 0.45185892812499995 0.5059109796875 0.46835309687500004 0.5334026421875
0 0.6623422359375 0.6709427625 0.6946516828125 0.6669756625 0.7251583359375 0.6750366750000001 0.817290965625 0.6774987578125 0.8488863328124999 0.6677159578125 0.8770810328125 0.643592259375 0.8399427640624999 0.6215870671875 0.779643528125 0.611280746875 0.67050549375 0.6305845890625 0.654214165625 0.6581662171875 0.6623422359375 0.6709427625
0 0.480150909375 0.6962647359374999 0.5287848015625001 0.7050516890625 0.6132654109375 0.6986143593749999 0.6516289953125 0.6771776671875 0.6246596109375 0.657859475 0.5745292640625 0.6502401578125 0.4870557328125 0.659012765625 0.4686221703125 0.66914729375 0.480150909375 0.6962647359374999
0 0.24116243750000002 0.7531579265625 0.2736416078125 0.76392843125 0.34244354375 0.7633517859375 0.4049202 0.7379704859375 0.47967485625000006 0.692387603125 0.45522234062500005 0.666857 0.3294535328125 0.6842672624999999 0.27619365625 0.7045813 0.234530825 0.739213740625 0.24116243750000002 0.7531579265625
0 0.21351415937499998 0.674889315625 0.32887605781249996 0.6528534859375 0.35431586406250004 0.63300363125 0.3414603921875 0.6217914328124999 0.2883371234375 0.61650739375 0.22143939218750003 0.6325925734375 0.20371990625 0.6485428 0.21351415937499998 0.674889315625
0 0.329931653125 0.594673990625 0.35768341718749996 0.60700884375 0.35887354843749997 0.6167016765625 0.405365203125 0.6080415296874999 0.4200586515625 0.554090896875 0.401184221875 0.5072135703125 0.3465644953125 0.5030971703125 0.3193219 0.5349751328125001 0.318164884375 0.5656179828125001 0.329931653125 0.594673990625
0 0.236882103125 0.53132291875 0.2762992125 0.545177134375 0.30653472812500004 0.510963896875 0.3101403015625 0.48690767656249995 0.2896679953125 0.41366134531250004 0.2371905 0.42699204375 0.210049325 0.48640665156249996 0.236882103125 0.53132291875
0 0.10138527500000001 0.60305803125 0.12692650156250002 0.6107448203125 0.1580458171875 0.5970848875 0.22742729687500002 0.534451615625 0.2232442453125 0.527094059375 0.184065165625 0.5151784078125 0.12475115156250001 0.5529620390625001 0.09475366562500001 0.5891138453125 0.10138527500000001 0.60305803125
0 0.1076381203125 0.827602534375 0.19653980625 0.8304613265624999 0.251465859375 0.8237172546875 0.2798985875 0.8015321265625 0.277994378125 0.78602359375 0.2554460703125 0.7760015234375001 0.19909185625 0.7711141984375 0.13494901718750002 0.78292553125 0.0913819765625 0.802049440625 0.1076381203125 0.827602534375
0 0 0.36461301874999996 0.14373320625 0.3469647984375 0.2072302671875 0.316538725 0.22005262343749998 0.287415240625 0.2007352609375 0.2769964625 0.164480790625 0.275544571875 0.0871761484375 0.2870041828125 0 0.32788104375 0 0.36461301874999996
0 0.14047121093749998 0.21355542343749997 0.2620217875 0.24192232656249998 0.307016984375 0.23442981718749997 0.325756875 0.21343481875 0.28861860625 0.191429625 0.2213814296875 0.1780395953125 0.1558104359375 0.1782195296875 0.136050134375 0.2042593015625 0.14047121093749998 0.21355542343749997
0 0.2711723328125 0.15618369999999998 0.3919074078125 0.15119825781250001 0.41782326875000003 0.1352255375 0.40377766406250004 0.11432050625000001 0.35711628281249996 0.10824304843749999 0.2609020265625 0.125960053125 0.2711723328125 0.15618369999999998
0 0.0370830546875 0.1327797421875 0.0620799265625 0.1493884390625 0.124113646875 0.1604656859375 0.145403521875 0.173593959375 0.1929838890625 0.14709000156250002 0.1450309578125 0.10378306562499999 0.0984378828125 0.08490656875 0.0435118234375 0.091650640625 0.029023285937499997 0.10720415937500001 0.0370830546875 0.1327797421875
0 0 0.2795805375 0.088978940625 0.274976071875 0.12734252343750002 0.2535393796875 0.1259143671875 0.24190797968750002 0.097142196875 0.23461789843749997 0.0574187578125 0.231624153125 0.0027307250000000003 0.2403067890625 0 0.2397699609375 0 0.2795805375
0 0.0399331625 0.43645375625 0.0648286140625 0.42552580781250005 0.1294475046875 0.41759160624999997 0.1730145453125 0.398467696875 0.188047440625 0.37399227343749997 0.15903724375 0.36476362500000004 0.120265909375 0.369524146875 0.0580272796875 0.396844015625 0.031091012499999997 0.41786150624999996 0.0399331625 0.43645375625
0 0 0.4692863703125 0.0049702453125 0.47223134375000003 0.047450642187499996 0.377480840625 0.0085095890625 0.36750375625 0 0.37054734375 0 0.4692863703125