0 0.41328125 0.3390625 0.0734375 0.1375
0 0.33203125 0.3828125 0.0828125 0.1359375
0 0.57890625 0.2671875 0.096875 0.1390625
0 0.42890625 0.51640625 0.0921875 0.134375
0 0.44765625 0.59765625 0.1328125 0.1734375
0 0.4875 0.44765625 0.090625 0.178125
0 0.53984375 0.45234375 0.10625 0.1625
0 0.5421875 0.53671875 0.096875 0.1671875
0 0.534375 0.35546875 0.0640625 0.1
0 0.53515625 0.125 0.075 0.1
0 0.578125 0.05 0.0734375 0.1
0 0.6 0.1390625 0.103125 0.1453125
0 0.64140625 0.16953125 0.10625 0.1515625
0 0.371875 0.303125 0.103125 0.1828125
0 0.49140625 0.0828125 0.059375 0.0921875