0 0.47265625 0.34453125 0.0546875 0.078125
0 0.503125 0.29375 0.0453125 0.06875
0 0.2546875 0.43125 0.04375 0.0625
0 0.35859375 0.56328125 0.0515625 0.0609375
0 0.609375 0.61640625 0.046875 0.059375
0 0.7796875 0.36875 0.0484375 0.084375
0 0.228125 0.528125 0.0265625 0.0359375
0 0.37890625 0.65859375 0.028125 0.0234375
0 0.33671875 0.35234375 0.03125 0.0328125
0 0.71171875 0.40390625 0.0265625 0.0328125
0 0.6296875 0.4078125 0.028125 0.0359375
0 0.92734375 0.7421875 0.0375 0.03125
0 0.734375 0.61953125 0.0296875 0.0296875
0 0.68046875 0.5171875 0.021875 0.028125
0 0.16640625 0.5859375 0.034375 0.025
0 0.61796875 0.50234375 0.025 0.0359375
0 0.44921875 0.48828125 0.0296875 0.0265625
0 0.51796875 0.57109375 0.0296875 0.0234375
0 0.68828125 0.63203125 0.01875 0.021875
0 0.56328125 0.56015625 0.0265625 0.03125
0 0.10078125 0.4265625 0.0359375 0.0390625
0 0.1703125 0.50234375 0.025 0.034375
0 0.84609375 0.61640625 0.0265625 0.0265625
0 0.6625 0.43203125 0.0203125 0.0390625
0 0.23125 0.43671875 0.0328125 0.0296875
0 0.30703125 0.2609375 0.034375 0.0296875
0 0.2984375 0.47109375 0.03125 0.034375
0 0.9078125 0.64453125 0.028125 0.0484375
0 0.4453125 0.5484375 0.0234375 0.028125
0 0.94765625 0.71875 0.034375 0.028125
0 0.55703125 0.31328125 0.0390625 0.0375
0 0.83046875 0.58125 0.0234375 0.046875
0 0.19453125 0.6171875 0.021875 0.028125
0 0.3890625 0.4921875 0.028125 0.0265625
0 0.59921875 0.73515625 0.021875 0.025
0 0.146875 0.4578125 0.0359375 0.0359375
0 0.7640625 0.51484375 0.046875 0.0484375
0 0.89296875 0.39375 0.0328125 0.0234375
0 0.77890625 0.63203125 0.021875 0.01875
0 0.20390625 0.5046875 0.025 0.0359375
0 0.840625 0.2828125 0.028125 0.0265625
0 0.3953125 0.46875 0.0328125 0.028125
0 0.6515625 0.60390625 0.028125 0.01875
0 0.1984375 0.45390625 0.025 0.0328125
0 0.89296875 0.58359375 0.0234375 0.0484375
0 0.67109375 0.378125 0.01875 0.0390625
0 0.3421875 0.31328125 0.0234375 0.0390625