0 0.5296875 0.6984375 0.0984375 0.0859375
0 0.49765625 0.6046875 0.0796875 0.0625
0 0.43359375 0.4734375 0.090625 0.0828125
0 0.440625 0.390625 0.0984375 0.05625
0 0.47578125 0.32890625 0.08125 0.06875
0 0.5203125 0.2484375 0.1015625 0.0625
0 0.5515625 0.17578125 0.1 0.0765625
0 0.5890625 0.096875 0.134375 0.0890625
0 0.475 0.08671875 0.059375 0.05625
0 0.465625 0.21171875 0.0515625 0.05
0 0.54453125 0.47109375 0.0875 0.0640625
0 0.56171875 0.8484375 0.0953125 0.0875
0 0.53203125 0.94765625 0.0921875 0.0875
0 0.4125 0.590625 0.04765625 0.05078125
0 0.4640625 0.15 0.03671875 0.06171875
0 0.44609375 0.64921875 0.040625 0.04609375
0 0.43671875 0.76875 0.0484375 0.0578125
0 0.45703125 0.7140625 0.0328125 0.04453125
0 0.44296875 0.86640625 0.04296875 0.0484375
0 0.59140625 0.0296875 0.0828125 0.04609375
0 0.46484375 0.971875 0.03515625 0.04609375