0 0.6125 0.5265625 0.1375 0.2609375
0 0.725 0.43671875 0.0765625 0.1765625
0 0.82578125 0.2921875 0.0953125 0.203125
0 0.4984375 0.390625 0.1390625 0.321875
0 0.3421875 0.23984375 0.0890625 0.228125
0 0.3203125 0.44609375 0.0703125 0.184375
0 0.284375 0.65 0.103125 0.2546875
0 0.365625 0.72578125 0.0625 0.1546875
0 0.446875 0.63359375 0.121875 0.1125
0 0.52578125 0.73984375 0.1375 0.109375
0 0.45 0.840625 0.1 0.1453125
0 0.20859375 0.82421875 0.075 0.1921875
0 0.69609375 0.884375 0.0890625 0.23125
0 0.80234375 0.75859375 0.0921875 0.19375
0 0.87109375 0.646875 0.0609375 0.1578125
0 0.8828125 0.87578125 0.1078125 0.165625
0 0.76328125 0.93125 0.0703125 0.1375
0 0.6140625 0.88671875 0.0703125 0.165625
0 0.5984375 0.96953125 0.109375 0.0609375
0 0.4296875 0.42890625 0.065625 0.146875