0 0.3385039890625 0.7991802 0.338163121875 0.8187084765625 0.369549653125 0.86711518125 0.4432845578125 0.9021964359375 0.44416984687500005 0.9022118890625 0.446601121875 0.8733436734375 0.42083446875 0.838709021875 0.3764989078125 0.8047269609375001 0.3385039890625 0.7991802
0 0.5530411484375 0.9197396234375 0.553892609375 0.9197544859375 0.5991493343750001 0.8741506640625 0.6130163 0.8295198125000001 0.613079115625 0.8259210203125 0.6071261359375 0.8088502453125 0.5368292875 0.863295746875 0.53241233125 0.8925199906250001 0.5530411484375 0.9197396234375
0 0.6769546859375 0.7084911359375 0.6632508046875001 0.7102053546875 0.68240906875 0.7876999515625001 0.6948127109375 0.8045205515625 0.7070093015625 0.805221796875 0.7194364453125 0.8054387140625 0.7278242390624999 0.787808978125 0.7279352640625001 0.781448340625 0.7161866109374999 0.7550813609375 0.6769546859375 0.7084911359375
0 0.840119059375 0.8005454750000001 0.8401575890625 0.7983381796875 0.8305300484375 0.7791509046875 0.8031904640624999 0.778673690625 0.7627655046874999 0.8004324281249999 0.782627721875 0.8190436249999999 0.8185106937500001 0.819669965625 0.840119059375 0.8005454750000001
0 0.7059586390625 0.6975503468750001 0.706082715625 0.69044205625 0.698271846875 0.6567068468749999 0.662332015625 0.6453356921875 0.6587380828125 0.6833646984375 0.6959363062499999 0.706576021875 0.6981332453125 0.7066143703125001 0.7059586390625 0.6975503468750001
0 0.5260640578125 0.797375171875 0.526908840625 0.7489775937500001 0.50089320625 0.739798203125 0.49723110156250006 0.78173286875 0.52534395 0.7973626031250001 0.5260640578125 0.797375171875
0 0.5062746406249999 0.7329574875 0.5227469890625 0.718822240625 0.5227753953125001 0.7171948859375 0.5149939078125 0.7018549234375 0.5138819328124999 0.7018355140625 0.46674401718749997 0.7153703734375 0.4713363484375 0.7320546218749999 0.48158368906250004 0.7325265062499999 0.5062746406249999 0.7329574875
0 0.47356866249999996 0.7608414640625 0.4736037171875 0.7588332296875 0.428651459375 0.7377994921875 0.428645971875 0.7381138875000001 0.4367798734375 0.7701292046875 0.46381495937499995 0.7790984921875 0.46822301875 0.779175434375 0.47356866249999996 0.7608414640625
0 0.391338371875 0.74355084375 0.375647578125 0.7471838046875 0.3780484734375 0.7775037609375001 0.408471290625 0.7953225828125 0.40889440625000006 0.7953299687500001 0.4094365640625 0.764269734375 0.391338371875 0.74355084375
0 0.27936371875 0.7740231328125 0.2604198609375 0.7961568234375 0.25858490624999997 0.8117521609375 0.2585146875 0.8157749984375 0.2752858109375 0.82112710625 0.2785582828125 0.8211842265625 0.30877712343749997 0.8011763453125 0.308838621875 0.7976531078125 0.3066692171875 0.776453171875 0.27936371875 0.7740231328125
0 0.2134574453125 0.7336089421875001 0.259927265625 0.7583495015625 0.2613723671875 0.758374725 0.276969640625 0.7433126109375 0.2770588859375 0.7381997499999999 0.2683752234375 0.7208935765625 0.23928733124999998 0.7086653140625 0.210817940625 0.7169587765625 0.2134574453125 0.7336089421875001
0 0.28678573281249997 0.248096003125 0.252423771875 0.2582400375 0.242182421875 0.2854091890625 0.257659615625 0.292613990625 0.2607184296875 0.29266738281250004 0.2913098890625 0.26868590625 0.28678573281249997 0.248096003125
0 0.22364695625 0.16104332187499998 0.210186628125 0.2047603734375 0.2212559421875 0.24206862031249998 0.23633750937500003 0.24535967187500002 0.240786309375 0.2454373265625 0.245712475 0.1838928359375 0.22364695625 0.16104332187499998
0 0.140211159375 0.1639821421875 0.14310250156249998 0.1640326109375 0.17659690156250002 0.1147073109375 0.16645286875 0.08034535312499999 0.136030653125 0.0886047328125 0.109791728125 0.1369822921875 0.11438405625 0.15366654375 0.140211159375 0.1639821421875
0 0.307710046875 0.056546353125000004 0.30779125937499996 0.05189365312500001 0.23597738437500002 0.0477646953125 0.18157584843750002 0.086860275 0.19193775156249998 0.10550098906250001 0.2410055921875 0.10635747031250001 0.2977861296875 0.087912021875 0.307710046875 0.056546353125000004
0 0.50447838125 0.332962875 0.5196954296875 0.33781903125 0.5251958859375 0.3379150421875 0.554900259375 0.3092298625 0.5549384359375 0.30704270624999996 0.5415089859375 0.28184354843750004 0.52386536875 0.28544242343750004 0.5008795046875 0.31531925156249996 0.50447838125 0.332962875
0 0.6861986625000001 0.9111247312499999 0.6827639249999999 0.911064778125 0.6890189265625 0.9350057156249999 0.715580509375 0.9397668765624999 0.71934011875 0.9398325015625 0.7239491921875 0.9202810703125 0.7239897796875 0.9179558296874999 0.6861986625000001 0.9111247312499999
0 0.6658928140625 0.9673218718750001 0.6869928640625 0.978336328125 0.6894338953125 0.9783789374999999 0.695147878125 0.958781665625 0.6951649703125 0.9578024218750001 0.6734264890625 0.9274082140625 0.6658928140625 0.9673218718750001
0 0.6573226984375 0.909937003125 0.67223274375 0.9202573828125 0.6754142296875 0.9203129156250001 0.6836460234375 0.901488871875 0.683719865625 0.8972584296875 0.6667069421875 0.8759159078125001 0.6573226984375 0.909937003125