0 0.515625 0.615625 0.09375 0.1234375
0 0.58046875 0.64296875 0.071875 0.1140625
0 0.578125 0.53359375 0.128125 0.1109375
0 0.425 0.53359375 0.0890625 0.10625
0 0.41484375 0.6375 0.0859375 0.1109375
0 0.78046875 0.55234375 0.13125 0.121875
0 0.81875 0.6671875 0.10625 0.0765625
0 0.49296875 0.70546875 0.040625 0.0640625
0 0.5109375 0.5296875 0.05625 0.071875
0 0.7109375 0.671875 0.06875 0.075
0 0.28046875 0.62890625 0.040625 0.0515625
0 0.3421875 0.5515625 0.0484375 0.05625
0 0.26171875 0.5375 0.053125 0.065625
0 0.2078125 0.596875 0.075 0.071875
0 0.19765625 0.6625 0.0640625 0.06875
0 0.16328125 0.52109375 0.0265625 0.046875
0 0.515625 0.4515625 0.0328125 0.034375