0 0.60234375 0.58671875 0.1046875 0.15625
0 0.65390625 0.7375 0.1 0.1734375
0 0.56953125 0.346875 0.09375 0.1390625
0 0.5328125 0.4234375 0.11875 0.1484375
0 0.459375 0.43671875 0.0859375 0.1953125
0 0.4109375 0.58984375 0.0890625 0.16875
0 0.38671875 0.71875 0.1046875 0.1484375
0 0.46328125 0.703125 0.078125 0.1328125
0 0.57109375 0.7984375 0.0796875 0.1375
0 0.6234375 0.16484375 0.0875 0.134375
0 0.49140625 0.146875 0.075 0.1234375
0 0.4359375 0.14765625 0.078125 0.121875
0 0.4875 0.2453125 0.1234375 0.16875
0 0.3515625 0.21328125 0.0890625 0.0921875