0 0.46171875 0.653125 0.05 0.075
0 0.4890625 0.70625 0.040625 0.065625
0 0.25078125 0.5515625 0.0390625 0.059375
0 0.36328125 0.42734375 0.046875 0.0578125
0 0.6171875 0.39140625 0.04375 0.05625
0 0.76953125 0.65078125 0.0421875 0.08125
0 0.1734375 0.39140625 0.03515625 0.025
0 0.38984375 0.3328125 0.02890625 0.02109375
0 0.7640625 0.5015625 0.04765625 0.04921875
0 0.2296875 0.4515625 0.0265625 0.034375
0 0.096875 0.54453125 0.03515625 0.03984375
0 0.61640625 0.27109375 0.021875 0.0234375
0 0.621875 0.6 0.0265625 0.0328125
0 0.91796875 0.384375 0.0265625 0.04765625
0 0.20234375 0.3609375 0.02109375 0.02578125
0 0.5234375 0.43125 0.028125 0.0234375
0 0.171875 0.475 0.0234375 0.034375
0 0.5671875 0.44609375 0.025 0.0296875
0 0.7046875 0.61015625 0.0234375 0.03359375
0 0.45 0.5078125 0.02578125 0.0234375
0 0.696875 0.38046875 0.01875 0.02109375