0 0.3857040109375 0.440625 0.388232759375 0.440625 0.5104695375 0.42709645937499996 0.597311503125 0.37295236875 0.6104197250000001 0.3355437265625 0.54819951875 0.325 0.5412974671875 0.325 0.5104695375 0.3266837828125 0.4219890421875 0.364092428125 0.4039652359375 0.3887033765625 0.3578125 0.40878289843750004 0.3578125 0.4108340703125 0.3857040109375 0.440625
0 0.5235279484375 0.30909778125 0.65133310625 0.2854712703125 0.6693569125 0.25692256874999997 0.64047091875 0.246875 0.5835164109375001 0.246875 0.5399132234375 0.2618447578125 0.5104197265625 0.2618447578125 0.4984375 0.27624275625 0.4984375 0.2836843046875 0.5022270890625 0.3041755921875 0.5235279484375 0.30909778125
0 0.7792536171875 0.20639806093750002 0.8169397546875 0.191631490625 0.836602084375 0.156191721875 0.8115739859375 0.15 0.79594304375 0.15 0.7366518953125001 0.1532384078125 0.6612796234375 0.18277154843750001 0.6390625 0.19993350625 0.6390625 0.2015039625 0.6580025671875 0.2280556984375 0.7792536171875 0.20639806093750002
0 0.4515625 0.49696415 0.4515625 0.49849360625 0.46419489374999995 0.5269547 0.6444329390625 0.5643633421875001 0.7099740453125001 0.562394465625 0.7671875 0.5181990515625 0.7671875 0.517908184375 0.7345519625 0.472810609375 0.6768226125 0.453125 0.6476260453125 0.453125 0.621493553125 0.45410628593749996 0.46747195 0.48167055000000003 0.4515625 0.49696415
0 0.7035562609375 0.7009923140625001 0.7953138109375 0.71477444375 0.8280843656249999 0.7088678171875 0.8592163921875 0.6881946171875 0.8248073109374999 0.66161479375 0.770539278125 0.6453125 0.7390795078125 0.6453125 0.6544004328125 0.649801534375 0.6359375 0.6738356078125001 0.6359375 0.6779190484375001 0.6412922109375 0.6891790546875 0.6740627640625 0.6891790546875 0.7035562609375 0.7009923140625001
0 0.629541996875 0.6933515 0.60496408125 0.670709425 0.555808253125 0.6569272921875 0.525371 0.65625 0.464103134375 0.65625 0.4484375 0.6625246765624999 0.4484375 0.6655243546875 0.45585806093750003 0.6913826234375 0.5033753671875 0.70614919375 0.5885788062499999 0.7100869453125 0.629541996875 0.6933515
0 0.4350579359375 0.6594285531249999 0.30725277812499996 0.6613974296875 0.2515428359375 0.6751795609375 0.20625 0.7043355203125 0.20625 0.7064728812500001 0.21057964375 0.7194792718749999 0.241711671875 0.734245840625 0.3105298328125 0.7421213453125 0.3760709390625 0.7244014625 0.4563587953125 0.687977253125 0.4350579359375 0.6594285531249999
0 0.31046166875000003 0.6297804328125001 0.3383166375 0.6130449859375 0.32684694687500004 0.600247290625 0.2772034921875 0.5890625 0.26892236875000003 0.5890625 0.20559589687500002 0.5963095390625 0.1875 0.6089936921875 0.1875 0.61667954375 0.1924505984375 0.6375 0.1948235765625 0.6375 0.31046166875000003 0.6297804328125001
0 0.3440396921875 0.596875 0.3523393734375 0.596875 0.3915569953125 0.5944375296875 0.41285785312499995 0.5422623171875001 0.3997496328125 0.49304041718749997 0.3486786953125 0.4828125 0.34502294375 0.4828125 0.3145461921875 0.5107603000000001 0.3109375 0.533164265625 0.3109375 0.5461460453125 0.31782325 0.5717954578125 0.3440396921875 0.587546465625 0.3440396921875 0.596875
0 0.27038772187500004 0.515625 0.3047648390625 0.485135775 0.311318946875 0.4615092625 0.2998840515625 0.3859375 0.29804481875 0.3859375 0.2457778390625 0.3925986015625 0.2125 0.44686678593750007 0.2125 0.45127335156250004 0.2326696171875 0.4969490296875 0.27029863125000003 0.515625 0.27038772187500004 0.515625
0 0.11471921874999999 0.5625 0.1462785765625 0.5530194671875 0.223289378125 0.4988753765625 0.220012321875 0.49099987343749996 0.183982603125 0.475 0.1807859296875 0.475 0.11842360625 0.5047820062499999 0.084375 0.536928128125 0.084375 0.5383513343749999 0.08893010625 0.5520350296875 0.1126822078125 0.5625 0.11471921874999999 0.5625
0 0.2115916 0.7914409015625 0.2427236265625 0.77273658125 0.2427236265625 0.7569855734375001 0.22142276718749998 0.7441878765625 0.1751463703125 0.734375 0.13241795 0.734375 0.1001717171875 0.7363123734375 0.0546875 0.7499759796875 0.0546875 0.7509241906249999 0.0674011625 0.7776587703125 0.155881659375 0.7914409015625 0.2115916 0.7914409015625
0 0.229332265625 0.277907634375 0.245717540625 0.2503433703125 0.2276937390625 0.2375456765625 0.198807596875 0.2328125 0.14477112187500002 0.2328125 0.11299680000000001 0.2336079265625 0.00625 0.2685901984375 0.00625 0.273520984375 0.0146851375 0.300549709375 0.16215263124999998 0.300549709375 0.229332265625 0.277907634375
0 0.3614841125 0.18933341875 0.32707503125000004 0.16275359218750002 0.2615339234375 0.14109595625 0.2056011296875 0.134375 0.1948718484375 0.134375 0.1734375 0.1564513875 0.1734375 0.158000728125 0.1763304859375 0.16669134375 0.2943044796875 0.210006615625 0.3401832546875 0.20803773906249998 0.3614841125 0.18933341875
0 0.45160838124999997 0.099855090625 0.40969353281250004 0.0890625 0.38874135 0.0890625 0.3078125 0.093924759375 0.3078125 0.0958448796875 0.3139720546875 0.1254504796875 0.4352231015625 0.13529485937500002 0.463078075 0.12249716562499999 0.45160838124999997 0.099855090625
0 0.18575529531249999 0.1279485875 0.23654965468750003 0.107275390625 0.1939479328125 0.0580534890625 0.15138386406249998 0.034375 0.0928891625 0.034375 0.0796875 0.045479303124999995 0.0796875 0.058444893750000004 0.082528053125 0.073804496875 0.1054674390625 0.0934932578125 0.16609296406250001 0.1121975796875 0.18575529531249999 0.1279485875
0 0.09072724531250001 0.1753047109375 0.0350173015625 0.1772735859375 0.004240071874999999 0.1671875 0.0015625 0.1671875 0.0015625 0.1849325125 0.0055238046875 0.21468223125 0.11694368749999999 0.22255773437499998 0.15790687812499998 0.20582228906250002 0.15790687812499998 0.19400903281249998 0.130051909375 0.1831802140625 0.09072724531250001 0.1753047109375
0 0.048084889062500004 0.37799741875000004 0.0743013296875 0.3701219140625 0.1398424390625 0.3701219140625 0.1857212125 0.35633978125 0.203125 0.3344765953125 0.203125 0.33341284375 0.1780121703125 0.321875 0.133319790625 0.321875 0.0710242765625 0.3405887734375 0.0421875 0.35791409218750003 0.0421875 0.36028147499999996 0.048084889062500004 0.37799741875000004
0 0.020717978125 0.30625 0.0015625 0.31056577500000004 0.0015625 0.4038637234375 0.00893980625 0.4095624375 0.06301121875 0.319978578125 0.0279741703125 0.30625 0.020717978125 0.30625