0 0.6375 0.6828125 0.1421875 0.1671875
0 0.57421875 0.57109375 0.1 0.0609375
0 0.65390625 0.53984375 0.084375 0.05625
0 0.65078125 0.48359375 0.0703125 0.046875
0 0.7390625 0.49453125 0.0921875 0.0546875
0 0.7890625 0.52890625 0.0859375 0.0578125
0 0.75546875 0.64375 0.109375 0.0859375
0 0.575 0.921875 0.125 0.10625
0 0.4703125 0.96015625 0.090625 0.0796875
0 0.3328125 0.4828125 0.1015625 0.125
0 0.5765625 0.24140625 0.1 0.0546875
0 0.55546875 0.30390625 0.084375 0.0890625
0 0.5796875 0.115625 0.1265625 0.09375
0 0.49453125 0.196875 0.1078125 0.0765625
0 0.378125 0.17265625 0.1078125 0.0984375
0 0.37578125 0.09140625 0.09375 0.0890625
0 0.30546875 0.39296875 0.078125 0.0734375
0 0.45703125 0.6140625 0.1109375 0.065625
0 0.44765625 0.47578125 0.0625 0.05
0 0.30703125 0.59609375 0.0609375 0.0609375
0 0.51875 0.07265625 0.053125 0.0703125
0 0.27109375 0.7515625 0.084375 0.0546875
0 0.36015625 0.63046875 0.05625 0.0515625
0 0.5203125 0.24609375 0.046875 0.05
0 0.28984375 0.50234375 0.0609375 0.0625
0 0.46171875 0.81953125 0.1046875 0.075
0 0.37734375 0.7265625 0.0703125 0.046875
0 0.43515625 0.41953125 0.0875 0.040625
0 0.3640625 0.68203125 0.06875 0.046875
0 0.27890625 0.84609375 0.1265625 0.0625
0 0.2203125 0.87421875 0.2 0.1171875
0 0.15546875 0.8609375 0.0765625 0.0875
0 0.47109375 0.04453125 0.0390625 0.0390625