0 0.5296875 0.56484375 0.1609375 0.25625
0 0.684375 0.4578125 0.1359375 0.078125
0 0.69375 0.359375 0.1359375 0.140625
0 0.79765625 0.61875 0.09375 0.084375
0 0.7734375 0.6640625 0.1296875 0.06875
0 0.778125 0.7109375 0.10625 0.084375
0 0.7984375 0.7859375 0.1 0.065625
0 0.83359375 0.88515625 0.0796875 0.1140625
0 0.71875 0.87890625 0.1015625 0.090625
0 0.62265625 0.76875 0.0859375 0.1078125
0 0.534375 0.80078125 0.0859375 0.1078125
0 0.46953125 0.74296875 0.0890625 0.0953125
0 0.40234375 0.68671875 0.075 0.103125
0 0.29296875 0.7546875 0.1265625 0.0890625
0 0.278125 0.6390625 0.1140625 0.0890625
0 0.253125 0.5328125 0.0765625 0.1265625
0 0.06953125 0.4875 0.1390625 0.1375