0 0.53515625 0.35859375 0.2078125 0.2453125
0 0.61171875 0.43125 0.1484375 0.2328125
0 0.81171875 0.30234375 0.21875 0.196875
0 0.753125 0.4828125 0.0921875 0.1359375
0 0.70625 0.3890625 0.071875 0.090625
0 0.45234375 0.65078125 0.175 0.2015625
0 0.33046875 0.7734375 0.1453125 0.175
0 0.334375 0.6453125 0.1359375 0.1609375
0 0.34453125 0.52734375 0.159375 0.1578125
0 0.26953125 0.4484375 0.1390625 0.146875
0 0.21015625 0.71484375 0.146875 0.18125
0 0.57421875 0.14140625 0.1734375 0.2265625
0 0.79375 0.0875 0.14375 0.1203125