0 0.65234375 0.52109375 0.1390625 0.08125
0 0.5875 0.44609375 0.134375 0.0828125
0 0.46328125 0.4359375 0.1109375 0.0875
0 0.35546875 0.4609375 0.10625 0.0875
0 0.2328125 0.43515625 0.11875 0.075
0 0.22734375 0.478125 0.13125 0.075
0 0.390625 0.5234375 0.125 0.08125
0 0.4609375 0.56484375 0.10625 0.065625
0 0.70546875 0.61640625 0.1125 0.084375
0 0.728125 0.47890625 0.1234375 0.0796875
0 0.76796875 0.53125 0.1015625 0.05625
0 0.5125 0.51953125 0.1 0.0609375
0 0.34921875 0.4125 0.1015625 0.0625
0 0.928125 0.5546875 0.125 0.0625
0 0.5640625 0.56796875 0.1078125 0.0609375
0 0.3 0.51796875 0.0921875 0.0640625
0 0.81796875 0.63125 0.0890625 0.059375
0 0.04609375 0.44765625 0.0921875 0.0546875
0 0.13828125 0.359375 0.096875 0.053125
0 0.909375 0.665625 0.1125 0.065625
0 0.225 0.378125 0.0984375 0.0609375