0 0.5671875 0.36171875 0.1015625 0.1484375
0 0.47578125 0.4 0.103125 0.14375
0 0.428125 0.51484375 0.103125 0.121875
0 0.41796875 0.625 0.103125 0.11875
0 0.35546875 0.73359375 0.0921875 0.1265625
0 0.3953125 0.75234375 0.09375 0.1390625
0 0.48828125 0.61171875 0.1 0.134375
0 0.54921875 0.55703125 0.08125 0.1140625
0 0.67421875 0.340625 0.1 0.1234375
0 0.55 0.2765625 0.0984375 0.1328125
0 0.58515625 0.45546875 0.075 0.1109375
0 0.52265625 0.48671875 0.075 0.1046875
0 0.36796875 0.6140625 0.0703125 0.096875
0 0.2546875 0.803125 0.0625 0.0984375
0 0.453125 0.69921875 0.0765625 0.103125
0 0.30703125 0.91796875 0.0625 0.090625
0 0.3 0.72109375 0.0671875 0.0953125
0 0.61640625 0.246875 0.071875 0.1109375
0 0.6859375 0.10390625 0.075 0.115625