0 0.3265625 0.24375 0.0453125 0.0375
0 0.375 0.2828125 0.0375 0.0484375
0 0.41796875 0.278125 0.0296875 0.05
0 0.45390625 0.228125 0.034375 0.040625
0 0.42890625 0.328125 0.0375 0.034375
0 0.33125 0.296875 0.025 0.04375
0 0.36328125 0.43515625 0.071875 0.0640625
0 0.34609375 0.375 0.071875 0.04375
0 0.4171875 0.3828125 0.05 0.0375
0 0.38671875 0.50234375 0.0375 0.0375
0 0.3078125 0.56640625 0.0375 0.05
0 0.521875 0.62890625 0.06875 0.0453125
0 0.4203125 0.58125 0.04375 0.028125
0 0.69375 0.55078125 0.078125 0.059375
0 0.94140625 0.4390625 0.053125 0.059375
0 0.91015625 0.490625 0.06875 0.05
0 0.80390625 0.53984375 0.040625 0.03125
0 0.7875 0.4703125 0.040625 0.04375
0 0.63359375 0.47734375 0.0453125 0.040625
0 0.6046875 0.61796875 0.040625 0.034375
0 0.71484375 0.61484375 0.053125 0.0453125
0 0.7015625 0.7921875 0.6078125 0.8125 0.575 0.840625 0.575 0.8484375 0.6015625 0.8609375 0.6796875 0.8765625 0.83125 0.86875 0.8515625 0.8625 0.8484375 0.8140625 0.8421875 0.809375 0.8 0.8109375 0.7859375 0.8203125 0.7234375 0.8171875 0.709375 0.8078125 0.7078125 0.79375 0.7015625 0.7921875