0 0.54140625 0.5515625 0.1359375 0.2375
0 0.6828125 0.4390625 0.128125 0.0671875
0 0.68515625 0.34375 0.121875 0.128125
0 0.803125 0.5859375 0.0875 0.075
0 0.7828125 0.63046875 0.121875 0.059375
0 0.78984375 0.6765625 0.0984375 0.075
0 0.81484375 0.74609375 0.0921875 0.0578125
0 0.85390625 0.8390625 0.06875 0.10625
0 0.74453125 0.840625 0.0921875 0.08125
0 0.6453125 0.74140625 0.078125 0.1015625
0 0.5625 0.778125 0.078125 0.1
0 0.49609375 0.72734375 0.0796875 0.0859375
0 0.428125 0.67734375 0.065625 0.09375
0 0.3265625 0.75078125 0.11875 0.078125
0 0.30546875 0.63984375 0.1046875 0.078125
0 0.27421875 0.53984375 0.065625 0.1171875
0 0.09453125 0.509375 0.125 0.125