0 0.38359375 0.35859375 0.0484375 0.1328125
0 0.3125 0.4171875 0.059375 0.1296875
0 0.5328125 0.25625 0.075 0.1296875
0 0.43359375 0.5296875 0.0703125 0.125
0 0.4671875 0.60625 0.10625 0.159375
0 0.47734375 0.45078125 0.0609375 0.1734375
0 0.53046875 0.4453125 0.0796875 0.153125
0 0.5484375 0.52734375 0.06875 0.1609375
0 0.50625 0.3515625 0.0484375 0.09375
0 0.4625 0.125 0.059375 0.0921875
0 0.49140625 0.04453125 0.0578125 0.0890625
0 0.5296875 0.1265625 0.0796875 0.134375
0 0.57578125 0.1484375 0.0828125 0.140625
0 0.33671875 0.33125 0.0734375 0.175
0 0.41171875 0.0921875 0.0453125 0.0859375