0 0.39855739843750004 0.8244983093749999 0.40194896562500004 0.8437328359375 0.44199527187500004 0.8852613421875001 0.5210692781249999 0.9056287703124999 0.52194125 0.90547501875 0.518819540625 0.876673284375 0.486917690625 0.8475914781249999 0.436912615625 0.8226933875 0.39855739843750004 0.8244983093749999
0 0.632156728125 0.901907096875 0.63299538125 0.9017592203125 0.66871899375 0.848357878125 0.673815215625 0.8019010796874999 0.673190196875 0.7983564203125 0.66408933125 0.782735165625 0.605472725 0.849593621875 0.6067131703124999 0.879123728125 0.632156728125 0.901907096875
0 0.7134855140624999 0.6708960203125 0.7003605 0.6751935687499999 0.7339534390625 0.7476088015625 0.7493387125 0.7617536328125001 0.761445021875 0.7601147765625 0.7736852328125 0.757956496875 0.7785550078125001 0.7390502031249999 0.7774503265625 0.73278524375 0.7608864734375 0.7091444484375 0.7134855140624999 0.6708960203125
0 0.8912168953125 0.7301258328125 0.89083354375 0.727951740625 0.877721784375 0.710954009375 0.8507934468749999 0.7157022015625001 0.815262971875 0.744774615625 0.8383114484374999 0.759253984375 0.8736546609375001 0.753022021875 0.8912168953125 0.7301258328125
0 0.7398689828125 0.654622028125 0.738634453125 0.6476206624999999 0.7245301109375 0.61599565 0.6870808765625 0.61169105625 0.69080925 0.64970711875 0.7317529671874999 0.6653942296875 0.7339168593750001 0.6650126765625 0.7398689828125 0.654622028125
0 0.5823270453125 0.786938296875 0.5739216140625001 0.7392687265625 0.5466324499999999 0.735222003125 0.5510391390625 0.7770849734375 0.5816177703125 0.7870633609375 0.5823270453125 0.786938296875
0 0.5506097421875 0.7274801453124999 0.564082315625 0.7104615296875 0.5637996843749999 0.708858653125 0.5532341625 0.6952853078125 0.5521389140624999 0.6954784296875001 0.5084496281249999 0.7177589546875 0.5161410890625 0.7332604078125 0.526290196875 0.7317683374999999 0.5506097421875 0.7274801453124999
0 0.523825178125 0.7610924078125 0.5234764000000001 0.7591143828125 0.475336615625 0.7470443890625 0.47539121875 0.7473540562500001 0.48948448750000007 0.7772291390625 0.5177342828125 0.7808750984375 0.5220760359375001 0.7801095296875 0.523825178125 0.7610924078125
0 0.43980648437500003 0.75980974375 0.42509717656249996 0.766369903125 0.43323928125 0.795674684375 0.4665031359375 0.8073611765625 0.4669198859375 0.8072876921875001 0.4615255125 0.7766946734375 0.43980648437500003 0.75980974375
0 0.3357035078125 0.8110879421874999 0.32133100937500003 0.8364296343750001 0.3225054984375 0.8520885687499999 0.3232041625 0.8560508921875 0.34068838437500004 0.8581045843749999 0.3439116296875 0.8575362390624999 0.36975758281250004 0.8321299312500001 0.3691456859375 0.8286596921875 0.36297100000000004 0.8082632015625 0.3357035078125 0.8110879421874999
0 0.2632967265625 0.7839917859375001 0.31363348593749996 0.7994109296875 0.31505685 0.799159953125 0.327493571875 0.781398471875 0.326605596875 0.77636251875 0.3147793046875 0.7610312312499999 0.2838925765625 0.7545778671875001 0.257528715625 0.768151171875 0.2632967265625 0.7839917859375001
0 0.24263753124999998 0.2934073890625 0.21084246874999998 0.30992162031250003 0.20597340000000003 0.3385457390625 0.22254097499999997 0.34266498125 0.22555377812500002 0.34213374375 0.2510073046875 0.3127557484375 0.24263753124999998 0.2934073890625
0 0.16404835625 0.2200015578125 0.159176940625 0.26548375625 0.177161628125 0.2999944203125 0.1925940671875 0.30034730781249996 0.196975946875 0.2995746640625 0.1900683625 0.23822096093749998 0.16404835625 0.2200015578125
0 0.0827062640625 0.2388066828125 0.0855541125 0.23830453125 0.1090214171875 0.1834944421875 0.0925071875 0.151699384375 0.06421987812499999 0.16561184843750001 0.047693909374999996 0.21810719843749998 0.05538536875 0.23360865625 0.0827062640625 0.2388066828125
0 0.226628009375 0.1013844984375 0.22581995312499997 0.096801784375 0.154537659375 0.10645142187500001 0.108595421875 0.1552090078125 0.12232376250000002 0.17153009375 0.1706535125 0.16300825624999998 0.222871275 0.1340674640625 0.226628009375 0.1013844984375
0 0.47252391562499996 0.33517730156250003 0.48838798125 0.3370406875 0.49380569999999996 0.33608539843749996 0.5174909296875 0.302259384375 0.5171110750000001 0.3001051265625 0.49912013593750004 0.277931409375 0.482487378125 0.2848307234375 0.465624596875 0.3185445390625 0.47252391562499996 0.33517730156250003
0 0.7612239656249999 0.8680428328125 0.7578408953125 0.8686393593749999 0.7685491203125 0.8909469234375 0.7955311640625 0.8905524203124999 0.799234221875 0.889899471875 0.8000280234374999 0.869827803125 0.7996241890625 0.8675375390625 0.7612239656249999 0.8680428328125
0 0.7520141125 0.9270820109375 0.774828153125 0.933868021875 0.777232465625 0.9334440765625001 0.7791021296875 0.9131165828125001 0.7789320609375 0.9121520703125 0.7517934875 0.8864641875 0.7520141125 0.9270820109375
0 0.7326519046875 0.87238671875 0.74925723125 0.8796725140625 0.7523908609375 0.879119971875 0.7568796171875001 0.8590710765624999 0.756144896875 0.8549042703125 0.7353722031250001 0.8372000906249999 0.7326519046875 0.87238671875