0 0.6140625 0.51640625 0.115625 0.25234375
0 0.71875 0.4171875 0.0625 0.17109375
0 0.80625 0.26484375 0.078125 0.196875
0 0.4890625 0.39140625 0.11171875 0.3140625
0 0.3203125 0.2546875 0.0703125 0.22265625
0 0.31640625 0.46171875 0.0546875 0.18046875
0 0.2984375 0.66796875 0.08203125 0.24921875
0 0.3859375 0.73671875 0.04921875 0.1515625
0 0.45859375 0.6375 0.1140625 0.10234375
0 0.546875 0.73671875 0.12890625 0.09921875
0 0.4796875 0.84375 0.0875 0.13828125
0 0.23828125 0.8484375 0.05859375 0.1875
0 0.7296875 0.871875 0.06875 0.2390625
0 0.8234375 0.73125 0.07578125 0.1875
0 0.8828125 0.6140625 0.046875 0.1546875
0 0.9140625 0.840625 0.09375 0.1578125
0 0.8015625 0.91875 0.05625 0.1578125
0 0.64765625 0.875 0.05703125 0.1609375
0 0.63984375 0.96640625 0.10390625 0.0640625
0 0.4234375 0.43515625 0.053125 0.14296875