0 0.45859375 0.4484375 0.1359375 0.2375
0 0.3171875 0.5609375 0.128125 0.0671875
0 0.31484375 0.65625 0.121875 0.128125
0 0.196875 0.4140625 0.0875 0.075
0 0.2171875 0.36953125 0.121875 0.059375
0 0.21015625 0.3234375 0.0984375 0.075
0 0.18515625 0.25390625 0.0921875 0.0578125
0 0.14609375 0.1609375 0.06875 0.10625
0 0.25546875 0.159375 0.0921875 0.08125
0 0.3546875 0.25859375 0.078125 0.1015625
0 0.4375 0.221875 0.078125 0.1
0 0.50390625 0.27265625 0.0796875 0.0859375
0 0.571875 0.32265625 0.065625 0.09375
0 0.6734375 0.24921875 0.11875 0.078125
0 0.69453125 0.36015625 0.1046875 0.078125
0 0.72578125 0.46015625 0.065625 0.1171875
0 0.90546875 0.490625 0.125 0.125