0 0.63046875 0.43359375 0.21875 0.1703125
0 0.54140625 0.37578125 0.2171875 0.109375
0 0.621875 0.1515625 0.1640625 0.1921875
0 0.459375 0.25 0.1265625 0.06875
0 0.56171875 0.27421875 0.0828125 0.0578125
0 0.3640625 0.58046875 0.1796875 0.14375
0 0.271875 0.7265625 0.15625 0.11875
0 0.3953125 0.69375 0.1421875 0.1125
0 0.50859375 0.6578125 0.134375 0.1359375
0 0.60234375 0.71328125 0.1265625 0.1171875
0 0.35546875 0.83046875 0.1625 0.11875
0 0.8328125 0.34765625 0.2046875 0.1375
0 0.8359375 0.1203125 0.0984375 0.128125