0 0.63125 0.3875 0.1765625 0.190625
0 0.78203125 0.4 0.134375 0.1546875
0 0.89609375 0.5390625 0.153125 0.140625
0 0.7265625 0.54296875 0.109375 0.2703125
0 0.82734375 0.64609375 0.1234375 0.1328125
0 0.68203125 0.690625 0.153125 0.140625
0 0.6828125 0.79765625 0.165625 0.203125
0 0.58125 0.86640625 0.1546875 0.1484375
0 0.4921875 0.7859375 0.1171875 0.1109375
0 0.58359375 0.703125 0.1296875 0.153125
0 0.58359375 0.57109375 0.1734375 0.1390625
0 0.43125 0.52109375 0.21875 0.2453125
0 0.38828125 0.31015625 0.28125 0.2296875
0 0.15703125 0.5296875 0.159375 0.2046875
0 0.2359375 0.8515625 0.1890625 0.184375
0 0.11328125 0.74140625 0.1703125 0.153125
0 0.06171875 0.25546875 0.1234375 0.2640625
0 0.0359375 0.53046875 0.071875 0.1609375
0 0.91328125 0.0859375 0.0984375 0.171875
0 0.95390625 0.71640625 0.0921875 0.2265625