0 0.61796875 0.59140625 0.08125 0.0890625
0 0.73046875 0.54296875 0.0984375 0.0484375
0 0.50234375 0.4484375 0.103125 0.0375
0 0.42734375 0.34375 0.13125 0.065625
0 0.1828125 0.54609375 0.06875 0.096875
0 0.15078125 0.7484375 0.0796875 0.0640625
0 0.7015625 0.74375 0.103125 0.0546875
0 0.47265625 0.56171875 0.06875 0.0328125
0 0.68828125 0.57734375 0.0390625 0.021875
0 0.36953125 0.72421875 0.040625 0.0234375
0 0.51953125 0.628125 0.03125 0.034375
0 0.29609375 0.49296875 0.0515625 0.0359375
0 0.35859375 0.47734375 0.071875 0.03125
0 0.46484375 0.68125 0.0390625 0.0265625
0 0.45703125 0.17109375 0.0671875 0.05
0 0.74140625 0.11171875 0.0625 0.0375
0 0.703125 0.2609375 0.0640625 0.0265625
0 0.4078125 0.78828125 0.0328125 0.034375
0 0.3203125 0.60859375 0.0296875 0.0421875
0 0.48359375 0.4875 0.0453125 0.05
0 0.26640625 0.20625 0.04375 0.0234375
0 0.92578125 0.3328125 0.0546875 0.028125
0 0.33359375 0.675 0.0296875 0.04375
0 0.3703125 0.44765625 0.0625 0.0265625
0 0.69140625 0.1109375 0.0484375 0.0328125
0 0.82265625 0.16796875 0.0421875 0.034375
0 0.7328125 0.17890625 0.0328125 0.021875
0 0.396875 0.5421875 0.0515625 0.0328125
0 0.53671875 0.17890625 0.046875 0.03125
0 0.43828125 0.21953125 0.040625 0.0203125
0 0.51640625 0.73046875 0.065625 0.0828125
0 0.35234375 0.3171875 0.0421875 0.0234375
0 0.33828125 0.221875 0.046875 0.040625
0 0.371875 0.28671875 0.05 0.0265625
0 0.80625 0.41953125 0.08125 0.040625
0 0.5421875 0.23046875 0.05625 0.034375
0 0.396875 0.1234375 0.0421875 0.0390625
0 0.29296875 0.71015625 0.040625 0.028125
0 0.67265625 0.49375 0.034375 0.015625
0 0.28125 0.55078125 0.0484375 0.05625