0 0.6171875 0.346875 0.1140625 0.140625
0 0.79140625 0.46640625 0.09375 0.1234375
0 0.88984375 0.60234375 0.065625 0.1203125
0 0.96796875 0.55390625 0.0640625 0.1578125
0 0.959375 0.75703125 0.08125 0.1078125
0 0.8171875 0.65859375 0.09375 0.1265625
0 0.209375 0.6265625 0.1046875 0.1625
0 0.4046875 0.65546875 0.078125 0.1296875
0 0.5125 0.88515625 0.11875 0.14375
0 0.77265625 0.88125 0.140625 0.184375
0 0.2109375 0.79765625 0.0984375 0.121875
0 0.07890625 0.61015625 0.0828125 0.14375
0 0.096875 0.4484375 0.090625 0.1671875
0 0.1328125 0.2875 0.0859375 0.1796875
0 0.16171875 0.1578125 0.0890625 0.1578125
0 0.2453125 0.16796875 0.0875 0.109375
0 0.34296875 0.04375 0.084375 0.0640625
0 0.35859375 0.19453125 0.1546875 0.1828125
0 0.6515625 0.0375 0.08125 0.075
0 0.79140625 0.1171875 0.1046875 0.115625
0 0.8375 0.02734375 0.1 0.0546875
0 0.8203125 0.2546875 0.1046875 0.1203125
0 0.67421875 0.51484375 0.1 0.128125
0 0.09765625 0.96796875 0.0828125 0.0640625
0 0.07109375 0.81640625 0.0796875 0.140625
0 0.0265625 0.53125 0.053125 0.1
0 0.02734375 0.36484375 0.0546875 0.0953125