0 0.5328125 0.5546875 0.1296875 0.0859375
0 0.61484375 0.675 0.096875 0.0875
0 0.5625 0.17421875 0.128125 0.0828125
0 0.6171875 0.8359375 0.0609375 0.0640625
0 0.58125 0.47109375 0.1578125 0.1015625
0 0.56015625 0.40234375 0.1859375 0.1203125
0 0.54765625 0.2875 0.0609375 0.046875
0 0.51640625 0.415625 0.046875 0.04375
0 0.3234375 0.4359375 0.078125 0.059375
0 0.653125 0.6203125 0.0890625 0.071875
0 0.275 0.3109375 0.05625 0.0484375
0 0.19609375 0.48671875 0.0546875 0.053125
0 0.396875 0.1296875 0.0640625 0.0578125
0 0.13515625 0.1875 0.08125 0.0546875
0 0.66640625 0.85859375 0.0359375 0.0359375
0 0.53203125 0.4796875 0.05 0.04375
0 0.1734375 0.52734375 0.1171875 0.09375
0 0.25859375 0.67109375 0.0703125 0.0546875