0 0.75 0.19765625 0.09375 0.0984375
0 0.80546875 0.25546875 0.06875 0.084375
0 0.784375 0.378125 0.0765625 0.1
0 0.7515625 0.6265625 0.0984375 0.0890625
0 0.68515625 0.696875 0.071875 0.0828125
0 0.53046875 0.69609375 0.0546875 0.096875
0 0.47578125 0.734375 0.0578125 0.0984375
0 0.434375 0.64375 0.078125 0.1046875
0 0.5125 0.53671875 0.0703125 0.078125
0 0.503125 0.465625 0.0671875 0.0765625
0 0.328125 0.48671875 0.0484375 0.0828125
0 0.30546875 0.6484375 0.04375 0.096875
0 0.359375 0.90546875 0.090625 0.153125
0 0.4234375 0.92421875 0.04375 0.09375
0 0.503125 0.8234375 0.0609375 0.0890625
0 0.36171875 0.290625 0.05 0.096875
0 0.33671875 0.18359375 0.0734375 0.1234375
0 0.1984375 0.109375 0.0578125 0.096875
0 0.15625 0.06171875 0.05625 0.121875
0 0.1921875 0.2296875 0.059375 0.09375
0 0.86640625 0.14609375 0.0859375 0.134375
0 0.54765625 0.39296875 0.0390625 0.05546875
0 0.2828125 0.4453125 0.0375 0.05625
0 0.5 0.3265625 0.03515625 0.05390625
0 0.55078125 0.91875 0.0546875 0.06484375
0 0.8859375 0.040625 0.03984375 0.06328125
0 0.12421875 0.27109375 0.05390625 0.0640625
0 0.125 0.13828125 0.0484375 0.06875
0 0.56328125 0.1921875 0.06484375 0.0671875
0 0.378125 0.775 0.034375 0.0515625
0 0.83515625 0.33515625 0.0703125 0.06171875
0 0.2671875 0.70234375 0.0609375 0.0625
0 0.8359375 0.02890625 0.04765625 0.05234375
0 0.27109375 0.65234375 0.04921875 0.06953125
0 0.36328125 0.5125 0.0390625 0.05859375
0 0.3609375 0.7015625 0.03984375 0.09140625
0 0.509375 0.9640625 0.0375 0.06796875
0 0.1953125 0.29921875 0.04609375 0.0671875
0 0.5046875 0.15078125 0.0421875 0.05859375
0 0.040625 0.0921875 0.0625 0.06328125
0 0.60703125 0.9109375 0.05859375 0.0546875
0 0.634375 0.56953125 0.04765625 0.10625
0 0.25078125 0.12890625 0.0515625 0.08515625
0 0.75625 0.0796875 0.040625 0.10078125
0 0.23984375 0.3828125 0.04140625 0.08515625
0 0.49453125 0.2046875 0.0328125 0.0578125
0 0.31953125 0.065625 0.03828125 0.06796875
0 0.19296875 0.48203125 0.053125 0.07578125
0 0.7625 0.5046875 0.0625 0.084375
0 0.64140625 0.88203125 0.1234375 0.1484375
0 0.24921875 0.8109375 0.07578125 0.07734375
0 0.553125 0.834375 0.0671875 0.109375
0 0.6984375 0.740625 0.065625 0.065625
0 0.94921875 0.0375 0.07734375 0.05859375
0 0.65546875 0.08984375 0.0515625 0.0640625
0 0.56640625 0.50078125 0.0609375 0.1078125
0 0.71328125 0.340625 0.0515625 0.09609375
0 0.428125 0.5515625 0.0359375 0.046875
0 0.6234375 0.1390625 0.06875 0.07109375