0 0.4890625 0.4765625 0.0921875 0.165625
0 0.43515625 0.39296875 0.1171875 0.1546875
0 0.4546875 0.546875 0.0828125 0.1578125
0 0.35390625 0.478125 0.1015625 0.1515625
0 0.39453125 0.5859375 0.1140625 0.1671875
0 0.4140625 0.75390625 0.10625 0.1578125
0 0.3734375 0.86875 0.0984375 0.15
0 0.44296875 0.9 0.0828125 0.159375
0 0.52421875 0.8671875 0.06875 0.1125
0 0.58046875 0.6375 0.0859375 0.15625
0 0.66796875 0.54296875 0.0765625 0.15
0 0.64921875 0.678125 0.1078125 0.1703125
0 0.6484375 0.78515625 0.0671875 0.1078125
0 0.60234375 0.809375 0.0671875 0.0953125