0 0.60078125 0.58828125 0.103125 0.1546875
0 0.65 0.740625 0.096875 0.1734375
0 0.57265625 0.34765625 0.090625 0.1375
0 0.53359375 0.42421875 0.1171875 0.1484375
0 0.4609375 0.4359375 0.0828125 0.1953125
0 0.409375 0.58828125 0.0875 0.16875
0 0.38359375 0.7171875 0.103125 0.146875
0 0.46015625 0.70234375 0.0765625 0.1328125
0 0.565625 0.8 0.078125 0.1375
0 0.62890625 0.1671875 0.0859375 0.134375
0 0.49765625 0.146875 0.0734375 0.1234375
0 0.4421875 0.146875 0.0765625 0.1203125
0 0.4921875 0.2453125 0.121875 0.16875
0 0.35703125 0.2109375 0.0875 0.090625
0 0.4140625 0.81171875 0.071875 0.10625
0 0.5546875 0.16640625 0.0609375 0.1140625
0 0.52890625 0.5375 0.06875 0.1234375
0 0.49921875 0.77265625 0.0703125 0.090625
0 0.40390625 0.459375 0.0625 0.0671875
0 0.35234375 0.09140625 0.0703125 0.103125
0 0.60234375 0.2703125 0.075 0.0796875
0 0.36875 0.58046875 0.0671875 0.1328125
0 0.628125 0.4140625 0.0546875 0.1046875
0 0.5328125 0.953125 0.065625 0.09375
0 0.428125 0.28828125 0.05 0.0640625
0 0.3765625 0.48125 0.0703125 0.0765625
0 0.61640625 0.0234375 0.0671875 0.046875
0 0.44453125 0.95 0.0796875 0.1
0 0.53203125 0.7015625 0.046875 0.0765625
0 0.43515625 0.0515625 0.0546875 0.0953125
0 0.3875 0.040625 0.0671875 0.065625
0 0.38203125 0.26875 0.0375 0.0734375
0 0.275 0.1421875 0.0609375 0.11875
0 0.25703125 0.359375 0.046875 0.0671875
0 0.61640625 0.7953125 0.05625 0.0734375
0 0.64296875 0.34140625 0.0609375 0.059375
0 0.56171875 0.0265625 0.0421875 0.053125
0 0.71328125 0.11953125 0.05 0.0734375
0 0.28203125 0.79609375 0.0515625 0.1046875
0 0.38828125 0.40390625 0.0515625 0.075
0 0.4484375 0.5640625 0.0515625 0.0875
0 0.28203125 0.8953125 0.0515625 0.084375
0 0.5640625 0.90703125 0.046875 0.08125
0 0.21171875 0.26171875 0.0453125 0.0828125