0 0.35078125 0.4625 0.1375 0.0765625
0 0.40703125 0.54453125 0.1328125 0.078125
0 0.5296875 0.5671875 0.109375 0.0828125
0 0.63984375 0.55390625 0.1046875 0.084375
0 0.75859375 0.59296875 0.115625 0.071875
0 0.76875 0.55 0.128125 0.0703125
0 0.61171875 0.48828125 0.1234375 0.078125
0 0.54609375 0.43984375 0.1046875 0.0609375
0 0.3078125 0.3625 0.1109375 0.0796875
0 0.27109375 0.49765625 0.121875 0.0765625
0 0.4890625 0.48046875 0.10625 0.05625
0 0.63984375 0.6078125 0.0984375 0.059375
0 0.23203125 0.44375 0.10625 0.059375
0 0.446875 0.428125 0.115625 0.059375
0 0.19765625 0.33515625 0.0953125 0.0578125
0 0.0765625 0.40078125 0.1171875 0.0578125
0 0.946875 0.60078125 0.096875 0.0484375
0 0.70390625 0.50625 0.0953125 0.0625
0 0.7625 0.65078125 0.09375 0.0546875
0 0.11484375 0.296875 0.1140625 0.0640625
0 0.06640625 0.2453125 0.08125 0.0609375