0 0.6265625 0.721875 0.078125 0.0890625
0 0.534375 0.73125 0.103125 0.09375
0 0.63359375 0.60703125 0.0984375 0.09375
0 0.83671875 0.60078125 0.1328125 0.1
0 0.8078125 0.71796875 0.0875 0.1171875
0 0.703125 0.725 0.053125 0.090625
0 0.45625 0.7203125 0.0625 0.071875
0 0.37734375 0.70234375 0.0796875 0.096875
0 0.23828125 0.6296875 0.0953125 0.065625
0 0.30078125 0.59453125 0.0734375 0.0734375
0 0.2046875 0.65703125 0.03046875 0.0328125
0 0.63125 0.57578125 0.1109375 0.05078125
0 0.0859375 0.6609375 0.0421875 0.0265625
0 0.3265625 0.66875 0.04140625 0.046875
0 0.40625 0.665625 0.03984375 0.04453125
0 0.3046875 0.71328125 0.0609375 0.06953125
0 0.40625 0.60390625 0.0296875 0.0203125
0 0.4625 0.64609375 0.0328125 0.028125
0 0.51640625 0.63125 0.03046875 0.0375
0 0.34609375 0.56875 0.05859375 0.034375
0 0.04609375 0.67265625 0.0375 0.0515625
0 0.8953125 0.74453125 0.0546875 0.04609375
0 0.01171875 0.65625 0.02265625 0.03984375
0 0.55546875 0.6234375 0.03359375 0.0375
0 0.4546875 0.58515625 0.0375 0.03984375
0 0.0125 0.6203125 0.02421875 0.028125
0 0.96640625 0.74609375 0.0625 0.05625
0 0.16953125 0.6859375 0.09453125 0.046875
0 0.9515625 0.66953125 0.0453125 0.034375
0 0.95078125 0.23125 0.02578125 0.0375