0 0.303125 0.51015625 0.0578125 0.096875
0 0.6421875 0.59609375 0.1046875 0.0609375
0 0.61953125 0.71953125 0.0921875 0.0640625
0 0.725 0.80234375 0.11875 0.0609375
0 0.64921875 0.853125 0.10625 0.078125
0 0.56875 0.88515625 0.096875 0.1125
0 0.07890625 0.82578125 0.1578125 0.0734375
0 0.59765625 0.484375 0.08125 0.0671875
0 0.0375 0.6515625 0.075 0.034375
0 0.12578125 0.67421875 0.0484375 0.06875
0 0.22109375 0.521875 0.040625 0.0390625
0 0.35546875 0.48515625 0.0609375 0.0234375
0 0.23125 0.61953125 0.04375 0.0671875
0 0.48359375 0.41640625 0.0265625 0.0484375
0 0.621875 0.41796875 0.0703125 0.0453125
0 0.2109375 0.68125 0.0390625 0.0609375
0 0.5359375 0.74453125 0.05625 0.0453125
0 0.56953125 0.7015625 0.0640625 0.0328125
0 0.11015625 0.76484375 0.0359375 0.046875
0 0.61796875 0.55 0.05625 0.0421875
0 0.58046875 0.778125 0.0375 0.046875
0 0.59765625 0.30859375 0.05625 0.0265625
0 0.06171875 0.74765625 0.025 0.0390625
0 0.159375 0.5375 0.0453125 0.03125
0 0.6703125 0.3765625 0.0671875 0.0453125