0 0.80234375 0.25 0.0984375 0.09375
0 0.74453125 0.19453125 0.084375 0.06875
0 0.621875 0.215625 0.1 0.0765625
0 0.3734375 0.2484375 0.0890625 0.0984375
0 0.303125 0.31484375 0.0828125 0.071875
0 0.30390625 0.46953125 0.096875 0.0546875
0 0.265625 0.52421875 0.0984375 0.0578125
0 0.35625 0.565625 0.1046875 0.078125
0 0.46328125 0.4875 0.078125 0.0703125
0 0.534375 0.496875 0.0765625 0.0671875
0 0.51328125 0.671875 0.0828125 0.0484375
0 0.3515625 0.69453125 0.096875 0.04375
0 0.09453125 0.640625 0.153125 0.090625
0 0.07578125 0.5765625 0.09375 0.04375
0 0.1765625 0.496875 0.0890625 0.0609375
0 0.709375 0.63828125 0.096875 0.05
0 0.81640625 0.66328125 0.1234375 0.0734375
0 0.890625 0.8015625 0.096875 0.0578125
0 0.93828125 0.84375 0.121875 0.05625
0 0.7703125 0.8078125 0.09375 0.059375
0 0.85390625 0.13359375 0.134375 0.0859375
0 0.675 0.50078125 0.0546875 0.03671875
0 0.6109375 0.4546875 0.05546875 0.040625
0 0.084375 0.45078125 0.06796875 0.059375
0 0.55625 0.71796875 0.05859375 0.03828125
0 0.30078125 0.64140625 0.08984375 0.03984375
0 0.49296875 0.6390625 0.0546875 0.0390625
0 0.42578125 0.63515625 0.05 0.03046875
0 0.85 0.496875 0.0609375 0.04296875
0 0.040625 0.4921875 0.07109375 0.04140625
0 0.66484375 0.5390625 0.0546875 0.059375
0 0.8078125 0.4390625 0.06875 0.06484375
0 0.66953125 0.16484375 0.05703125 0.06640625
0 0.0765625 0.53828125 0.059375 0.03125
0 0.2296875 0.6234375 0.05078125 0.0359375
0 0.9734375 0.1671875 0.0515625 0.04921875
0 0.384375 0.66875 0.0671875 0.028125
0 0.30078125 0.73515625 0.06015625 0.06171875
0 0.5515625 0.65 0.07578125 0.03828125
0 0.96015625 0.11640625 0.06328125 0.0390625
0 0.871875 0.74921875 0.09140625 0.0546875
0 0.1875 0.54609375 0.05546875 0.03046875
0 0.58671875 0.17890625 0.05078125 0.06171875
0 0.940625 0.7796875 0.071875 0.046875
0 0.09375 0.3921875 0.0609375 0.06015625
0 0.015625 0.5515625 0.02578125 0.03828125
0 0.2359375 0.44140625 0.09453125 0.07734375
0 0.9328125 0.68046875 0.07734375 0.03984375
0 0.4890625 0.75390625 0.096875 0.04453125
0 0.5015625 0.43515625 0.115625 0.06171875
0 0.5 0.240625 0.0796875 0.0625
0 0.43046875 0.36796875 0.1203125 0.0546875
0 0.6125 0.68125 0.04375 0.02578125
0 0.91484375 0.34609375 0.06796875 0.0515625
0 0.45234375 0.57265625 0.0421875 0.03515625
0 0.54140625 0.5515625 0.0734375 0.0640625
0 0.02734375 0.61953125 0.046875 0.06953125
0 0.2640625 0.29765625 0.06796875 0.07421875
0 0.975 0.4765625 0.0453125 0.04609375
0 0.5421875 0.3578125 0.08984375 0.0546875
0 0.928125 0.2484375 0.090625 0.04296875
0 0.66328125 0.2890625 0.1015625 0.053125
0 0.909375 0.96171875 0.06484375 0.06953125