0 0.1683992921875 0.633443765625 0.187882965625 0.634806196875 0.1856687875 0.5964724296874999 0.1556801375 0.5493438453125 0.12342299375000002 0.520656634375 0.09445273125 0.5205626265625 0.0943909671875 0.52144589375 0.12291230625 0.5979577484374999 0.1683992921875 0.633443765625
0 0.08653985625 0.40972845468749997 0.086480453125 0.4105779703125 0.1117985875 0.4335006375 0.1412965859375 0.43164754843750003 0.20166168125 0.3663634390625 0.1851747015625 0.35894529531249997 0.18158412968749998 0.3586942171875 0.1359145265625 0.3686185796875 0.08653985625 0.40972845468749997
0 0.2139817140625 0.26717659843749997 0.21361728750000003 0.2793878953125 0.22929283125 0.29321035 0.304822784375 0.3190498109375 0.307724853125 0.30554748125 0.2647312046875 0.2624042390625 0.23948852187499997 0.24840225781249997 0.23314241249999998 0.24795849531249997 0.21484871874999997 0.2547778390625 0.2139817140625 0.26717659843749997
0 0.2068030609375 0.190641278125 0.22361233125000002 0.21204998593750002 0.2488115375 0.1736752546875 0.250718940625 0.1463981140625 0.2324437734375 0.135134928125 0.23024152031249998 0.13498093125 0.2093065109375 0.1548402625 0.2068030609375 0.190641278125
0 0.3112870359375 0.28680500468750003 0.3311679953125 0.325884678125 0.369365521875 0.325618865625 0.36117 0.2888247359375 0.3282439265625 0.27810337343749997 0.3211518703125 0.2776074484375 0.311440309375 0.28461308281250003 0.3112870359375 0.28680500468750003
0 0.26119214999999996 0.47821040156250005 0.2543151 0.4514937296875 0.2060280625 0.4481171703125 0.205977821875 0.44883563281249994 0.219097884375 0.478203725 0.26119214999999996 0.47821040156250005
0 0.283992975 0.45826795468750003 0.26847585625 0.4734456546875 0.266753240625 0.49808021093750005 0.2663302140625 0.5083296859375 0.282550725 0.51435866875 0.300142421875 0.4685797671875 0.3002200015625 0.4674703328125 0.28561661250000003 0.458381490625 0.283992975 0.45826795468750003
0 0.218809828125 0.511722309375 0.225388721875 0.53943624375 0.25657329375 0.5503295109375 0.256886971875 0.5503514453125 0.2398511203125 0.5037370343750001 0.2378474734375 0.5035969265625 0.219117365625 0.5073243171875 0.218809828125 0.511722309375
0 0.2429187765625 0.602335734375 0.24790545625 0.5870212828125 0.22884276875 0.567186190625 0.197853475 0.5650192078125 0.19782395625 0.56544135625 0.2129234484375 0.5973014171875 0.2429187765625 0.602335734375
0 0.16050974843750002 0.6958710124999999 0.1643797890625 0.713044784375 0.1683934375 0.7133254453125 0.1840893578125 0.7128566953125001 0.2077898890625 0.695914003125 0.207748928125 0.66850061875 0.18681874062499998 0.6644917734375 0.18330355 0.6642459671875 0.1607380578125 0.692606015625 0.16050974843750002 0.6958710124999999
0 0.22170987968750003 0.7166425421875 0.24230617968749998 0.7650918124999999 0.25866293906250004 0.76917243125 0.26940611406250004 0.741534196875 0.259759559375 0.7114912312499999 0.2432760734375 0.7013322796875 0.2381748890625 0.7009755703125 0.22181069999999997 0.7152007421875 0.22170987968750003 0.7166425421875
0 0.7192623031250001 0.7677048953125001 0.7323625781249999 0.734357803125 0.7122453328125 0.728056334375 0.685688890625 0.7564412593750001 0.6854754859375001 0.7594930875 0.6913039453125001 0.7755393265625 0.7192623031250001 0.7677048953125001
0 0.76885725 0.8144423734374999 0.8135810906250001 0.8048434578125001 0.7927416625 0.7808704390625001 0.731002025 0.780413903125 0.73069164375 0.7848525421875 0.7326557265625 0.8001635531250001 0.76885725 0.8144423734374999
0 0.827627425 0.9203624890625001 0.878107765625 0.89843979375 0.8889871859375 0.8688531968750001 0.855640096875 0.855752921875 0.8035832656249999 0.884820884375 0.8033815453125 0.8877056203125001 0.8114069078125 0.9143335078125 0.827627425 0.9203624890625001
0 0.8695717500000001 0.7923170640625 0.8661484296875 0.8412728328125001 0.8838151109375 0.8532199500000001 0.927503325 0.802432834375 0.929649071875 0.7305323687499999 0.9250069984374999 0.7302077640625 0.8928957593750001 0.73736021875 0.8695717500000001 0.7923170640625
0 0.663280390625 0.4945145203125 0.666791815625 0.5100969046875 0.6840546359374999 0.5152198296875 0.7158211234375 0.49492537187499996 0.720944046875 0.47766255468749996 0.697011234375 0.4620879578125 0.694829071875 0.46193536562500004 0.6636641421875 0.48902662656249996 0.663280390625 0.4945145203125
0 0.1008366828125 0.24027309218749998 0.0809579453125 0.2431606078125 0.0806956484375 0.24691163125 0.0831236984375 0.2737871015625 0.1064283734375 0.282104890625 0.1066680046875 0.27867799843749996 0.10315661406250001 0.24043531875 0.1008366828125 0.24027309218749998
0 0.0397813875 0.2720289421875 0.048914940625 0.2940086734375 0.08933331875 0.289982371875 0.060949401562500005 0.26567758124999996 0.0599723953125 0.2656092625 0.039951690625 0.2695934859375 0.0397813875 0.2720289421875
0 0.09635289531249999 0.291794809375 0.1053345078125 0.307547596875 0.1400440328125 0.30116419843750003 0.1202655 0.282355890625 0.11604472031249999 0.2820607453125 0.096574859375 0.288620590625 0.09635289531249999 0.291794809375