0 0.4984375 0.5328125 0.1546875 0.2078125
0 0.51484375 0.70546875 0.1796875 0.1828125
0 0.64921875 0.56015625 0.1453125 0.2390625
0 0.6921875 0.77109375 0.1484375 0.1703125
0 0.37109375 0.60390625 0.1875 0.1828125
0 0.3953125 0.5015625 0.1203125 0.146875
0 0.33515625 0.4265625 0.15 0.165625
0 0.25703125 0.2953125 0.134375 0.1921875
0 0.10859375 0.10546875 0.140625 0.1359375
0 0.32265625 0.1328125 0.10625 0.1796875
0 0.46171875 0.421875 0.1484375 0.196875
0 0.56796875 0.315625 0.1484375 0.209375
0 0.434375 0.190625 0.146875 0.1890625