0 0.4 0.315625 0.171875 0.1859375
0 0.4875 0.4703125 0.1609375 0.2
0 0.58046875 0.371875 0.1484375 0.1640625
0 0.571875 0.4546875 0.1546875 0.19375
0 0.684375 0.52265625 0.140625 0.1546875
0 0.78828125 0.62890625 0.13125 0.16875
0 0.66640625 0.63671875 0.13125 0.175
0 0.55625 0.5546875 0.1390625 0.1734375
0 0.496875 0.69453125 0.1375 0.1859375
0 0.66484375 0.7703125 0.1546875 0.1765625
0 0.7796875 0.76171875 0.14375 0.209375
0 0.95546875 0.7390625 0.0890625 0.1625
0 0.90390625 0.85078125 0.1921875 0.1609375
0 0.3375 0.515625 0.1515625 0.2359375
0 0.22421875 0.33359375 0.1625 0.1953125
0 0.12265625 0.38984375 0.203125 0.1953125
0 0.08046875 0.23671875 0.1609375 0.1671875
0 0.1578125 0.14375 0.15625 0.146875