0 0.34375 0.73125 0.2484375 0.19375
0 0.571875 0.77890625 0.203125 0.21875
0 0.7515625 0.7609375 0.2671875 0.1640625
0 0.846875 0.61640625 0.1046875 0.0734375
0 0.6671875 0.62578125 0.2640625 0.1515625
0 0.78125 0.45 0.1734375 0.1265625
0 0.67109375 0.50546875 0.11875 0.084375
0 0.553125 0.4828125 0.209375 0.1703125
0 0.34921875 0.50546875 0.190625 0.1359375
0 0.4671875 0.403125 0.2234375 0.096875
0 0.44375 0.29140625 0.309375 0.20625
0 0.6109375 0.278125 0.1140625 0.1015625
0 0.365625 0.21484375 0.3421875 0.225
0 0.16015625 0.1453125 0.15625 0.2046875