0 0.5671875 0.36640625 0.1015625 0.096875
0 0.4984375 0.265625 0.065625 0.1046875
0 0.44921875 0.5078125 0.05625 0.1078125
0 0.36015625 0.60078125 0.0890625 0.140625
0 0.60546875 0.80234375 0.1078125 0.0859375
0 0.81015625 0.7953125 0.078125 0.0890625
0 0.7 0.25546875 0.0734375 0.1109375
0 0.41640625 0.49765625 0.0453125 0.0625
0 0.1875 0.60390625 0.0625 0.071875
0 0.5671875 0.515625 0.04375 0.0703125
0 0.3625 0.21484375 0.0546875 0.084375
0 0.22890625 0.3453125 0.0375 0.0640625
0 0.0734375 0.33671875 0.0484375 0.0703125
0 0.8015625 0.5359375 0.0421875 0.0421875
0 0.50546875 0.6421875 0.040625 0.0734375
0 0.7046875 0.6296875 0.05 0.040625
0 0.88984375 0.47109375 0.04375 0.0390625
0 0.64140625 0.65546875 0.046875 0.0390625
0 0.228125 0.51015625 0.04375 0.0640625
0 0.3171875 0.50546875 0.0421875 0.0484375
0 0.15390625 0.67421875 0.046875 0.05
0 0.56328125 0.5953125 0.0421875 0.059375
0 0.49375 0.51875 0.05625 0.053125
0 0.778125 0.13359375 0.0390625 0.0390625
0 0.27109375 0.78671875 0.0625 0.0671875
0 0.25703125 0.115625 0.0390625 0.0546875
0 0.53359375 0.70234375 0.04375 0.0578125
0 0.74609375 0.5859375 0.0296875 0.0453125
0 0.684375 0.50078125 0.0328125 0.04375
0 0.178125 0.52578125 0.0390625 0.0546875
0 0.35859375 0.53046875 0.053125 0.046875
0 0.10078125 0.7171875 0.0328125 0.053125
0 0.1125 0.2453125 0.0421875 0.0453125
0 0.259375 0.71171875 0.0515625 0.0578125
0 0.49140625 0.02890625 0.0484375 0.0578125
0 0.73046875 0.4296875 0.0671875 0.0546875
0 0.59375 0.70859375 0.0609375 0.05625
0 0.4421875 0.80859375 0.0359375 0.034375
0 0.8859375 0.30234375 0.03125 0.034375
0 0.3171875 0.66796875 0.03125 0.05
0 0.29453125 0.9703125 0.0359375 0.034375