0 0.61171875 0.6 0.084375 0.0921875
0 0.7265625 0.55859375 0.0984375 0.0515625
0 0.50546875 0.4484375 0.1046875 0.040625
0 0.4390625 0.3390625 0.1328125 0.0703125
0 0.18046875 0.52421875 0.071875 0.0984375
0 0.134375 0.7234375 0.08125 0.0671875
0 0.684375 0.75703125 0.1046875 0.0578125
0 0.46875 0.559375 0.0703125 0.0359375
0 0.68203125 0.58984375 0.040625 0.0234375
0 0.35390625 0.71484375 0.0421875 0.025
0 0.51015625 0.62890625 0.0328125 0.0359375
0 0.296875 0.478125 0.053125 0.0375
0 0.3609375 0.46796875 0.0734375 0.034375
0 0.45234375 0.678125 0.0390625 0.028125
0 0.4796875 0.16875 0.06875 0.053125
0 0.76796875 0.12890625 0.0640625 0.0390625
0 0.71875 0.27578125 0.0640625 0.028125
0 0.38828125 0.78125 0.034375 0.0359375
0 0.31328125 0.59609375 0.03125 0.04375
0 0.484375 0.48671875 0.046875 0.0515625
0 0.2875 0.190625 0.04375 0.025
0 0.93671875 0.36328125 0.0546875 0.0296875
0 0.321875 0.6625 0.03125 0.0453125
0 0.37421875 0.43828125 0.0640625 0.028125
0 0.71875 0.125 0.05 0.034375
0 0.84453125 0.19140625 0.04375 0.0359375
0 0.7546875 0.19609375 0.034375 0.0234375
0 0.39375 0.53515625 0.053125 0.034375
0 0.55859375 0.18203125 0.046875 0.0328125
0 0.4578125 0.21640625 0.0421875 0.021875
0 0.50078125 0.73046875 0.06875 0.084375
0 0.365625 0.3078125 0.0421875 0.025
0 0.3578125 0.2109375 0.0484375 0.0421875
0 0.3875 0.278125 0.05 0.028125
0 0.8109375 0.44140625 0.0828125 0.04375
0 0.5609375 0.234375 0.0578125 0.0359375
0 0.4234375 0.1171875 0.04375 0.040625
0 0.27890625 0.6953125 0.0421875 0.0296875
0 0.67265625 0.50625 0.034375 0.0171875
0 0.278125 0.53515625 0.05 0.0578125