0 0.54296875 0.44921875 0.259375 0.178125
0 0.40546875 0.33203125 0.090625 0.1390625
0 0.3109375 0.3484375 0.1484375 0.14375
0 0.5265625 0.1859375 0.090625 0.1
0 0.57421875 0.19765625 0.08125 0.13125
0 0.61796875 0.18203125 0.0921875 0.1109375
0 0.68125 0.14375 0.075 0.1015625
0 0.765625 0.08828125 0.1171875 0.0875
0 0.7875 0.1953125 0.096875 0.10625
0 0.709375 0.3109375 0.1140625 0.0953125
0 0.7609375 0.3859375 0.1125 0.0953125
0 0.72421875 0.46015625 0.1 0.0953125
0 0.6875 0.53671875 0.1046875 0.0828125
0 0.77890625 0.62265625 0.1 0.13125
0 0.67421875 0.6640625 0.096875 0.1171875
0 0.58203125 0.7140625 0.128125 0.0875
0 0.58671875 0.89609375 0.146875 0.146875