0 0.35078125 0.3328125 0.1328125 0.240625
0 0.42578125 0.58125 0.1375 0.1015625
0 0.60234375 0.49453125 0.109375 0.075
0 0.5125 0.18515625 0.1125 0.1984375
0 0.3734375 0.82109375 0.2359375 0.2296875
0 0.15859375 0.33515625 0.13125 0.3
0 0.2296875 0.41953125 0.0921875 0.10625
0 0.67890625 0.18984375 0.0859375 0.2234375
0 0.796875 0.15078125 0.1171875 0.1765625
0 0.765625 0.26875 0.109375 0.0671875
0 0.9 0.19609375 0.15625 0.14375
0 0.8859375 0.35078125 0.115625 0.0921875
0 0.8390625 0.09296875 0.10625 0.11875
0 0.60234375 0.33125 0.1140625 0.0828125
0 0.49609375 0.31953125 0.08125 0.090625
0 0.44921875 0.4546875 0.109375 0.1421875
0 0.61875 0.62578125 0.1875 0.1953125
0 0.16171875 0.81640625 0.20625 0.2
0 0.28203125 0.56171875 0.1109375 0.1046875
0 0.303125 0.675 0.1015625 0.0859375
0 0.14921875 0.6671875 0.1515625 0.096875
0 0.128125 0.54921875 0.159375 0.109375