0 0.49765625 0.4671875 0.1328125 0.19375
0 0.46015625 0.29765625 0.1609375 0.1640625
0 0.34453125 0.45859375 0.11875 0.2265625
0 0.2765625 0.2546875 0.1296875 0.15625
0 0.615625 0.38125 0.16875 0.1640625
0 0.60390625 0.4859375 0.1046875 0.134375
0 0.67265625 0.553125 0.1328125 0.15
0 0.76640625 0.6734375 0.1140625 0.1796875
0 0.93671875 0.84375 0.1265625 0.121875
0 0.72109375 0.84296875 0.0859375 0.1703125
0 0.54765625 0.57265625 0.1265625 0.1828125
0 0.4546875 0.69140625 0.125 0.1953125
0 0.603125 0.79921875 0.1265625 0.175
0 0.63046875 0.6625 0.08359375 0.11953125
0 0.240625 0.04921875 0.0953125 0.0953125
0 0.678125 0.721875 0.08515625 0.11875
0 0.15625 0.14921875 0.1484375 0.10390625
0 0.2671875 0.59296875 0.0765625 0.20078125
0 0.65546875 0.940625 0.11015625 0.10703125
0 0.7171875 0.478125 0.09140625 0.13984375