0 0.71640625 0.67265625 0.1875 0.1171875
0 0.4453125 0.37890625 0.090625 0.1234375
0 0.51640625 0.58671875 0.071875 0.08125
0 0.59453125 0.74609375 0.1015625 0.096875
0 0.33359375 0.2265625 0.140625 0.075
0 0.47578125 0.24609375 0.0453125 0.0546875
0 0.4671875 0.66484375 0.0390625 0.0515625
0 0.528125 0.525 0.053125 0.0734375
0 0.5796875 0.93828125 0.0359375 0.0546875
0 0.4640625 0.7984375 0.034375 0.0546875
0 0.75078125 0.18359375 0.1171875 0.090625
0 0.4703125 0.140625 0.0390625 0.059375
0 0.43046875 0.725 0.0609375 0.0421875
0 0.559375 0.875 0.0375 0.05625
0 0.51171875 0.83671875 0.0390625 0.0484375
0 0.46171875 0.60546875 0.0390625 0.0578125
0 0.484375 0.09296875 0.065625 0.046875
0 0.3515625 0.3875 0.09375 0.0671875
0 0.29453125 0.51015625 0.10625 0.0953125
0 0.3203125 0.08359375 0.0625 0.0609375