0 0.2875 0.3734375 0.090625 0.0796875
0 0.275 0.4640625 0.0953125 0.1046875
0 0.40078125 0.3703125 0.0953125 0.1
0 0.4140625 0.17265625 0.103125 0.1328125
0 0.29765625 0.196875 0.11875 0.090625
0 0.28828125 0.2984375 0.0890625 0.05625
0 0.284375 0.53984375 0.071875 0.0625
0 0.29921875 0.61796875 0.096875 0.08125
0 0.36484375 0.75703125 0.0671875 0.0953125
0 0.4015625 0.69765625 0.0765625 0.0765625
0 0.40234375 0.14375 0.0546875 0.090625
0 0.27578125 0.3125 0.065625 0.078125
0 0.4109375 0.48125 0.0515625 0.0765625
0 0.4296875 0.65234375 0.0359375 0.05625
0 0.28359375 0.68828125 0.0640625 0.0625
0 0.40546875 0.43828125 0.0578125 0.071875
0 0.34921875 0.10703125 0.0359375 0.0671875
0 0.375 0.484375 0.034375 0.034375
0 0.3125 0.82109375 0.0515625 0.0953125
0 0.3578125 0.5375 0.0296875 0.034375
0 0.33671875 0.59453125 0.046875 0.046875
0 0.42578125 0.61015625 0.0484375 0.0515625
0 0.38671875 0.26484375 0.0296875 0.059375
0 0.38359375 0.4484375 0.0359375 0.0359375
0 0.396875 0.59375 0.0203125 0.03125
0 0.33671875 0.7921875 0.0390625 0.0375