0 0.43984375 0.3125 0.10625 0.078125
0 0.44375 0.6625 0.0828125 0.1140625
0 0.31875 0.67265625 0.0828125 0.103125
0 0.26640625 0.79609375 0.0859375 0.128125
0 0.196875 0.7359375 0.1 0.1203125
0 0.14609375 0.66640625 0.13125 0.11875
0 0.075 0.17421875 0.1078125 0.175
0 0.540625 0.590625 0.0828125 0.09375
0 0.31796875 0.75703125 0.05625 0.06875
0 0.52890625 0.63984375 0.034375 0.0484375
0 0.61328125 0.60078125 0.0609375 0.078125
0 0.571875 0.659375 0.040625 0.071875
0 0.4 0.7046875 0.04375 0.046875
0 0.6671875 0.63671875 0.0625 0.075
0 0.6203125 0.66171875 0.0421875 0.0640625
0 0.33046875 0.57265625 0.0640625 0.0625
0 0.5421875 0.69609375 0.040625 0.071875
0 0.20234375 0.85390625 0.0828125 0.1078125
0 0.2359375 0.18671875 0.0796875 0.0640625
0 0.37578125 0.31328125 0.0578125 0.0390625
0 0.7125 0.55234375 0.0375 0.059375
0 0.2734375 0.6 0.0578125 0.0671875
0 0.3171875 0.2734375 0.078125 0.0578125
0 0.45078125 0.56171875 0.071875 0.0578125
0 0.25078125 0.26953125 0.071875 0.053125
0 0.90625 0.4890625 0.0390625 0.065625
0 0.62421875 0.54609375 0.0328125 0.0484375
0 0.4796875 0.36015625 0.0359375 0.0640625
0 0.925 0.55390625 0.0390625 0.05