0 0.25 0.80234375 0.09375 0.0984375
0 0.19453125 0.74453125 0.06875 0.084375
0 0.215625 0.621875 0.0765625 0.1
0 0.2484375 0.3734375 0.0984375 0.0890625
0 0.31484375 0.303125 0.071875 0.0828125
0 0.46953125 0.30390625 0.0546875 0.096875
0 0.52421875 0.265625 0.0578125 0.0984375
0 0.565625 0.35625 0.078125 0.1046875
0 0.4875 0.46328125 0.0703125 0.078125
0 0.496875 0.534375 0.0671875 0.0765625
0 0.671875 0.51328125 0.0484375 0.0828125
0 0.69453125 0.3515625 0.04375 0.096875
0 0.640625 0.09453125 0.090625 0.153125
0 0.5765625 0.07578125 0.04375 0.09375
0 0.496875 0.1765625 0.0609375 0.0890625
0 0.63828125 0.709375 0.05 0.096875
0 0.66328125 0.81640625 0.0734375 0.1234375
0 0.8015625 0.890625 0.0578125 0.096875
0 0.84375 0.93828125 0.05625 0.121875
0 0.8078125 0.7703125 0.059375 0.09375
0 0.13359375 0.85390625 0.0859375 0.134375