0 0.53671875 0.5546875 0.15625 0.2484375
0 0.6875 0.45546875 0.1328125 0.078125
0 0.6984375 0.36015625 0.1328125 0.1375
0 0.79453125 0.61171875 0.09375 0.0828125
0 0.7703125 0.6546875 0.1265625 0.0703125
0 0.7734375 0.70078125 0.1046875 0.0828125
0 0.7921875 0.77265625 0.096875 0.065625
0 0.82265625 0.86875 0.078125 0.1125
0 0.7140625 0.8609375 0.0984375 0.0890625
0 0.6234375 0.753125 0.0859375 0.1078125
0 0.53828125 0.7828125 0.0859375 0.10625
0 0.4765625 0.72578125 0.0875 0.0921875
0 0.41328125 0.6703125 0.0734375 0.0984375
0 0.30546875 0.734375 0.125 0.0875
0 0.29375 0.62265625 0.1109375 0.0875
0 0.271875 0.5203125 0.075 0.121875
0 0.0953125 0.47421875 0.1359375 0.1359375