0 0.4359375 0.36875 0.1671875 0.215625
0 0.3765625 0.45625 0.10625 0.215625
0 0.15390625 0.371875 0.1890625 0.1609375
0 0.24921875 0.5359375 0.0671875 0.125
0 0.275 0.434375 0.05625 0.08125
0 0.578125 0.6375 0.140625 0.1765625
0 0.72265625 0.73203125 0.115625 0.1546875
0 0.6921875 0.6078125 0.109375 0.140625
0 0.6578125 0.49453125 0.134375 0.1328125
0 0.71484375 0.4015625 0.115625 0.125
0 0.828125 0.65 0.115625 0.1609375
0 0.353125 0.16484375 0.134375 0.203125
0 0.1265625 0.1578125 0.1265625 0.096875