0 0.42529590625 0.604920265625 0.42564784062500005 0.6024161265625 0.4292630296875 0.4794861390625 0.38773193125 0.3859539125 0.352511659375 0.3677669828125 0.33341116406250004 0.42791426250000003 0.33245058437499997 0.43474914375000007 0.3298275625 0.4655113953125 0.35455804375 0.5583370828125 0.3764210515625 0.5796106640625001 0.3898819421875 0.6281087734375 0.3919131515625 0.6283942421875001 0.42529590625 0.604920265625
0 0.3142300859375 0.4501325703125 0.30862054687499996 0.320283028125 0.2828581078125 0.2984614171875 0.26888816875 0.32566794374999997 0.2609616328125 0.3820681734375 0.269717315625 0.42733040625 0.26561261406250003 0.45653687343750005 0.2782028890625 0.47040630468750005 0.285572015625 0.47144196718750003 0.3063912921875 0.4705410953125 0.3142300859375 0.4501325703125
0 0.24811996718749998 0.1826025671875 0.238742 0.1432280796875 0.206383596875 0.1188248390625 0.19676889375 0.1427476453125 0.1945934875 0.15822646875 0.18954864531249999 0.2173912984375 0.2083045796875 0.296140271875 0.2222074921875 0.3205296625 0.22376266406249998 0.320748228125 0.2526919484375 0.305687771875 0.24811996718749998 0.1826025671875
0 0.490252496875 0.5475436015625 0.49176706875000004 0.5477564593750001 0.5217092703125 0.539208021875 0.5838381421875 0.36593031875 0.5910099859375 0.3007530390625 0.5552072531250001 0.23794556875 0.554919215625 0.2379050875 0.5057185390625001 0.26394665 0.47819013593750004 0.31837447343749997 0.474126759375 0.3472869015625 0.47146155468749995 0.37330164374999997 0.4773219015625 0.5296605234375 0.490252496875 0.5475436015625
0 0.7273658265625 0.3263974578125 0.7537840124999999 0.23745098750000002 0.7524956484375 0.20417731093749997 0.7363563796875 0.17047110625 0.7052464109375001 0.2008461234375 0.6815501187499999 0.25231718281250004 0.677171765625 0.2834707890625 0.6698320625 0.36795052500000003 0.6910626953125 0.389578675 0.6951063953125 0.3901469796875 0.7070020515625 0.3864114703125 0.71156283125 0.3539598390625 0.7273658265625 0.3263974578125
0 0.7094985781250001 0.398628025 0.68365626875 0.41981558124999996 0.66316709375 0.4665749265625 0.658260346875 0.49662170625 0.6497335078125 0.5572933171875001 0.653766884375 0.5736797609375001 0.6567373703125 0.574097234375 0.6833767296875 0.570347665625 0.7046127249999999 0.5253479046875 0.7203701812500001 0.4415216875 0.7094985781250001 0.398628025
0 0.6488388171875 0.58649821875 0.6330014921875 0.7133336 0.638896171875 0.770419478125 0.6614648421875 0.819329253125 0.663581403125 0.819626715625 0.6770637859375 0.8171493484375001 0.6960193890624999 0.788375403125 0.7133958859375 0.721323034375 0.7049700109375 0.6539536390625 0.6800741890625 0.56937786875 0.6488388171875 0.58649821875
0 0.6021387812500001 0.705755703125 0.5894428656249999 0.6758426921875 0.57517344375 0.685419665625 0.5571884687499999 0.733023371875 0.556035959375 0.7412239046875 0.5543991296875 0.8049426796875 0.5644413796875 0.8246277609374999 0.5720524328125001 0.8256974250000001 0.5933592562500001 0.8236926531250001 0.5936895109375 0.8213427687499999 0.6021387812500001 0.705755703125
0 0.5742267390625 0.66792490625 0.57538183125 0.659705996875 0.5784261203125001 0.620530809375 0.5297231796874999 0.5921758625 0.4791559921875 0.5983061515625 0.4619199125 0.6474566187499999 0.46141112968750003 0.6510767921875 0.48484540000000004 0.685146528125 0.5065290984375 0.6918381296875 0.5193845406250001 0.6936448453125 0.545742646875 0.690395815625 0.5649889890625001 0.6666266265624999 0.5742267390625 0.66792490625
0 0.48351708593750004 0.7295522875 0.45810895 0.6912664453125 0.435624525 0.681487946875 0.359196790625 0.6822940015625 0.3589408203125 0.6841153359375001 0.3582629375 0.736800703125 0.4073716078125 0.7773073562499999 0.4117352890625 0.77792063125 0.45977352343750005 0.764304128125 0.4835046875 0.7296405109374999 0.48351708593750004 0.7295522875
0 0.5082710328125 0.8902295734375001 0.503274978125 0.8576579140625 0.4603756453125 0.7738611765625001 0.45212070937500004 0.7760102812499999 0.4312621765625 0.8094626093749999 0.4308172859375 0.8126281734375 0.45163029843749997 0.8785284453125 0.47872492656250004 0.9167195687499999 0.48013428124999996 0.9169176406249999 0.49431875625000005 0.9143112656250001 0.5079875359375 0.8922467609375 0.5082710328125 0.8902295734375001
0 0.748465928125 0.8261623640625 0.7342763765625 0.7927301734375 0.71867865625 0.7905380562500001 0.703041 0.8098505218750001 0.6868831921874999 0.854310871875 0.6809365453125 0.8966234625 0.6783672562499999 0.9288255078125 0.685567709375 0.9757686812499999 0.6865066921875 0.975900646875 0.7147504921875 0.967031446875 0.7407126015625 0.8813301390625 0.748465928125 0.8261623640625
0 0.24239935468749998 0.73712433125 0.21738373281249998 0.7170623125 0.2022021578125 0.7331296125 0.19349487031249998 0.76107590625 0.18597444531250001 0.8145865015625 0.18234 0.8461622999999999 0.20212554374999997 0.9567388390625 0.20700834375000002 0.9574250718749999 0.234947971875 0.9528336968750001 0.2554714796875 0.8068013453124999 0.24239935468749998 0.73712433125
0 0.17307911874999998 0.5939314296875 0.141969146875 0.624306446875 0.11140072187500001 0.6861955531249999 0.096960834375 0.7406486359375 0.09546760625 0.7512735 0.11434606249999998 0.775571690625 0.115880325 0.7757873171874999 0.124888990625 0.7741319859375 0.18420152812499999 0.6633344265625001 0.188636903125 0.6176281265625 0.17307911874999998 0.5939314296875
0 0.0970144625 0.4922312671875 0.08049348437500001 0.5322361640625 0.07757750468749999 0.5529844421875 0.071129325 0.63380239375 0.073030759375 0.6340696234375 0.10320548437499999 0.632090315625 0.12982894218750002 0.5133893484375001 0.12103245781250001 0.48402436406250005 0.0970144625 0.4922312671875
0 0 0.8541727343750001 0.004245884375 0.8547694546875 0.0198513375 0.8540941890625 0.042541032812500004 0.83411819375 0.06950076875 0.7766858109375 0.08783495625 0.7594069484375 0.0744321578125 0.7062297625 0.0197602671875 0.7415665234375 0 0.7677063328125 0 0.8541727343750001
0 0.12150486406250001 0.860100890625 0.11570125312499999 0.9155426828125 0.1014299625 0.9446166796875 0.101057315625 0.9472681921874999 0.118629634375 0.9497378218750001 0.1486411390625 0.9499554281249999 0.17194664843750002 0.8407159343749999 0.1610750453125 0.7978222703125 0.1493767546875 0.7961781828125 0.134776659375 0.8222549890625 0.12150486406250001 0.860100890625
0 0.3162903125 0.9305376265625 0.31214007499999996 0.9034802640624999 0.321261634375 0.8385769968749999 0.31399871875 0.791226609375 0.29477044375 0.770949428125 0.29371704374999996 0.77080138125 0.27879645625 0.7940640578125 0.272576478125 0.83832149375 0.2824382703125 0.9026152062499999 0.2955816765625 0.9335825640625 0.2979260203125 0.9339120390625 0.3162903125 0.9305376265625
0 0.241432396875 0.94765289375 0.24304024375000002 0.9672225921875001 0.335430221875 0.98020715625 0.3421002 0.973694753125 0.26091345 0.907681896875 0.2424422625 0.94046731875 0.241432396875 0.94765289375