0 0.446875 0.53828125 0.2453125 0.1515625
0 0.54921875 0.68671875 0.075 0.1296875
0 0.64375 0.6953125 0.134375 0.1296875
0 0.3953125 0.79609375 0.08125 0.090625
0 0.35234375 0.77265625 0.0671875 0.1234375
0 0.30703125 0.7765625 0.08125 0.1015625
0 0.2359375 0.79609375 0.0640625 0.09375
0 0.14140625 0.82890625 0.1109375 0.0765625
0 0.146875 0.71953125 0.0875 0.0953125
0 0.253125 0.628125 0.1046875 0.0828125
0 0.22109375 0.54296875 0.103125 0.084375
0 0.2765625 0.48125 0.0890625 0.0859375
0 0.33125 0.4171875 0.0984375 0.0734375
0 0.26484375 0.31171875 0.0859375 0.121875
0 0.3765625 0.29765625 0.0859375 0.109375
0 0.478125 0.27421875 0.121875 0.0734375
0 0.5203125 0.0984375 0.13125 0.1328125