0 0.48671875 0.478125 0.109375 0.171875
0 0.42265625 0.4015625 0.1328125 0.165625
0 0.4609375 0.55234375 0.1 0.1625
0 0.35234375 0.49609375 0.1171875 0.159375
0 0.40625 0.5984375 0.13125 0.1765625
0 0.4453125 0.7625 0.1234375 0.165625
0 0.41875 0.88125 0.1140625 0.1578125
0 0.4921875 0.90390625 0.1 0.1640625
0 0.56875 0.86171875 0.08125 0.1171875
0 0.59609375 0.6265625 0.103125 0.1625
0 0.671875 0.521875 0.0921875 0.1546875
0 0.66953125 0.65859375 0.125 0.178125
0 0.68203125 0.76484375 0.078125 0.1125
0 0.6390625 0.79453125 0.0765625 0.1015625