0 0.6703125 0.346875 0.15625 0.1296875
0 0.5640625 0.41953125 0.053125 0.0953125
0 0.5265625 0.34296875 0.05 0.0796875
0 0.4703125 0.3515625 0.040625 0.0671875
0 0.4734375 0.2625 0.046875 0.0890625
0 0.50390625 0.209375 0.0515625 0.08125
0 0.62109375 0.2328125 0.0765625 0.103125
0 0.9140625 0.38828125 0.096875 0.1171875
0 0.9625 0.48828125 0.075 0.084375
0 0.49765625 0.66796875 0.1171875 0.0921875
0 0.2359375 0.44609375 0.046875 0.096875
0 0.3 0.46171875 0.0828125 0.078125
0 0.11015625 0.45390625 0.0828125 0.1203125
0 0.1984375 0.53203125 0.0671875 0.103125
0 0.184375 0.65 0.090625 0.1
0 0.10390625 0.659375 0.08125 0.0875
0 0.41015625 0.703125 0.0671875 0.071875
0 0.6171875 0.5328125 0.05625 0.10625
0 0.28515625 0.4390625 0.05546875 0.0609375
0 0.4078125 0.67890625 0.06171875 0.05625
0 0.48125 0.55625 0.0453125 0.05859375
0 0.77109375 0.70703125 0.04921875 0.0828125
0 0.53984375 0.6 0.040625 0.06171875
0 0.89140625 0.8140625 0.0765625 0.0671875
0 0.6140625 0.68515625 0.05859375 0.0609375
0 0.86328125 0.6859375 0.053125 0.12265625
0 0.0484375 0.5703125 0.03828125 0.03828125
0 0.73515625 0.60625 0.03828125 0.06953125
0 0.915625 0.71875 0.053125 0.11953125
0 0.69296875 0.6203125 0.0375 0.0640625
0 0.6421875 0.63125 0.04609375 0.05703125