0 0.45078125 0.35 0.0546875 0.078125
0 0.475 0.2953125 0.0453125 0.06875
0 0.24765625 0.465625 0.04375 0.0625
0 0.36875 0.58203125 0.0515625 0.0609375
0 0.62421875 0.6 0.046875 0.059375
0 0.75859375 0.33046875 0.0484375 0.084375
0 0.234375 0.565625 0.0265625 0.0359375
0 0.40234375 0.6734375 0.028125 0.0234375
0 0.3171875 0.3765625 0.03125 0.0328125
0 0.69609375 0.375 0.0265625 0.0328125
0 0.615625 0.390625 0.028125 0.0359375
0 0.95703125 0.68046875 0.0375 0.03125
0 0.7484375 0.5859375 0.0296875 0.0296875
0 0.68125 0.4921875 0.021875 0.028125
0 0.18203125 0.63125 0.034375 0.025
0 0.6171875 0.48515625 0.025 0.0359375
0 0.44765625 0.49609375 0.0296875 0.0265625
0 0.52734375 0.56796875 0.0296875 0.0234375
0 0.7046875 0.6046875 0.01875 0.021875
0 0.57109375 0.55078125 0.0265625 0.03125
0 0.09453125 0.4828125 0.0359375 0.0390625
0 0.1734375 0.54765625 0.025 0.034375
0 0.85859375 0.5671875 0.0265625 0.0265625
0 0.65078125 0.41015625 0.0203125 0.0390625
0 0.225 0.47421875 0.0328125 0.0296875
0 0.27578125 0.28984375 0.034375 0.0296875
0 0.29609375 0.49921875 0.03125 0.034375
0 0.92421875 0.5859375 0.028125 0.0484375
0 0.453125 0.55546875 0.0234375 0.028125
0 0.9734375 0.65390625 0.034375 0.028125
0 0.53046875 0.30703125 0.0390625 0.0375
0 0.83828125 0.534375 0.0234375 0.046875
0 0.21328125 0.65859375 0.021875 0.028125
0 0.3890625 0.5078125 0.028125 0.0265625
0 0.63125 0.71875 0.021875 0.025
0 0.14453125 0.5078125 0.0359375 0.0359375
0 0.76328125 0.47734375 0.046875 0.0484375
0 0.87421875 0.33984375 0.0328125 0.0234375
0 0.79453125 0.5921875 0.021875 0.01875
0 0.20703125 0.5453125 0.025 0.0359375
0 0.8078125 0.2375 0.028125 0.0265625
0 0.3921875 0.48359375 0.0328125 0.028125
0 0.66484375 0.58203125 0.028125 0.01875
0 0.1953125 0.49609375 0.025 0.0328125
0 0.90078125 0.528125 0.0234375 0.0484375
0 0.653125 0.35546875 0.01875 0.0390625
0 0.31796875 0.3375 0.0234375 0.0390625