0 0.49375 0.46796875 0.178125 0.221875
0 0.4859375 0.29453125 0.1984375 0.2
0 0.63984375 0.41953125 0.1734375 0.25
0 0.65234375 0.20546875 0.165625 0.184375
0 0.3578125 0.41484375 0.2046875 0.2015625
0 0.39609375 0.51328125 0.1359375 0.15625
0 0.346875 0.59609375 0.1671875 0.1796875
0 0.2875 0.73671875 0.15625 0.203125
0 0.1671875 0.93515625 0.153125 0.1296875
0 0.375 0.88828125 0.1265625 0.1875
0 0.47265625 0.5828125 0.1703125 0.209375
0 0.59296875 0.6734375 0.171875 0.2203125
0 0.478125 0.815625 0.1671875 0.2015625