0 0.69453125 0.37890625 0.1765625 0.1546875
0 0.57734375 0.43203125 0.06875 0.103125
0 0.553125 0.35 0.0625 0.0875
0 0.496875 0.3484375 0.0515625 0.0734375
0 0.51484375 0.26171875 0.0609375 0.0953125
0 0.5546875 0.21484375 0.065625 0.0890625
0 0.665625 0.2578125 0.09375 0.115625
0 0.92734375 0.46171875 0.115625 0.1328125
0 0.95625 0.56875 0.0875 0.096875
0 0.46875 0.66484375 0.13125 0.1109375
0 0.24921875 0.40078125 0.0625 0.103125
0 0.309375 0.42734375 0.0953125 0.090625
0 0.12421875 0.38671875 0.103125 0.1328125
0 0.19765625 0.47890625 0.084375 0.1125
0 0.16328125 0.59296875 0.10625 0.1140625
0 0.08203125 0.58828125 0.0953125 0.1
0 0.3765625 0.684375 0.078125 0.0828125
0 0.609375 0.55234375 0.0734375 0.1140625
0 0.29921875 0.40234375 0.065625 0.0703125
0 0.378125 0.66015625 0.0703125 0.065625
0 0.471875 0.55234375 0.0546875 0.065625
0 0.73125 0.75078125 0.0625 0.090625
0 0.521875 0.60546875 0.05 0.0671875
0 0.83125 0.87734375 0.0875 0.0796875
0 0.58046875 0.70234375 0.06875 0.0703125
0 0.82578125 0.74609375 0.0734375 0.1296875
0 0.04296875 0.490625 0.04375 0.04375
0 0.71328125 0.6453125 0.05 0.075
0 0.87109375 0.7875 0.0734375 0.1265625
0 0.66953125 0.65234375 0.0484375 0.0703125
0 0.6171875 0.65390625 0.0546875 0.0640625