0 0.69453125 0.46640625 0.065625 0.1
0 0.346875 0.421875 0.109375 0.0703125
0 0.3546875 0.296875 0.096875 0.071875
0 0.23984375 0.22734375 0.1234375 0.071875
0 0.30859375 0.1671875 0.1125 0.0875
0 0.384375 0.1265625 0.10625 0.1203125
0 0.88125 0.12421875 0.16875 0.0875
0 0.4046875 0.52734375 0.0859375 0.0734375
0 0.27421875 0.2859375 0.0671875 0.0515625
0 0.76640625 0.2859375 0.0421875 0.0640625
0 0.7046875 0.40390625 0.03125 0.053125
0 0.94296875 0.2953125 0.0796875 0.040625
0 0.48046875 0.4765625 0.05 0.05625
0 0.31640625 0.375 0.04375 0.040625
0 0.32578125 0.59765625 0.0671875 0.0375
0 0.84921875 0.22421875 0.0390625 0.0578125
0 0.3 0.5171875 0.0734375 0.0359375
0 0.85234375 0.28359375 0.053125 0.071875
0 0.34453125 0.64609375 0.075 0.05625
0 0.75390625 0.3515625 0.0421875 0.0671875
0 0.38046875 0.87890625 0.04375 0.03125
0 0.3125 0.44921875 0.0328125 0.0484375
0 0.4234375 0.70625 0.0546875 0.0296875
0 0.77421875 0.446875 0.0421875 0.0390625
0 0.4875 0.53359375 0.046875 0.0328125
0 0.1921875 0.15703125 0.1046875 0.0765625
0 0.55390625 0.740625 0.040625 0.0484375
0 0.48203125 0.42734375 0.0453125 0.04375