0 0.64609375 0.559375 0.08125 0.059375
0 0.70234375 0.53984375 0.0703125 0.05
0 0.51640625 0.75390625 0.0640625 0.046875
0 0.409375 0.625 0.0640625 0.0546875
0 0.40859375 0.36875 0.0625 0.0515625
0 0.68671875 0.25390625 0.0859375 0.053125
0 0.41484375 0.7609375 0.0375 0.0296875
0 0.346875 0.80859375 0.0265625 0.034375
0 0.52265625 0.3859375 0.034375 0.028125
0 0.496875 0.609375 0.0515625 0.040625
0 0.69296875 0.48359375 0.040625 0.0421875
0 0.61640625 0.39296875 0.0359375 0.03125
0 0.43359375 0.78984375 0.0359375 0.028125
0 0.31875 0.58671875 0.0234375 0.0296875
0 0.6765625 0.25078125 0.0265625 0.028125
0 0.4875 0.70390625 0.0390625 0.0390625
0 0.4296875 0.82265625 0.0359375 0.028125
0 0.5 0.55234375 0.025 0.028125
0 0.54140625 0.23203125 0.0546875 0.0546875
0 0.32109375 0.7765625 0.028125 0.025
0 0.76953125 0.64375 0.0234375 0.03125
0 0.43515625 0.4671875 0.0265625 0.0328125
0 0.4875 0.90625 0.0375 0.034375
0 0.46640625 0.85390625 0.0359375 0.0375
0 0.50703125 0.77578125 0.0328125 0.034375
0 0.69296875 0.73828125 0.028125 0.0328125
0 0.6375 0.3125 0.0328125 0.0265625
0 0.61015625 0.69140625 0.0328125 0.03125
0 0.4828125 0.8046875 0.034375 0.0296875
0 0.70390625 0.4046875 0.0296875 0.0234375
0 0.42890625 0.33203125 0.021875 0.0296875
0 0.43359375 0.24765625 0.03125 0.03125
0 0.45546875 0.4265625 0.03125 0.028125
0 0.5984375 0.35703125 0.0359375 0.021875
0 0.36953125 0.13046875 0.0375 0.025
0 0.2890625 0.35546875 0.025 0.0234375
0 0.78359375 0.2125 0.028125 0.03125
0 0.43828125 0.54453125 0.025 0.0234375
0 0.49140625 0.16171875 0.04375 0.0265625
0 0.4578125 0.13828125 0.0265625 0.0265625
0 0.42734375 0.20078125 0.021875 0.025
0 0.51875 0.3203125 0.028125 0.0234375
0 0.70234375 0.45078125 0.0390625 0.0234375
0 0.44375 0.07109375 0.05 0.0328125
0 0.52109375 0.7109375 0.025 0.0296875
0 0.67109375 0.76484375 0.03125 0.0203125
0 0.79765625 0.2625 0.028125 0.0296875
0 0.35078125 0.0328125 0.0328125 0.0390625
0 0.7984375 0.19453125 0.0375 0.0265625
0 0.446875 0.44609375 0.0390625 0.0265625
0 0.6859375 0.1390625 0.0265625 0.0328125
0 0.75 0.5796875 0.028125 0.0234375
0 0.73046875 0.10546875 0.04375 0.025
0 0.70703125 0.21328125 0.01875 0.0265625