0 0.3203125 0.28671875 0.2421875 0.1859375
0 0.5421875 0.21484375 0.196875 0.2125
0 0.72265625 0.2140625 0.2625 0.15625
0 0.83203125 0.34765625 0.1015625 0.0703125
0 0.653125 0.35703125 0.259375 0.14375
0 0.78515625 0.5203125 0.1703125 0.121875
0 0.66953125 0.4765625 0.1171875 0.08125
0 0.5546875 0.51171875 0.203125 0.1625
0 0.34921875 0.51015625 0.1875 0.1296875
0 0.47734375 0.6 0.221875 0.0890625
0 0.465625 0.71328125 0.303125 0.196875
0 0.6328125 0.70859375 0.1109375 0.096875
0 0.39609375 0.79765625 0.334375 0.2140625
0 0.19921875 0.88828125 0.15 0.2