0 0.71953125 0.671875 0.178125 0.2359375
0 0.78359375 0.44765625 0.20625 0.1890625
0 0.778125 0.2671875 0.146875 0.2578125
0 0.640625 0.1625 0.0671875 0.1
0 0.6375 0.3421875 0.134375 0.2546875
0 0.46953125 0.215625 0.115625 0.165625
0 0.5171875 0.3296875 0.0765625 0.1140625
0 0.48671875 0.44609375 0.15625 0.1984375
0 0.4953125 0.65078125 0.1234375 0.1828125
0 0.40078125 0.52578125 0.08125 0.21875
0 0.28828125 0.54140625 0.1859375 0.296875
0 0.28671875 0.37421875 0.09375 0.1078125
0 0.20625 0.6140625 0.203125 0.328125
0 0.12265625 0.8140625 0.1953125 0.14375