0 0.190198190625 0.678295 0.2096818640625 0.6769325687500001 0.2021542046875 0.639280015625 0.16589837031250002 0.5967836984375 0.1299626625 0.5728649953125 0.101261253125 0.5768037828125 0.1013230171875 0.57768705 0.14021518125000001 0.64948489375 0.190198190625 0.678295
0 0.0780002515625 0.4681495015625 0.07805965468750001 0.46899901718750003 0.1063216140625 0.4881749984375 0.135274640625 0.4822346171875 0.18596647500000002 0.40918465 0.16860753906249998 0.4041332421875 0.1650169671875 0.40438432031250005 0.12117302187500001 0.4205680796875 0.0780002515625 0.4681495015625
0 0.18436246875 0.30924847187500004 0.185701075 0.321391646875 0.203147778125 0.33289796875 0.28153883749999997 0.3479742234375 0.2825335015625 0.3341994078125 0.23395388593750002 0.2974595921875 0.20700816406250003 0.28710698125 0.20066205468749998 0.28755074375 0.18349546249999998 0.2968497125 0.18436246875 0.30924847187500004
0 0.1666020203125 0.23445706406250003 0.1862272203125 0.253318025 0.205840459375 0.211809703125 0.20393305625 0.18453256093749998 0.184268209375 0.17592239999999998 0.18206595625 0.176076396875 0.16409856875 0.198656046875 0.1666020203125 0.23445706406250003
0 0.28345256874999997 0.31514357187500003 0.3085788875 0.3510760296875 0.346367684375 0.34549673593749997 0.3331311671875 0.3102012796875 0.29903340312500004 0.30416668125 0.291941346875 0.30466260625 0.28329929531250003 0.31295164999999997 0.28345256874999997 0.31514357187500003
0 0.26048368437499997 0.5116580859375001 0.2499553203125 0.4861585171875 0.2016682828125 0.48953507656250006 0.201718521875 0.4902535390625 0.21879814999999997 0.5175098640625 0.26048368437499997 0.5116580859375001
0 0.28028716249999996 0.48873645468750004 0.2670333828125 0.5059260125 0.2687559984375 0.53056056875 0.26976354062499996 0.5407691703124999 0.28666526718749996 0.5444820203125 0.29771457031250004 0.49670034531249996 0.2976369921875 0.49559091093749996 0.2819108 0.4886229203125 0.28028716249999996 0.48873645468750004
0 0.22317778124999998 0.5507423359375 0.233549684375 0.57727095625 0.2659468203125 0.5837181578124999 0.26626049687500003 0.5836962234375 0.242902965625 0.5399063921875 0.2408993203125 0.5400465015625 0.22287024375 0.5463443453125 0.22317778124999998 0.5507423359375
0 0.2596630546875 0.6371186015625 0.2624698453125 0.6212591765625 0.2408321625 0.6042701312500001 0.2098428703125 0.6064371140625 0.2098723890625 0.6068592625 0.22925899843750003 0.6363078203125 0.2596630546875 0.6371186015625
0 0.1910736203125 0.7412127203125001 0.197296125 0.7576807515625 0.2013097734375 0.757400090625 0.21678770468750003 0.754751453125 0.2378996171875 0.73467516875 0.23404384843749998 0.7075342703125 0.21275942812499998 0.7064773578125 0.2092442390625 0.7067231640625 0.190845309375 0.7379477234375 0.1910736203125 0.7412127203125001
0 0.25456899375 0.7532646921875 0.2817076890625 0.79837600625 0.2984731765625 0.800140490625 0.3052653015625 0.77127606875 0.29153145468749997 0.7428680203125 0.27379453125 0.7351019921875 0.268693346875 0.7354587015625 0.2544681734375 0.751822890625 0.25456899375 0.7532646921875
0 0.754385778125 0.7345841953125001 0.76271754375 0.699738428125 0.7419190828125 0.6962980640625 0.7195715046875 0.7281026921875 0.7197849093750001 0.7311545203125001 0.7277898515625 0.7462334328125 0.754385778125 0.7345841953125001
0 0.8100026703125 0.77396454375 0.8529553515625 0.7582346906249999 0.82898233125 0.7373952625 0.7677800015625 0.7455356656250001 0.7680903812500001 0.7499743062500001 0.7721662296875 0.7648629625 0.8100026703125 0.77396454375
0 0.882942128125 0.870674625 0.9298801484375 0.841939775 0.9365360328125 0.8111269890624999 0.9016902703125 0.8027952234375 0.8541855296875 0.8388252093749999 0.85438725 0.8417099453124999 0.866040396875 0.8669617765625001 0.882942128125 0.870674625
0 0.9066577765625 0.7380378078125001 0.910081096875 0.7869935765625 0.9292385640624999 0.7963657000000001 0.9654334078125 0.7399926156250001 0.9575516609375001 0.66849325 0.9529095875 0.66881785625 0.9221062828125 0.6803697234375 0.9066577765625 0.7380378078125001
0 0.6609279265625 0.4718436671875 0.6665738265625001 0.48678570781249997 0.6843816203124999 0.4894562578125 0.7130145156250001 0.46493826250000003 0.7156850625 0.4471304734375 0.689817596875 0.43503825 0.6876354359375 0.4351908421875 0.660544175 0.466355771875 0.6609279265625 0.4718436671875
0 0.0685743140625 0.298353534375 0.0492908984375 0.3039795328125 0.0495531953125 0.30773055625 0.055697959374999995 0.3340065578125 0.0799334484375 0.3390000140625 0.079693815625 0.3355731234375 0.0708942453125 0.2981913078125 0.0685743140625 0.298353534375
0 0.012532764062499998 0.3382975921875 0.024636417187500002 0.35879227343750003 0.06410109375 0.3491800046875 0.032610834374999995 0.3290620234375 0.031633828125 0.3291303421875 0.0123624609375 0.3358621359375 0.012532764062499998 0.3382975921875
0 0.0713046 0.34999786718750003 0.0823911671875 0.36434735156250003 0.1158745046875 0.3531954421875 0.09367084375 0.337322815625 0.0894500640625 0.33761796093749996 0.0710826375 0.3468236484375 0.0713046 0.34999786718750003