0 0.634375 0.44296875 0.2234375 0.178125
0 0.55 0.37890625 0.2203125 0.1171875
0 0.64609375 0.1609375 0.1703125 0.196875
0 0.47734375 0.24765625 0.128125 0.0734375
0 0.57734375 0.27890625 0.084375 0.0609375
0 0.35859375 0.57109375 0.184375 0.15
0 0.25625 0.71015625 0.1609375 0.1234375
0 0.38203125 0.6859375 0.146875 0.1171875
0 0.496875 0.6578125 0.1390625 0.140625
0 0.58671875 0.71953125 0.13125 0.121875
0 0.3328125 0.81953125 0.1671875 0.1234375
0 0.8421875 0.37109375 0.209375 0.1453125
0 0.8609375 0.1453125 0.103125 0.13125