0 0.28046875 0.63046875 0.090625 0.0796875
0 0.26953125 0.53828125 0.0953125 0.1046875
0 0.3953125 0.63515625 0.0953125 0.1
0 0.40546875 0.83828125 0.1015625 0.134375
0 0.2875 0.81171875 0.11875 0.0890625
0 0.27890625 0.70703125 0.0921875 0.0546875
0 0.27890625 0.46015625 0.0734375 0.0640625
0 0.2953125 0.38125 0.0984375 0.08125
0 0.365625 0.240625 0.0671875 0.096875
0 0.40234375 0.30234375 0.075 0.075
0 0.38203125 0.790625 0.078125 0.2359375
0 0.4296875 0.34453125 0.0328125 0.059375
0 0.415625 0.45703125 0.0421875 0.0390625
0 0.32734375 0.3296875 0.0421875 0.0421875
0 0.28359375 0.309375 0.0671875 0.0609375
0 0.3546875 0.46484375 0.028125 0.0328125
0 0.40703125 0.5265625 0.053125 0.0796875
0 0.31171875 0.17109375 0.05 0.0953125
0 0.42421875 0.39609375 0.046875 0.05625
0 0.33828125 0.903125 0.040625 0.071875
0 0.3703125 0.51875 0.0359375 0.03125
0 0.378125 0.55625 0.0359375 0.0328125
0 0.3203125 0.0484375 0.05 0.0390625
0 0.33203125 0.0890625 0.025 0.0421875
0 0.8171875 0.89921875 0.040625 0.0375