0 0.56328125 0.53203125 0.2515625 0.1515625
0 0.4515625 0.6828125 0.0734375 0.1328125
0 0.35234375 0.6890625 0.1375 0.13125
0 0.60859375 0.8015625 0.08125 0.0921875
0 0.6546875 0.77890625 0.065625 0.1265625
0 0.7015625 0.78515625 0.08125 0.1046875
0 0.775 0.80859375 0.0625 0.096875
0 0.8734375 0.846875 0.1125 0.075
0 0.87109375 0.73203125 0.0875 0.0984375
0 0.7640625 0.63203125 0.10625 0.0828125
0 0.79921875 0.5453125 0.10625 0.0828125
0 0.74375 0.478125 0.0921875 0.0859375
0 0.68984375 0.40859375 0.1 0.071875
0 0.76171875 0.3015625 0.0859375 0.125
0 0.64609375 0.2828125 0.084375 0.1125
0 0.54140625 0.2546875 0.1234375 0.0734375
0 0.50390625 0.06796875 0.1328125 0.1359375