0 0.3625 0.32265625 0.15 0.25
0 0.4203125 0.57578125 0.14375 0.1109375
0 0.60234375 0.5015625 0.1140625 0.0828125
0 0.534375 0.18671875 0.1265625 0.20625
0 0.3515625 0.81171875 0.2515625 0.2453125
0 0.17109375 0.31171875 0.1515625 0.3078125
0 0.2359375 0.40078125 0.1 0.1125
0 0.7 0.203125 0.1015625 0.228125
0 0.8203125 0.17265625 0.1296875 0.184375
0 0.78125 0.2875 0.1140625 0.075
0 0.91875 0.22421875 0.1625 0.1546875
0 0.8953125 0.378125 0.121875 0.1
0 0.86640625 0.11796875 0.1140625 0.1265625
0 0.6140625 0.3390625 0.1203125 0.090625
0 0.50859375 0.31953125 0.0875 0.0953125
0 0.45234375 0.4515625 0.11875 0.15
0 0.609375 0.63359375 0.2 0.2078125
0 0.140625 0.7921875 0.2203125 0.2140625
0 0.278125 0.54609375 0.11875 0.1125
0 0.29140625 0.6609375 0.1078125 0.0921875
0 0.13828125 0.6421875 0.1578125 0.1078125
0 0.12578125 0.5234375 0.1671875 0.1203125