0 0.4921875 0.51796875 0.046875 0.1140625
0 0.55 0.46328125 0.05625 0.1
0 0.45234375 0.53046875 0.071875 0.09375
0 0.46171875 0.64140625 0.0484375 0.10625
0 0.40703125 0.5765625 0.0671875 0.09375
0 0.3828125 0.61640625 0.0734375 0.0625
0 0.4 0.67578125 0.071875 0.0703125
0 0.34140625 0.7125 0.046875 0.0796875
0 0.309375 0.65 0.046875 0.0921875
0 0.2546875 0.6421875 0.0625 0.065625
0 0.25234375 0.69765625 0.05 0.0578125
0 0.16875 0.71015625 0.065625 0.1015625
0 0.36484375 0.8453125 0.0515625 0.0625
0 0.37890625 0.7390625 0.0546875 0.0671875
0 0.1828125 0.821875 0.059375 0.0703125
0 0.12421875 0.790625 0.0421875 0.0671875
0 0.1203125 0.49140625 0.0640625 0.1015625
0 0.19609375 0.46640625 0.0453125 0.0703125
0 0.25234375 0.5296875 0.0578125 0.0828125
0 0.1875 0.53828125 0.05625 0.059375