0 0.58125 0.37421875 0.0953125 0.0890625
0 0.52265625 0.26640625 0.05625 0.1015625
0 0.4484375 0.50234375 0.046875 0.10625
0 0.35 0.5859375 0.0765625 0.1359375
0 0.5734375 0.81171875 0.1015625 0.0765625
0 0.778125 0.82578125 0.0703125 0.084375
0 0.725 0.27734375 0.0640625 0.10625
0 0.4171875 0.4890625 0.040625 0.059375
0 0.178125 0.57109375 0.05625 0.06875
0 0.56484375 0.521875 0.0375 0.0671875
0 0.39296875 0.2015625 0.046875 0.08125
0 0.246875 0.31796875 0.03125 0.0625
0 0.0921875 0.29296875 0.0421875 0.06875
0 0.79609375 0.5671875 0.0390625 0.0390625
0 0.490625 0.64140625 0.034375 0.071875
0 0.68984375 0.65078125 0.046875 0.0359375
0 0.890625 0.5125 0.040625 0.0359375
0 0.625 0.66953125 0.04375 0.034375
0 0.22890625 0.48125 0.0390625 0.0609375
0 0.31796875 0.4859375 0.0390625 0.046875
0 0.1375 0.63671875 0.0421875 0.046875
0 0.553125 0.6015625 0.0359375 0.05625
0 0.49140625 0.51796875 0.053125 0.0484375
0 0.81484375 0.1640625 0.0359375 0.0375
0 0.2421875 0.7609375 0.0578125 0.0625
0 0.2984375 0.0921875 0.034375 0.0515625
0 0.51171875 0.7046875 0.0390625 0.0546875
0 0.7359375 0.6109375 0.0265625 0.04375
0 0.68359375 0.5203125 0.0296875 0.0421875
0 0.17734375 0.4921875 0.034375 0.0515625
0 0.35625 0.515625 0.05 0.0421875
0 0.0796875 0.67421875 0.028125 0.0515625
0 0.14140625 0.20625 0.0375 0.0421875
0 0.23828125 0.68515625 0.046875 0.0546875
0 0.54140625 0.0296875 0.0421875 0.059375
0 0.7359375 0.45390625 0.0640625 0.0484375
0 0.571875 0.7171875 0.05625 0.0515625
0 0.41015625 0.80078125 0.0328125 0.03125
0 0.9046875 0.34375 0.028125 0.0328125
0 0.3 0.6484375 0.0265625 0.0484375
0 0.246875 0.94609375 0.0328125 0.03125