0 0.70078125 0.49453125 0.1015625 0.1125
0 0.60234375 0.4796875 0.075 0.0890625
0 0.4625 0.4390625 0.096875 0.103125
0 0.38203125 0.46015625 0.071875 0.10625
0 0.32734375 0.50546875 0.08125 0.0921875
0 0.25546875 0.5640625 0.0796875 0.1109375
0 0.18984375 0.60703125 0.0921875 0.1125
0 0.11875 0.6578125 0.1109375 0.1484375
0 0.08828125 0.546875 0.065625 0.06875
0 0.21015625 0.51640625 0.0578125 0.059375
0 0.47890625 0.54921875 0.078125 0.096875
0 0.85390625 0.5 0.103125 0.109375
0 0.94609375 0.45390625 0.1015625 0.10625
0 0.70234375 0.4203125 0.05 0.040625
0 0.6375 0.4203125 0.0515625 0.046875
0 0.1484375 0.525 0.065625 0.046875
0 0.89296875 0.4015625 0.0546875 0.040625
0 0.753125 0.390625 0.06875 0.0578125
0 0.2671875 0.4796875 0.06875 0.0609375
0 0.053125 0.671875 0.0625 0.0890625
0 0.57421875 0.39609375 0.0578125 0.0578125
0 0.96015625 0.38203125 0.0578125 0.046875