0 0.61484375 0.5125 0.125 0.25625
0 0.715625 0.409375 0.06875 0.1734375
0 0.79765625 0.2546875 0.084375 0.2
0 0.48515625 0.3921875 0.121875 0.3171875
0 0.31171875 0.2609375 0.078125 0.225
0 0.31484375 0.46796875 0.0609375 0.1828125
0 0.3046875 0.675 0.090625 0.2515625
0 0.39453125 0.740625 0.0546875 0.153125
0 0.46328125 0.6390625 0.1171875 0.10625
0 0.55546875 0.73515625 0.1328125 0.103125
0 0.49140625 0.84453125 0.0921875 0.140625
0 0.25078125 0.85703125 0.065625 0.1890625
0 0.7421875 0.86328125 0.0765625 0.240625
0 0.83125 0.71953125 0.0828125 0.190625
0 0.88671875 0.60078125 0.0515625 0.15625
0 0.92578125 0.82578125 0.0984375 0.1609375
0 0.815625 0.9078125 0.0625 0.159375
0 0.6609375 0.86953125 0.0625 0.1625
0 0.65625 0.9609375 0.10625 0.0671875
0 0.42109375 0.4375 0.0578125 0.1453125