0 0.6953125 0.528125 0.075 0.1046875
0 0.37890625 0.378125 0.1125 0.0796875
0 0.42421875 0.26171875 0.1015625 0.0796875
0 0.33671875 0.16015625 0.1265625 0.0828125
0 0.42109375 0.12421875 0.11875 0.096875
0 0.50546875 0.109375 0.115625 0.128125
0 0.94609375 0.2609375 0.1078125 0.103125
0 0.40078125 0.496875 0.0921875 0.08125
0 0.3515625 0.2265625 0.071875 0.0578125
0 0.81953125 0.37890625 0.0484375 0.0671875
0 0.72421875 0.471875 0.0359375 0.0546875
0 0.971875 0.44140625 0.05625 0.0484375
0 0.48828125 0.471875 0.0546875 0.0609375
0 0.3640625 0.32421875 0.046875 0.04375
0 0.30390625 0.5390625 0.06875 0.04375
0 0.9171875 0.34609375 0.0453125 0.059375
0 0.3046875 0.4546875 0.075 0.0421875
0 0.9015625 0.403125 0.059375 0.0765625
0 0.30703125 0.590625 0.078125 0.0625
0 0.7875 0.4375 0.046875 0.06875
0 0.26953125 0.8234375 0.0453125 0.034375
0 0.3375 0.39375 0.0375 0.0515625
0 0.36328125 0.67265625 0.05625 0.0359375
0 0.77734375 0.534375 0.0453125 0.04375
0 0.478125 0.528125 0.05 0.0375
0 0.31328125 0.07890625 0.109375 0.0859375
0 0.4765625 0.7453125 0.0453125 0.0515625
0 0.50546875 0.425 0.0484375 0.046875