0 0.50859375 0.47578125 0.078125 0.159375
0 0.55546875 0.3875 0.1046875 0.146875
0 0.54921875 0.54296875 0.0703125 0.1515625
0 0.64375 0.465625 0.0890625 0.14375
0 0.6125 0.5765625 0.1 0.159375
0 0.6078125 0.7453125 0.09375 0.15
0 0.65859375 0.85625 0.0859375 0.14375
0 0.59140625 0.89375 0.0703125 0.153125
0 0.5078125 0.86796875 0.059375 0.1078125
0 0.43203125 0.64375 0.0734375 0.15
0 0.33671875 0.55703125 0.0640625 0.1453125
0 0.3671875 0.690625 0.09375 0.1625
0 0.37734375 0.796875 0.0578125 0.103125
0 0.425 0.8171875 0.059375 0.090625