0 0.33984375 0.65625 0.15 0.25
0 0.43125 0.4140625 0.14375 0.1109375
0 0.6015625 0.5125 0.1140625 0.0828125
0 0.490625 0.81484375 0.1265625 0.20625
0 0.39609375 0.17109375 0.2515625 0.2453125
0 0.14765625 0.640625 0.1515625 0.3078125
0 0.225 0.56171875 0.1 0.1125
0 0.65703125 0.821875 0.1015625 0.228125
0 0.771875 0.86875 0.1296875 0.184375
0 0.74921875 0.74921875 0.1140625 0.075
0 0.878125 0.83125 0.165625 0.1546875
0 0.87421875 0.67578125 0.121875 0.1
0 0.81015625 0.9296875 0.1140625 0.1265625
0 0.590625 0.67578125 0.1203125 0.090625
0 0.48359375 0.6796875 0.0875 0.0953125
0 0.44609375 0.54140625 0.11875 0.15
0 0.62734375 0.3828125 0.2 0.2078125
0 0.184375 0.1609375 0.2203125 0.2140625
0 0.28671875 0.4234375 0.11875 0.1125
0 0.315625 0.31171875 0.1078125 0.0921875
0 0.16171875 0.30859375 0.1578125 0.1078125
0 0.1328125 0.425 0.1671875 0.1203125