0 0.34375 0.6671875 0.1671875 0.1421875
0 0.44296875 0.5859375 0.0609375 0.1
0 0.4875 0.65859375 0.05625 0.084375
0 0.5421875 0.6453125 0.046875 0.0703125
0 0.546875 0.734375 0.0546875 0.0921875
0 0.52109375 0.78984375 0.0578125 0.0859375
0 0.40234375 0.7765625 0.0859375 0.109375
0 0.096875 0.64765625 0.10625 0.125
0 0.040625 0.5515625 0.08125 0.090625
0 0.4875 0.3328125 0.125 0.1015625
0 0.76796875 0.53046875 0.0546875 0.1
0 0.70234375 0.52109375 0.0890625 0.084375
0 0.8921875 0.51171875 0.09375 0.1265625
0 0.79765625 0.4421875 0.0765625 0.1078125
0 0.8015625 0.3234375 0.0984375 0.1078125
0 0.88046875 0.30703125 0.0890625 0.09375
0 0.571875 0.28984375 0.0734375 0.078125
0 0.38046875 0.47734375 0.065625 0.1109375