0 0.3625 0.67734375 0.15 0.25
0 0.4203125 0.42421875 0.14375 0.1109375
0 0.60234375 0.4984375 0.1140625 0.0828125
0 0.534375 0.81328125 0.1265625 0.20625
0 0.3515625 0.18828125 0.2515625 0.2453125
0 0.17109375 0.68828125 0.1515625 0.3078125
0 0.2359375 0.59921875 0.1 0.1125
0 0.7 0.796875 0.1015625 0.228125
0 0.8203125 0.82734375 0.1296875 0.184375
0 0.78125 0.7125 0.1140625 0.075
0 0.91875 0.77421875 0.1625 0.1546875
0 0.8953125 0.621875 0.121875 0.1
0 0.86640625 0.88203125 0.1140625 0.1265625
0 0.6140625 0.6609375 0.1203125 0.090625
0 0.50859375 0.68046875 0.0875 0.0953125
0 0.45234375 0.5484375 0.11875 0.15
0 0.609375 0.36640625 0.2 0.2078125
0 0.140625 0.2078125 0.2203125 0.2140625
0 0.278125 0.45390625 0.11875 0.1125
0 0.29140625 0.3390625 0.1078125 0.0921875
0 0.13828125 0.3578125 0.1578125 0.1078125
0 0.12578125 0.4765625 0.1671875 0.1203125