0 0.346875 0.43046875 0.19375 0.1125
0 0.51640625 0.3203125 0.115625 0.071875
0 0.90234375 0.27421875 0.1140625 0.0640625
0 0.55234375 0.809375 0.1625 0.13125
0 0.446875 0.71171875 0.1375 0.053125
0 0.353125 0.78828125 0.128125 0.0703125
0 0.27109375 0.8265625 0.1171875 0.06875
0 0.3328125 0.5828125 0.140625 0.096875
0 0.659375 0.434375 0.1203125 0.096875
0 0.8703125 0.378125 0.109375 0.090625
0 0.5953125 0.1359375 0.1171875 0.103125
0 0.415625 0.665625 0.0671875 0.040625
0 0.5375 0.50625 0.075 0.06484375
0 0.2546875 0.9625 0.06875 0.05859375
0 0.95859375 0.3953125 0.0828125 0.0578125
0 0.3609375 0.11015625 0.08203125 0.05390625
0 0.4328125 0.35 0.05 0.05078125
0 0.33125 0.19765625 0.0890625 0.08203125
0 0.025 0.503125 0.04921875 0.06328125
0 0.33046875 0.6984375 0.06953125 0.05859375
0 0.1625 0.1046875 0.04921875 0.05078125
0 0.51875 0.134375 0.06015625 0.05390625
0 0.18046875 0.5796875 0.06328125 0.0734375
0 0.9453125 0.7625 0.0796875 0.07265625
0 0.16953125 0.665625 0.06640625 0.0859375
0 0.0609375 0.21796875 0.0640625 0.053125
0 0.6984375 0.128125 0.05546875 0.0484375
0 0.1140625 0.52421875 0.0515625 0.04453125
0 0.8125 0.70859375 0.12890625 0.0703125
0 0.13671875 0.803125 0.04921875 0.065625
0 0.3734375 0.0390625 0.06796875 0.0703125
0 0.92890625 0.16015625 0.09140625 0.05859375
0 0.0796875 0.1453125 0.08046875 0.0546875
0 0.3125 0.31875 0.0609375 0.06171875
0 0.925 0.9546875 0.05625 0.06015625
0 0.28828125 0.8921875 0.04921875 0.03203125
0 0.815625 0.79375 0.125 0.07421875