0 0.41328125 0.309375 0.1625 0.1796875
0 0.48984375 0.46953125 0.15 0.19375
0 0.58984375 0.378125 0.1390625 0.159375
0 0.575 0.46015625 0.1453125 0.1875
0 0.68203125 0.53515625 0.1328125 0.1484375
0 0.778125 0.6484375 0.1234375 0.1640625
0 0.65625 0.64765625 0.121875 0.1703125
0 0.55234375 0.55859375 0.1296875 0.16875
0 0.48359375 0.69375 0.128125 0.18125
0 0.6453125 0.78125 0.146875 0.1703125
0 0.7609375 0.78125 0.13125 0.2046875
0 0.9484375 0.77265625 0.103125 0.1546875
0 0.8875 0.878125 0.203125 0.15
0 0.33671875 0.50390625 0.1375 0.23125
0 0.23671875 0.31484375 0.153125 0.1890625
0 0.13125 0.36328125 0.1953125 0.1859375
0 0.09296875 0.20859375 0.16875 0.159375
0 0.18359375 0.12109375 0.15 0.1390625
0 0.28671875 0.63359375 0.1109375 0.2125