0 0.4375 0.465625 0.246875 0.14375
0 0.5546875 0.31875 0.06875 0.13125
0 0.65390625 0.31640625 0.1328125 0.1265625
0 0.40234375 0.19453125 0.078125 0.0890625
0 0.35546875 0.215625 0.0609375 0.125
0 0.30859375 0.2078125 0.078125 0.1015625
0 0.2359375 0.18203125 0.059375 0.0953125
0 0.1390625 0.140625 0.109375 0.071875
0 0.1375 0.25546875 0.084375 0.0953125
0 0.240625 0.35859375 0.103125 0.0796875
0 0.20234375 0.44453125 0.103125 0.0796875
0 0.25546875 0.51328125 0.0890625 0.0828125
0 0.30703125 0.584375 0.0984375 0.06875
0 0.23125 0.6890625 0.08125 0.121875
0 0.34609375 0.71171875 0.08125 0.109375
0 0.45 0.74375 0.121875 0.06875
0 0.48125 0.93125 0.128125 0.13125