0 0.453125 0.5453125 0.159375 0.2484375
0 0.325 0.41875 0.13125 0.0796875
0 0.33203125 0.32421875 0.134375 0.1390625
0 0.190625 0.5515625 0.09375 0.0828125
0 0.20625 0.59765625 0.1265625 0.071875
0 0.19453125 0.6421875 0.1046875 0.084375
0 0.1625 0.70859375 0.096875 0.0671875
0 0.1140625 0.79609375 0.0796875 0.1125
0 0.22265625 0.809375 0.0984375 0.090625
0 0.33046875 0.72109375 0.0859375 0.1078125
0 0.409375 0.7671875 0.0875 0.10625
0 0.4796875 0.7234375 0.0875 0.0921875
0 0.55234375 0.68046875 0.0765625 0.1
0 0.64453125 0.7640625 0.125 0.090625
0 0.67734375 0.65703125 0.1125 0.0890625
0 0.71796875 0.5609375 0.078125 0.1234375
0 0.89921875 0.55 0.1375 0.1359375