0 0.36171875 0.51796875 0.0578125 0.0953125
0 0.375 0.4390625 0.05 0.0703125
0 0.34609375 0.29921875 0.0484375 0.0859375
0 0.2640625 0.2921875 0.05625 0.096875
0 0.4890625 0.48984375 0.0671875 0.075
0 0.7234375 0.7203125 0.078125 0.078125
0 0.78828125 0.76875 0.0515625 0.078125
0 0.5421875 0.56171875 0.04140625 0.065625
0 0.52421875 0.45390625 0.0296875 0.0765625
0 0.6703125 0.596875 0.04375 0.07265625
0 0.21796875 0.25859375 0.04921875 0.04609375
0 0.42265625 0.39765625 0.028125 0.05625
0 0.45 0.4109375 0.02265625 0.0453125
0 0.39765625 0.365625 0.02890625 0.05859375
0 0.38671875 0.28203125 0.034375 0.0296875
0 0.41484375 0.259375 0.0328125 0.04765625
0 0.41953125 0.30703125 0.02421875 0.0421875
0 0.5828125 0.59375 0.03359375 0.05625
0 0.6359375 0.55234375 0.03203125 0.059375
0 0.6640625 0.5296875 0.03046875 0.06640625
0 0.6703125 0.7140625 0.0515625 0.05546875
0 0.83515625 0.740625 0.04296875 0.0828125
0 0.67265625 0.66328125 0.0390625 0.05390625
0 0.49375 0.6125 0.04765625 0.053125