0 0.3375 0.54453125 0.209375 0.1421875
0 0.48828125 0.6796875 0.125 0.0890625
0 0.86171875 0.7859375 0.1234375 0.08125
0 0.6 0.20234375 0.18125 0.1546875
0 0.48046875 0.2828125 0.14375 0.0734375
0 0.4 0.1921875 0.1375 0.0890625
0 0.325 0.14140625 0.1265625 0.0859375
0 0.34765625 0.3921875 0.1546875 0.1171875
0 0.646875 0.58984375 0.134375 0.1140625
0 0.846875 0.678125 0.121875 0.10625
0 0.5375 0.87421875 0.13125 0.1203125
0 0.9359375 0.6765625 0.090625 0.06875
0 0.4421875 0.325 0.075 0.05
0 0.19765625 0.3734375 0.075 0.0828125
0 0.36328125 0.28046875 0.0828125 0.06875
0 0.2859375 0.77421875 0.1015625 0.096875
0 0.328125 0.02109375 0.084375 0.0421875
0 0.87109375 0.90546875 0.1 0.0734375
0 0.03203125 0.42421875 0.059375 0.071875
0 0.64140625 0.903125 0.0703125 0.059375
0 0.53828125 0.5046875 0.090625 0.078125
0 0.96484375 0.3078125 0.0703125 0.0875
0 0.2875 0.653125 0.0703125 0.071875
0 0.19140625 0.14453125 0.0625 0.075
0 0.3015625 0.86640625 0.0953125 0.06875
0 0.028125 0.7125 0.05625 0.0625
0 0.840625 0.35 0.14375 0.0921875
0 0.97890625 0.1171875 0.0421875 0.06875
0 0.59140625 0.03046875 0.096875 0.05625
0 0.14765625 0.08828125 0.1 0.065625