0 0.4222005203125 0.6328125 0.510091146875 0.6699218765625 0.5458984359375 0.671875 0.609375 0.6611328125 0.5963541671875 0.6240234375 0.510091146875 0.5703125 0.3863932296875 0.5566406234375 0.357096353125 0.5878906234375 0.4042968734375 0.6083984375 0.4222005203125 0.6328125
0 0.5393880203125 0.734375 0.5849609359375 0.75 0.6370442703125 0.75 0.66796875 0.7392578125 0.650065103125 0.7109375 0.5231119796875 0.6875 0.5019531265625 0.6923828125 0.4970703140625 0.71875 0.510091146875 0.734375 0.5393880203125 0.734375
0 0.8339843734375 0.8388671875 0.8144531265625 0.8037109375 0.7770182296875 0.7890625 0.6565755203125 0.7675781234375 0.6370442703125 0.7949218765625 0.6598307296875 0.8125 0.7347005203125 0.8417968765625 0.806315103125 0.8457031234375 0.8339843734375 0.8388671875
0 0.6207682296875 0.54296875 0.6728515640625 0.5449218765625 0.7330729171875 0.5244140625 0.765625 0.4794921875 0.708658853125 0.4355468765625 0.6435546859375 0.43359375 0.4645182296875 0.4707031234375 0.45149739687499996 0.5 0.4677734359375 0.515625 0.6207682296875 0.54296875
0 0.6337890640625 0.32421875 0.6533203140625 0.3496093765625 0.763997396875 0.35546875 0.822591146875 0.3378906234375 0.8567708328125001 0.3115234375 0.825846353125 0.2910156234375 0.7932942703125 0.28515625 0.7021484359375 0.2988281234375 0.6728515640625 0.3105468765625 0.6402994796875 0.3105468765625 0.6337890640625 0.32421875
0 0.62890625 0.3056640625 0.588216146875 0.2890625 0.5035807296875 0.29296875 0.45638020625 0.3076171875 0.4482421859375 0.3359375 0.4677734359375 0.34375 0.5556640640625 0.3417968765625 0.6044921859375 0.328125 0.62890625 0.3056640625
0 0.3082682296875 0.3378906234375 0.43522135312500004 0.33984375 0.45638020625 0.3115234375 0.376627603125 0.2753906234375 0.3115234359375 0.2578125 0.2431640640625 0.265625 0.21223958281250002 0.2802734375 0.20735677031250002 0.2949218765625 0.2529296859375 0.32421875 0.3082682296875 0.3378906234375
0 0.1943359359375 0.3613281234375 0.1878255203125 0.3886718765625 0.20735677031250002 0.40234375 0.275716146875 0.41015625 0.3277994796875 0.3984375 0.33919270625000003 0.3857421875 0.3115234359375 0.3691406234375 0.1943359359375 0.3613281234375
0 0.3473307296875 0.515625 0.4010416671875 0.5048828125 0.4140625 0.4560546875 0.392903646875 0.4042968765625 0.3457031265625 0.4013671875 0.3457031265625 0.4111328125 0.319661459375 0.4267578125 0.3115234359375 0.45703125 0.31640625 0.4873046875 0.3473307296875 0.515625
0 0.235026040625 0.5009765625 0.2138671859375 0.5488281234375 0.2480468734375 0.6044921875 0.3017578140625 0.6113281234375 0.313151040625 0.5361328125 0.3066406265625 0.5126953125 0.2724609359375 0.4824218765625 0.235026040625 0.5009765625
0 0.22526041718749998 0.4990234375 0.1487630203125 0.4453125 0.11621093593750001 0.4355468765625 0.09179687343750001 0.4462890625 0.08691406406249999 0.4609375 0.12109375 0.4931640625 0.1845703140625 0.5234375 0.22200520625000003 0.5068359375 0.22526041718749998 0.4990234375
0 0.1682942703125 0.2675781234375 0.2236328140625 0.2558593765625 0.24479166718749998 0.2431640625 0.24479166718749998 0.2275390625 0.2138671859375 0.2089843765625 0.15852864687499998 0.2089843765625 0.07063802031250001 0.22265625 0.0576171859375 0.25 0.10319010312500002 0.2636718765625 0.1682942703125 0.2675781234375
0 0.2480468734375 0.7451171875 0.23177083281250002 0.7177734375 0.1650390640625 0.6953125 0.018554685937500003 0.6953125 0.008789064062500001 0.7265625 0.11621093593750001 0.76171875 0.1943359359375 0.7636718765625 0.23014322968749998 0.7578125 0.2480468734375 0.7451171875
0 0.3619791671875 0.8056640625 0.3408203140625 0.7871093765625 0.295247396875 0.78515625 0.17805989687499998 0.828125 0.1748046859375 0.8378906234375 0.19759114687499998 0.8613281234375 0.2626953140625 0.8535156234375 0.3277994796875 0.83203125 0.3619791671875 0.8056640625
0 0.45149739687499996 0.89453125 0.4628906265625 0.8720703125 0.43522135312500004 0.859375 0.314778646875 0.8691406234375 0.3082682296875 0.9003906234375 0.4059244796875 0.90625 0.45149739687499996 0.89453125
0 0.1520182296875 0.9609375 0.19596354062500002 0.9365234375 0.23828125 0.8876953125 0.1878255203125 0.8671875 0.1682942703125 0.8828125 0.1080729171875 0.9013671875 0.085286459375 0.9208984375 0.080403646875 0.9472656234375 0.09667968593750001 0.9609375 0.1520182296875 0.9609375
0 0.16015625 0.8017578125 0.16015625 0.7900390625 0.11946614687499998 0.7734375 0.008789064062500001 0.78125 0.002278646875 0.8300781234375 0.038085935937499996 0.8183593765625 0.09342447968749999 0.8203125 0.1324869796875 0.8125 0.16015625 0.8017578125
0 0.13899739687499998 0.67578125 0.17805989687499998 0.67578125 0.20572916718749998 0.6630859375 0.1878255203125 0.640625 0.14225260312500002 0.6269531234375 0.07714843593750001 0.6269531234375 0.05110677031250001 0.6191406234375 0.044596353125 0.6386718765625 0.07389322968749999 0.65625 0.13899739687499998 0.67578125
0 0.002278646875 0.6855468765625 0.0283203140625 0.69140625 0.06575520625 0.6767578125 0.012044270312499999 0.5878906234375 0.000651040625 0.5966796875 0.002278646875 0.6855468765625