0 0.5640625 0.36875 0.1671875 0.215625
0 0.6234375 0.45625 0.10625 0.215625
0 0.84609375 0.371875 0.1890625 0.1609375
0 0.75078125 0.5359375 0.0671875 0.125
0 0.725 0.434375 0.05625 0.08125
0 0.421875 0.6375 0.140625 0.1765625
0 0.27734375 0.73203125 0.115625 0.1546875
0 0.3078125 0.6078125 0.109375 0.140625
0 0.3421875 0.49453125 0.134375 0.1328125
0 0.28515625 0.4015625 0.115625 0.125
0 0.171875 0.65 0.115625 0.1609375
0 0.646875 0.16484375 0.134375 0.203125
0 0.8734375 0.1578125 0.1265625 0.096875