0 0.41484375 0.60390625 0.15625 0.1078125
0 0.26484375 0.6578125 0.175 0.1015625
0 0.6546875 0.5671875 0.1390625 0.0953125
0 0.5765625 0.53125 0.15 0.1203125
0 0.5625 0.45859375 0.1953125 0.0890625
0 0.409375 0.4125 0.1703125 0.0921875
0 0.27890625 0.390625 0.15 0.1078125
0 0.29609375 0.4671875 0.134375 0.08125
0 0.203125 0.57578125 0.1390625 0.08125
0 0.8375 0.6171875 0.1359375 0.0890625
0 0.853125 0.48515625 0.125 0.0765625
0 0.85078125 0.43046875 0.121875 0.0796875
0 0.7546875 0.4828125 0.1703125 0.1265625
0 0.78359375 0.346875 0.0921875 0.090625
0 0.2296875 0.51015625 0.0984375 0.078125
0 0.8359375 0.54296875 0.1203125 0.06875
0 0.184375 0.425 0.1078125 0.0734375
0 0.04921875 0.5484375 0.0984375 0.071875
0 0.4640625 0.5296875 0.1265625 0.0734375
0 0.72734375 0.37421875 0.075 0.0421875
0 0.9046875 0.3375 0.103125 0.0734375
0 0.97734375 0.59921875 0.0453125 0.0703125
0 0.1 0.29609375 0.084375 0.05625
0 0.4359375 0.45 0.0875 0.05625
0 0.540625 0.403125 0.0640625 0.0625
0 0.94453125 0.42109375 0.103125 0.0625
0 0.05078125 0.46015625 0.1015625 0.0828125
0 0.8453125 0.26328125 0.1203125 0.0640625
0 0.58984375 0.62578125 0.10625 0.0625
0 0.41640625 0.37109375 0.1328125 0.071875