0 0.5453125 0.5546875 0.1875 0.2703125
0 0.6671875 0.41171875 0.1421875 0.0921875
0 0.65078125 0.3140625 0.15 0.1546875
0 0.81875 0.5375 0.1015625 0.09375
0 0.80703125 0.5875 0.134375 0.084375
0 0.8234375 0.63203125 0.1140625 0.0953125
0 0.8625 0.6984375 0.1046875 0.0765625
0 0.921875 0.7859375 0.0921875 0.1203125
0 0.809375 0.809375 0.109375 0.1015625
0 0.68828125 0.72734375 0.0984375 0.1171875
0 0.6109375 0.78125 0.0984375 0.1171875
0 0.53359375 0.7421875 0.0984375 0.103125
0 0.45390625 0.70546875 0.0859375 0.109375
0 0.365625 0.8 0.134375 0.103125
0 0.321875 0.69140625 0.1234375 0.1
0 0.2703125 0.5953125 0.090625 0.1328125
0 0.08046875 0.60078125 0.153125 0.1515625