0 0.79375 0.6234375 0.1078125 0.1
0 0.69609375 0.5609375 0.075 0.078125
0 0.61328125 0.503125 0.0828125 0.06875
0 0.6765625 0.52421875 0.0625 0.06875
0 0.75078125 0.55390625 0.0703125 0.0859375
0 0.72578125 0.6625 0.0765625 0.071875
0 0.56484375 0.4546875 0.03671875 0.03125
0 0.55 0.6421875 0.05 0.03828125
0 0.3296875 0.365625 0.03671875 0.04765625
0 0.6234375 0.41953125 0.025 0.03203125
0 0.47578125 0.6453125 0.03671875 0.03046875
0 0.5734375 0.3921875 0.02890625 0.02421875
0 0.47890625 0.371875 0.03984375 0.03125
0 0.62109375 0.38515625 0.0234375 0.02734375
0 0.29609375 0.4125 0.0359375 0.03671875
0 0.478125 0.425 0.0359375 0.02890625