0 0.5765625 0.61015625 0.09375 0.15
0 0.58671875 0.76953125 0.0859375 0.1703125
0 0.60703125 0.36953125 0.0828125 0.134375
0 0.5515625 0.434375 0.1078125 0.1421875
0 0.47734375 0.428125 0.0703125 0.19375
0 0.390625 0.56328125 0.0765625 0.165625
0 0.334375 0.68203125 0.09375 0.1421875
0 0.4125 0.68671875 0.06875 0.1296875
0 0.49140625 0.80703125 0.06875 0.134375
0 0.70625 0.20859375 0.078125 0.1296875
0 0.58359375 0.15703125 0.065625 0.1203125
0 0.5296875 0.14375 0.06875 0.1171875
0 0.55390625 0.25078125 0.1109375 0.1625
0 0.43125 0.18515625 0.0828125 0.0859375