0 0.45234375 0.36171875 0.1921875 0.234375
0 0.3828125 0.44140625 0.13125 0.2265625
0 0.171875 0.33046875 0.2078125 0.1828125
0 0.246875 0.50546875 0.08125 0.1328125
0 0.284375 0.4078125 0.065625 0.0875
0 0.5609375 0.64609375 0.1609375 0.1921875
0 0.69296875 0.7578125 0.134375 0.1671875
0 0.67734375 0.63046875 0.125 0.153125
0 0.65703125 0.5140625 0.15 0.1484375
0 0.725 0.428125 0.1296875 0.1375
0 0.80703125 0.6890625 0.134375 0.1734375
0 0.3953125 0.14921875 0.1578125 0.21875
0 0.17109375 0.11484375 0.1375 0.1109375