0 0.61640625 0.37265625 0.19375 0.20625
0 0.76796875 0.36640625 0.15 0.165625
0 0.89765625 0.48984375 0.165625 0.1546875
0 0.7296875 0.51484375 0.1390625 0.2734375
0 0.84296875 0.60546875 0.1359375 0.14375
0 0.70390625 0.6671875 0.165625 0.1546875
0 0.71796875 0.7734375 0.184375 0.2171875
0 0.625 0.85390625 0.1671875 0.1625
0 0.5265625 0.78515625 0.1265625 0.121875
0 0.6078125 0.69140625 0.1453125 0.1640625
0 0.59140625 0.56015625 0.184375 0.1546875
0 0.434375 0.5296875 0.240625 0.2640625
0 0.36640625 0.325 0.3 0.25625
0 0.16328125 0.57109375 0.1796875 0.2171875
0 0.28125 0.88046875 0.2046875 0.2015625
0 0.1453125 0.78671875 0.1828125 0.16875
0 0.05546875 0.3125 0.1109375 0.275
0 0.04375 0.5875 0.0875 0.165625
0 0.85703125 0.06328125 0.1203125 0.1265625
0 0.959375 0.65625 0.08125 0.234375