0 0.61171875 0.65703125 0.1171875 0.14375
0 0.78984375 0.54375 0.096875 0.1265625
0 0.89296875 0.41171875 0.06875 0.1203125
0 0.96796875 0.4609375 0.0640625 0.159375
0 0.9625 0.2578125 0.075 0.109375
0 0.82265625 0.35234375 0.096875 0.1296875
0 0.2140625 0.36328125 0.109375 0.1640625
0 0.41015625 0.34140625 0.0828125 0.13125
0 0.52578125 0.115625 0.1234375 0.146875
0 0.7859375 0.128125 0.146875 0.1875
0 0.221875 0.1921875 0.103125 0.1234375
0 0.08359375 0.375 0.0859375 0.1453125
0 0.0953125 0.5375 0.0953125 0.16875
0 0.125 0.7 0.0921875 0.18125
0 0.15 0.83046875 0.09375 0.159375
0 0.23359375 0.82265625 0.090625 0.1109375
0 0.32734375 0.95 0.0859375 0.065625
0 0.34765625 0.8 0.159375 0.1859375
0 0.634375 0.9640625 0.084375 0.071875
0 0.778125 0.8921875 0.1078125 0.11875
0 0.81953125 0.97734375 0.1015625 0.0453125
0 0.81171875 0.75625 0.1078125 0.1234375
0 0.67421875 0.49140625 0.103125 0.1296875
0 0.11640625 0.025 0.0859375 0.05
0 0.0828125 0.16875 0.084375 0.1421875
0 0.02734375 0.4515625 0.0546875 0.1
0 0.02578125 0.6171875 0.0515625 0.096875