0 0.37890625 0.55859375 0.159375 0.1140625
0 0.2203125 0.54375 0.1765625 0.109375
0 0.61171875 0.62578125 0.1421875 0.1
0 0.55625 0.5609375 0.153125 0.1265625
0 0.57421875 0.4890625 0.196875 0.0984375
0 0.4546875 0.38203125 0.171875 0.1
0 0.34609375 0.3078125 0.1515625 0.1125
0 0.32890625 0.384375 0.1359375 0.0859375
0 0.1984375 0.44296875 0.1390625 0.0875
0 0.75625 0.74921875 0.1375 0.0953125
0 0.82578125 0.6359375 0.1265625 0.0828125
0 0.84765625 0.58515625 0.1234375 0.084375
0 0.7375 0.5921875 0.1734375 0.1328125
0 0.821875 0.48125 0.0953125 0.09375
0 0.7828125 0.6828125 0.121875 0.0734375
0 0.45234375 0.51328125 0.13125 0.08125
0 0.24921875 0.39609375 0.1 0.08125
0 0.2453125 0.3015625 0.1109375 0.0796875
0 0.06796875 0.35625 0.103125 0.0765625
0 0.93359375 0.52578125 0.1078125 0.078125
0 0.903125 0.79921875 0.0859375 0.0765625
0 0.66796875 0.68828125 0.0890625 0.084375
0 0.7578125 0.4828125 0.0765625 0.0453125
0 0.93515625 0.6171875 0.10625 0.0671875
0 0.46015625 0.42890625 0.090625 0.0609375
0 0.57578125 0.43046875 0.0671875 0.065625
0 0.10546875 0.2734375 0.109375 0.0890625
0 0.221875 0.1484375 0.0859375 0.059375
0 0.915625 0.746875 0.0796875 0.053125
0 0.47578125 0.34921875 0.1390625 0.0796875
0 0.91328125 0.43203125 0.128125 0.071875
0 0.31171875 0.18515625 0.1046875 0.059375
0 0.5265625 0.65234375 0.1046875 0.065625
0 0.30234375 0.45390625 0.0796875 0.0546875
0 0.09609375 0.40234375 0.0875 0.05625
0 0.1859375 0.49296875 0.0796875 0.0609375
0 0.63046875 0.43671875 0.078125 0.0578125
0 0.72421875 0.51953125 0.065625 0.053125
0 0.96484375 0.57734375 0.0703125 0.0765625
0 0.7671875 0.84453125 0.0765625 0.0515625
0 0.721875 0.33203125 0.0703125 0.0515625
0 0.5890625 0.696875 0.0609375 0.0625
0 0.83125 0.3265625 0.0890625 0.0546875
0 0.3890625 0.20390625 0.0765625 0.05625
0 0.03671875 0.434375 0.059375 0.05
0 0.34453125 0.425 0.075 0.0640625
0 0.48046875 0.603125 0.078125 0.05
0 0.43984375 0.6921875 0.05625 0.04375
0 0.640625 0.746875 0.0765625 0.0453125
0 0.16328125 0.315625 0.0625 0.0421875
0 0.8203125 0.828125 0.0609375 0.0453125