0 0.61640625 0.59375 0.0796875 0.0875
0 0.7296875 0.546875 0.096875 0.046875
0 0.503125 0.4484375 0.103125 0.0359375
0 0.43046875 0.3421875 0.1296875 0.0640625
0 0.18203125 0.540625 0.0671875 0.0953125
0 0.146875 0.7421875 0.078125 0.0625
0 0.69765625 0.746875 0.1015625 0.053125
0 0.471875 0.5609375 0.06875 0.03203125
0 0.68671875 0.58046875 0.0390625 0.021875
0 0.365625 0.721875 0.040625 0.02265625
0 0.5171875 0.628125 0.03046875 0.034375
0 0.29609375 0.4890625 0.0515625 0.034375
0 0.359375 0.475 0.071875 0.03046875
0 0.46171875 0.68046875 0.03828125 0.02578125
0 0.4625 0.1703125 0.065625 0.04921875
0 0.7484375 0.115625 0.0625 0.0359375
0 0.70703125 0.26484375 0.06328125 0.025
0 0.403125 0.78671875 0.0328125 0.034375
0 0.31875 0.60546875 0.02890625 0.0421875
0 0.48359375 0.4875 0.04375 0.04921875
0 0.271875 0.20234375 0.04296875 0.0234375
0 0.92890625 0.340625 0.05390625 0.02734375
0 0.33046875 0.671875 0.0296875 0.04375
0 0.37109375 0.4453125 0.0625 0.025
0 0.6984375 0.1140625 0.04765625 0.03125
0 0.828125 0.1734375 0.0421875 0.03359375
0 0.73828125 0.1828125 0.0328125 0.021875
0 0.39609375 0.540625 0.05078125 0.03125
0 0.5421875 0.1796875 0.04609375 0.03046875
0 0.44296875 0.21875 0.040625 0.0203125
0 0.5125 0.73046875 0.0640625 0.08125
0 0.35546875 0.31484375 0.04140625 0.02265625
0 0.34296875 0.21875 0.046875 0.0390625
0 0.37578125 0.284375 0.04921875 0.025
0 0.8078125 0.425 0.08125 0.0390625
0 0.546875 0.23125 0.05625 0.03359375
0 0.403125 0.121875 0.0421875 0.03828125
0 0.2890625 0.70625 0.040625 0.028125
0 0.67265625 0.496875 0.03359375 0.015625
0 0.28046875 0.546875 0.04765625 0.0546875