0 0.46953125 0.6546875 0.053125 0.078125
0 0.5 0.70625 0.04375 0.0671875
0 0.25390625 0.56484375 0.0421875 0.0609375
0 0.359375 0.434375 0.05 0.0609375
0 0.61171875 0.38515625 0.046875 0.0578125
0 0.77734375 0.63671875 0.046875 0.0828125
0 0.16796875 0.40859375 0.0359375 0.0265625
0 0.38125 0.3390625 0.0296875 0.021875
0 0.7640625 0.4875 0.05 0.0515625
0 0.22734375 0.465625 0.028125 0.0359375
0 0.1 0.565625 0.0375 0.0421875
0 0.60390625 0.265625 0.0234375 0.025
0 0.6265625 0.59375 0.028125 0.034375
0 0.91171875 0.3625 0.0296875 0.0484375
0 0.1953125 0.3765625 0.021875 0.0265625
0 0.51953125 0.43046875 0.0296875 0.025
0 0.17109375 0.4921875 0.025 0.0359375
0 0.5640625 0.44296875 0.0265625 0.03125
0 0.71015625 0.59921875 0.025 0.034375
0 0.45078125 0.51015625 0.0265625 0.025
0 0.690625 0.3703125 0.0203125 0.021875