0 0.64296875 0.5578125 0.1453125 0.09375
0 0.5984375 0.46875 0.140625 0.0953125
0 0.4796875 0.42890625 0.11875 0.096875
0 0.36953125 0.42734375 0.1140625 0.096875
0 0.25703125 0.371875 0.1234375 0.0859375
0 0.240625 0.41328125 0.1359375 0.0859375
0 0.38828125 0.49609375 0.13125 0.09375
0 0.44609375 0.553125 0.1109375 0.075
0 0.67109375 0.6625 0.11875 0.09375
0 0.7265625 0.534375 0.1296875 0.090625
0 0.75234375 0.5953125 0.10625 0.065625
0 0.50703125 0.521875 0.1046875 0.0703125
0 0.375 0.37890625 0.10625 0.071875
0 0.90234375 0.65625 0.1296875 0.075
0 0.54609375 0.58203125 0.1125 0.071875
0 0.3015625 0.46875 0.0984375 0.0734375
0 0.7765625 0.70390625 0.09375 0.06875
0 0.06953125 0.3390625 0.1015625 0.0640625
0 0.18359375 0.27578125 0.1 0.0609375
0 0.85703125 0.759375 0.1171875 0.0765625
0 0.2625 0.315625 0.103125 0.06875