0 0.259375 0.36328125 0.1890625 0.1203125
0 0.5734375 0.6109375 0.0921875 0.1234375
0 0.4703125 0.4171875 0.0734375 0.0828125
0 0.36796875 0.271875 0.103125 0.0984375
0 0.70703125 0.74375 0.140625 0.0765625
0 0.4859375 0.2921875 0.0421875 0.071875
0 0.35390625 0.084375 0.0421875 0.071875
0 0.68671875 0.44296875 0.08125 0.0625
0 0.590625 0.3125 0.0625 0.0546875
0 0.515625 0.66640625 0.065625 0.0609375
0 0.4828125 0.55 0.0546875 0.075
0 0.53671875 0.2703125 0.0671875 0.0453125
0 0.65546875 0.55 0.0953125 0.0671875
0 0.43671875 0.1703125 0.0421875 0.05625
0 0.5296875 0.1765625 0.075 0.0671875
0 0.56953125 0.36796875 0.059375 0.06875
0 0.603125 0.43046875 0.0734375 0.0546875
0 0.4765625 0.12890625 0.04375 0.0640625
0 0.55078125 0.72109375 0.059375 0.0625
0 0.38515625 0.13984375 0.0453125 0.065625
0 0.41015625 0.0890625 0.0421875 0.0625
0 0.59140625 0.78359375 0.0328125 0.0625
0 0.63046875 0.4984375 0.0796875 0.065625
0 0.49296875 0.2046875 0.0390625 0.05625