0 0.396875 0.5859375 0.14375 0.08125
0 0.2390625 0.61015625 0.1640625 0.071875
0 0.6390625 0.5953125 0.128125 0.071875
0 0.56953125 0.5453125 0.134375 0.096875
0 0.56953125 0.47109375 0.1890625 0.0546875
0 0.42734375 0.396875 0.1609375 0.0625
0 0.30390625 0.35078125 0.1359375 0.0828125
0 0.30625 0.42890625 0.125 0.0578125
0 0.19375 0.51796875 0.1296875 0.0578125
0 0.80859375 0.6796875 0.125 0.0671875
0 0.84921875 0.553125 0.115625 0.05625
0 0.8578125 0.4984375 0.1125 0.059375
0 0.753125 0.53203125 0.1546875 0.0984375
0 0.8078125 0.40390625 0.0796875 0.0765625
0 0.81875 0.60859375 0.11328125 0.04765625
0 0.45703125 0.52421875 0.121875 0.053125
0 0.23125 0.46015625 0.08828125 0.0625
0 0.2046875 0.36875 0.1 0.05703125
0 0.04609375 0.46484375 0.0921875 0.05546875
0 0.92734375 0.4203125 0.09609375 0.05703125
0 0.96328125 0.69296875 0.0734375 0.0609375
0 0.70859375 0.6421875 0.07421875 0.06875
0 0.74609375 0.42109375 0.07109375 0.02890625
0 0.95078125 0.50859375 0.09765625 0.0453125
0 0.44453125 0.440625 0.08203125 0.04296875
0 0.55703125 0.4140625 0.05546875 0.053125
0 0.0625 0.37578125 0.09609375 0.0671875
0 0.1453125 0.22578125 0.078125 0.04140625
0 0.96328125 0.6390625 0.0734375 0.03671875
0 0.43984375 0.359375 0.13125 0.04921875
0 0.884375 0.334375 0.12109375 0.04453125
0 0.24140625 0.23984375 0.09921875 0.0359375
0 0.5625 0.64140625 0.09765625 0.04375
0 0.296875 0.503125 0.07265625 0.03828125
0 0.084375 0.503125 0.08125 0.0375
0 0.19375 0.56875 0.07109375 0.04453125
0 0.6109375 0.40703125 0.0703125 0.0421875
0 0.72265625 0.46484375 0.0578125 0.03984375
0 0.9703125 0.4625 0.05859375 0.0640625
0 0.84296875 0.76953125 0.06953125 0.03515625
0 0.675 0.28359375 0.0625 0.03828125
0 0.634375 0.66953125 0.05 0.05234375
0 0.7796875 0.2515625 0.0828125 0.0359375
0 0.32109375 0.23984375 0.06953125 0.03984375
0 0.034375 0.5484375 0.05234375 0.03828125
0 0.33125 0.46484375 0.06484375 0.04921875
0 0.50625 0.6046875 0.071875 0.034375
0 0.48828125 0.70078125 0.04921875 0.0328125
0 0.69609375 0.70546875 0.07265625 0.028125
0 0.12890625 0.40234375 0.05703125 0.0296875
0 0.88984375 0.740625 0.0546875 0.03359375