0 0.303125 0.48203125 0.0703125 0.103125
0 0.62734375 0.61484375 0.1109375 0.075
0 0.58828125 0.73359375 0.1 0.0765625
0 0.68125 0.83046875 0.125 0.0765625
0 0.5984375 0.87109375 0.115625 0.0921875
0 0.51484375 0.890625 0.1109375 0.125
0 0.06015625 0.76328125 0.1203125 0.0953125
0 0.59921875 0.4984375 0.0890625 0.0765625
0 0.0296875 0.5859375 0.059375 0.04375
0 0.10546875 0.6203125 0.0578125 0.075
0 0.22109375 0.4828125 0.046875 0.04375
0 0.359375 0.46484375 0.0640625 0.03125
0 0.2171875 0.58125 0.0515625 0.0734375
0 0.4953125 0.41484375 0.0328125 0.0515625
0 0.63203125 0.43515625 0.0765625 0.0546875
0 0.18828125 0.6390625 0.046875 0.065625
0 0.5015625 0.746875 0.0625 0.053125
0 0.540625 0.70859375 0.06875 0.040625
0 0.07734375 0.70859375 0.0421875 0.0515625
0 0.61015625 0.565625 0.0609375 0.0484375
0 0.540625 0.78671875 0.04375 0.0515625
0 0.6234375 0.32421875 0.059375 0.0328125
0 0.03203125 0.684375 0.0296875 0.0421875
0 0.1578125 0.48984375 0.05 0.0359375
0 0.6859375 0.4015625 0.071875 0.0546875