0 0.50859375 0.3609375 0.0984375 0.0640625
0 0.43046875 0.3796875 0.0734375 0.0546875
0 0.2890625 0.36015625 0.0890625 0.0546875
0 0.2765625 0.27890625 0.1 0.0625
0 0.4890625 0.48984375 0.0796875 0.071875
0 0.73515625 0.7078125 0.0828125 0.0828125
0 0.78828125 0.76875 0.08125 0.05625
0 0.56484375 0.5375 0.06875 0.0453125
0 0.45546875 0.52734375 0.078125 0.034375
0 0.60859375 0.66328125 0.075 0.0484375
0 0.23984375 0.23515625 0.05 0.053125
0 0.3921875 0.4296875 0.0578125 0.03125
0 0.4078125 0.45625 0.046875 0.025
0 0.35859375 0.40703125 0.0609375 0.0328125
0 0.275 0.40234375 0.03125 0.0359375
0 0.25390625 0.43203125 0.0484375 0.0359375
0 0.3015625 0.4328125 0.04375 0.028125
0 0.59921875 0.57578125 0.0578125 0.0375
0 0.56171875 0.63203125 0.0609375 0.0359375
0 0.54140625 0.66171875 0.0671875 0.0359375
0 0.72578125 0.6546875 0.059375 0.0546875
0 0.76328125 0.8171875 0.0859375 0.05
0 0.675 0.6609375 0.05625 0.0421875
0 0.61171875 0.4859375 0.05625 0.05