0 0.3546875 0.58515625 0.2046875 0.1328125
0 0.53515625 0.67734375 0.121875 0.0828125
0 0.9234375 0.6828125 0.1203125 0.075
0 0.51953125 0.18671875 0.175 0.146875
0 0.425 0.2953125 0.1421875 0.0671875
0 0.3234375 0.22890625 0.134375 0.0828125
0 0.23828125 0.19921875 0.1234375 0.08125
0 0.325 0.43515625 0.15 0.1109375
0 0.665625 0.5484375 0.1296875 0.109375
0 0.88125 0.5828125 0.11875 0.1015625
0 0.6328125 0.85234375 0.1265625 0.1140625
0 0.96171875 0.55703125 0.0765625 0.0640625
0 0.39921875 0.3453125 0.0734375 0.046875
0 0.175 0.45625 0.071875 0.0796875
0 0.3109375 0.3234375 0.0796875 0.065625
0 0.3640625 0.8203125 0.096875 0.09375
0 0.20703125 0.06796875 0.0828125 0.06875
0 0.95703125 0.7953125 0.0859375 0.06875
0 0.028125 0.54765625 0.05625 0.0703125
0 0.740625 0.85234375 0.06875 0.05625
0 0.53828125 0.49453125 0.0875 0.075
0 0.91484375 0.190625 0.0984375 0.0828125
0 0.334375 0.703125 0.06875 0.06875
0 0.11015625 0.2359375 0.059375 0.071875
0 0.403125 0.90546875 0.0921875 0.0640625
0 0.09296875 0.8296875 0.0671875 0.059375
0 0.790625 0.26640625 0.140625 0.0859375
0 0.87578125 0.01796875 0.0640625 0.0359375
0 0.46640625 0.02421875 0.0953125 0.0484375
0 0.053125 0.19375 0.096875 0.0609375