0 0.515625 0.7 0.1046875 0.0921875
0 0.490625 0.60390625 0.084375 0.0671875
0 0.4359375 0.46875 0.096875 0.0890625
0 0.4484375 0.38671875 0.1015625 0.0625
0 0.4875 0.32734375 0.0859375 0.075
0 0.5375 0.25078125 0.10625 0.06875
0 0.57421875 0.18046875 0.1046875 0.0828125
0 0.6171875 0.10390625 0.140625 0.0984375
0 0.50390625 0.0859375 0.0625 0.0609375
0 0.4859375 0.21015625 0.0546875 0.053125
0 0.54609375 0.47421875 0.0921875 0.0703125
0 0.5375 0.8515625 0.1015625 0.09375
0 0.50078125 0.9484375 0.0984375 0.09375
0 0.40625 0.584375 0.0515625 0.0546875
0 0.48828125 0.1484375 0.040625 0.0640625
0 0.4359375 0.6453125 0.04375 0.0484375
0 0.41796875 0.7640625 0.053125 0.0609375
0 0.4421875 0.71015625 0.0359375 0.046875
0 0.4171875 0.86171875 0.046875 0.0515625
0 0.62421875 0.0375 0.0859375 0.0515625
0 0.43203125 0.96796875 0.0390625 0.0484375