0 0.184375 0.7328125 0.1140625 0.11875
0 0.14453125 0.66328125 0.0875 0.0984375
0 0.19453125 0.54921875 0.0984375 0.115625
0 0.28671875 0.31640625 0.1171875 0.1109375
0 0.36796875 0.2640625 0.0890625 0.0984375
0 0.51796875 0.30234375 0.0765625 0.1078125
0 0.58046875 0.278125 0.0796875 0.109375
0 0.5984375 0.3765625 0.1015625 0.1203125
0 0.496875 0.46171875 0.0875 0.0921875
0 0.48828125 0.5328125 0.084375 0.090625
0 0.66328125 0.5546875 0.0671875 0.0921875
0 0.725 0.403125 0.065625 0.1046875
0 0.734375 0.140625 0.125 0.1703125
0 0.6765625 0.10703125 0.065625 0.1015625
0 0.575 0.18515625 0.08125 0.1015625
0 0.58359375 0.73671875 0.071875 0.10625
0 0.58203125 0.846875 0.1015625 0.1375
0 0.69765625 0.94921875 0.0796875 0.1015625
0 0.7265625 0.97109375 0.084375 0.0578125
0 0.73359375 0.83671875 0.0796875 0.1046875
0 0.05859375 0.7546875 0.115625 0.1515625
0 0.459375 0.66796875 0.05 0.0609375
0 0.6984375 0.60625 0.05 0.0640625
0 0.021875 0.85234375 0.04375 0.0703125
0 0.36484375 0.78359375 0.0765625 0.0796875
0 0.4984375 0.66953125 0.0703125 0.065625
0 0.68515625 0.33984375 0.0578125 0.0953125
0 0.7484375 0.76875 0.0578125 0.071875
0 0.603125 0.05 0.053125 0.075
0 0.55234375 0.08359375 0.071875 0.0796875
0 0.7765625 0.36328125 0.0765625 0.078125
0 0.43125 0.48984375 0.075 0.109375
0 0.8453125 0.9828125 0.078125 0.034375
0 0.0625 0.87578125 0.0625 0.0640625
0 0.76015625 0.41171875 0.0640625 0.0765625
0 0.8109375 0.81484375 0.0734375 0.0765625
0 0.50703125 0.2296875 0.0890625 0.103125
0 0.3875 0.4015625 0.078125 0.1203125
0 0.81875 0.26171875 0.0953125 0.09375
0 0.41171875 0.83828125 0.0546875 0.065625
0 0.16796875 0.50546875 0.075 0.0671875
0 0.35 0.5078125 0.06875 0.096875
0 0.25 0.8625 0.06875 0.0875
0 0.4359375 0.7875 0.0484375 0.06875
0 0.246875 0.4375 0.084375 0.0953125
0 0.25546875 0.603125 0.0703125 0.1015625
0 0.14921875 0.85234375 0.0609375 0.0984375
0 0.73046875 0.071875 0.0890625 0.065625
0 0.3625 0.22265625 0.0890625 0.0875