0 0.4421875 0.53125 0.259375 0.18125
0 0.5234375 0.6921875 0.0921875 0.1359375
0 0.61484375 0.7140625 0.1484375 0.1453125
0 0.35546875 0.778125 0.090625 0.1
0 0.31640625 0.74921875 0.0828125 0.1296875
0 0.2703125 0.746875 0.09375 0.1109375
0 0.196875 0.75703125 0.075 0.1
0 0.0984375 0.77578125 0.11875 0.0890625
0 0.1203125 0.66875 0.0984375 0.10625
0 0.2375 0.59296875 0.1140625 0.0953125
0 0.21796875 0.50390625 0.1125 0.096875
0 0.28125 0.45 0.0984375 0.0953125
0 0.34453125 0.39453125 0.10625 0.0859375
0 0.29296875 0.28125 0.1015625 0.13125
0 0.40546875 0.2828125 0.0984375 0.11875
0 0.51015625 0.2734375 0.128125 0.0890625
0 0.57578125 0.1046875 0.146875 0.1484375