0 0.5328125 0.50234375 0.19375 0.1328125
0 0.70234375 0.53984375 0.1640625 0.1609375
0 0.54140625 0.65546875 0.2265625 0.11875
0 0.7453125 0.7234375 0.15625 0.1296875
0 0.61875 0.384375 0.1640625 0.16875
0 0.5140625 0.39609375 0.134375 0.1046875
0 0.446875 0.32734375 0.15 0.1328125
0 0.3265625 0.23359375 0.1796875 0.1140625
0 0.15625 0.06328125 0.121875 0.1265625
0 0.15703125 0.27890625 0.1703125 0.0859375
0 0.42734375 0.45234375 0.1828125 0.1265625
0 0.30859375 0.5453125 0.1953125 0.125
0 0.20078125 0.396875 0.175 0.1265625
0 0.29140625 0.58671875 0.1484375 0.1578125
0 0.28203125 0.32265625 0.13515625 0.08359375
0 0.33828125 0.37265625 0.12109375 0.08203125
0 0.95 0.76328125 0.09921875 0.10234375
0 0.40546875 0.7328125 0.2046875 0.07890625
0 0.853125 0.8453125 0.1109375 0.1515625