0 0.43125 0.37109375 0.175 0.221875
0 0.375 0.4609375 0.1140625 0.21875
0 0.15 0.384375 0.1953125 0.1671875
0 0.25078125 0.54453125 0.071875 0.1265625
0 0.27265625 0.4421875 0.059375 0.0828125
0 0.5828125 0.634375 0.146875 0.18125
0 0.73046875 0.72421875 0.1203125 0.159375
0 0.69609375 0.60078125 0.1140625 0.14375
0 0.6578125 0.4890625 0.1390625 0.1375
0 0.7109375 0.39375 0.1203125 0.1296875
0 0.8328125 0.63828125 0.121875 0.165625
0 0.34140625 0.1703125 0.140625 0.2078125
0 0.11484375 0.17109375 0.1296875 0.1015625