0 0.7703125 0.215625 0.1 0.1046875
0 0.821875 0.27734375 0.075 0.0890625
0 0.7921875 0.3984375 0.0828125 0.1046875
0 0.7421875 0.64375 0.1046875 0.0953125
0 0.67109375 0.709375 0.078125 0.0875
0 0.51640625 0.69765625 0.0609375 0.1
0 0.459375 0.73203125 0.0640625 0.1015625
0 0.42421875 0.6390625 0.0859375 0.109375
0 0.51015625 0.5375 0.075 0.0828125
0 0.50546875 0.465625 0.071875 0.08125
0 0.3296875 0.475 0.0546875 0.0859375
0 0.2953125 0.634375 0.05 0.1
0 0.33125 0.89453125 0.1015625 0.159375
0 0.39375 0.91796875 0.05 0.096875
0 0.48046875 0.82265625 0.0671875 0.09375
0 0.3765625 0.28125 0.05625 0.1
0 0.359375 0.17265625 0.08125 0.128125
0 0.2265625 0.0890625 0.0640625 0.1
0 0.18671875 0.05078125 0.0640625 0.1015625
0 0.21171875 0.20859375 0.065625 0.0984375
0 0.88984375 0.17265625 0.0953125 0.140625
0 0.5546875 0.396875 0.0421875 0.0578125
0 0.2875 0.43046875 0.040625 0.059375
0 0.51171875 0.32734375 0.0390625 0.05625
0 0.52109375 0.92109375 0.059375 0.06875
0 0.9171875 0.06875 0.04375 0.065625
0 0.14140625 0.2453125 0.0578125 0.0671875
0 0.15078125 0.11328125 0.053125 0.071875
0 0.584375 0.19765625 0.06875 0.071875
0 0.359375 0.765625 0.0375 0.053125
0 0.84609375 0.35859375 0.075 0.0671875
0 0.25390625 0.6859375 0.065625 0.0671875
0 0.86796875 0.053125 0.0515625 0.05625
0 0.2609375 0.6359375 0.0546875 0.0734375
0 0.3625 0.503125 0.04375 0.0609375
0 0.346875 0.69140625 0.046875 0.09375
0 0.47734375 0.96328125 0.0421875 0.0703125
0 0.21015625 0.278125 0.05 0.0703125
0 0.52890625 0.15234375 0.046875 0.0609375
0 0.0703125 0.0609375 0.0671875 0.0671875
0 0.578125 0.9171875 0.0625 0.059375
0 0.62890625 0.57890625 0.0546875 0.109375
0 0.27734375 0.1125 0.0578125 0.0890625
0 0.78515625 0.0984375 0.046875 0.103125
0 0.2484375 0.36484375 0.046875 0.0875
0 0.51484375 0.2046875 0.0375 0.059375
0 0.35 0.05390625 0.0421875 0.0703125
0 0.1953125 0.4609375 0.0578125 0.0796875
0 0.76171875 0.52265625 0.06875 0.0890625
0 0.6140625 0.890625 0.1328125 0.15625
0 0.228125 0.79296875 0.08125 0.0828125
0 0.5296875 0.8375 0.075 0.1140625
0 0.68125 0.75390625 0.0703125 0.0703125
0 0.96953125 0.06953125 0.0609375 0.0640625
0 0.68359375 0.1015625 0.05625 0.0671875
0 0.56640625 0.50546875 0.06875 0.1125
0 0.72421875 0.35625 0.0578125 0.1
0 0.425 0.54609375 0.0390625 0.05
0 0.6484375 0.1484375 0.0734375 0.075