0 0.42578125 0.55 0.05859375 0.046875
0 0.45234375 0.4828125 0.0453125 0.08203125
0 0.48125 0.46640625 0.053125 0.1015625
0 0.525 0.484375 0.03515625 0.0734375
0 0.5703125 0.47421875 0.05078125 0.09296875
0 0.5296875 0.31640625 0.04296875 0.06640625
0 0.57421875 0.33984375 0.05859375 0.046875
0 0.61640625 0.38046875 0.040625 0.04921875
0 0.63203125 0.4796875 0.03203125 0.09609375
0 0.66015625 0.4015625 0.02734375 0.05625
0 0.69609375 0.46484375 0.0484375 0.0703125
0 0.73125 0.5046875 0.0296875 0.02421875
0 0.75 0.4796875 0.02734375 0.08203125
0 0.19140625 0.5578125 0.05078125 0.06640625
0 0.15 0.48984375 0.04296875 0.0609375
0 0.24921875 0.55546875 0.0453125 0.04921875
0 0.2171875 0.54609375 0.01953125 0.03984375
0 0.515625 0.24765625 0.015625 0.0421875
0 0.29375 0.31328125 0.025 0.04375
0 0.2234375 0.140625 0.0328125 0.03359375
0 0.3109375 0.27265625 0.01953125 0.04921875
0 0.35234375 0.33203125 0.025 0.04921875
0 0.51953125 0.1140625 0.0234375 0.03671875
0 0.5546875 0.1765625 0.01171875 0.05234375
0 0.6578125 0.2140625 0.02734375 0.0265625
0 0.696875 0.26484375 0.05078125 0.0578125
0 0.8234375 0.415625 0.05625 0.06328125
0 0.85078125 0.49609375 0.0453125 0.04921875
0 0.7796875 0.32890625 0.0625 0.046875
0 0.7609375 0.27265625 0.0484375 0.04921875
0 0.771875 0.184375 0.01953125 0.07890625
0 0.7609375 0.1265625 0.0296875 0.03359375
0 0.825 0.31171875 0.0328125 0.03359375
0 0.946875 0.27734375 0.02734375 0.10859375
0 0.95703125 0.3546875 0.02734375 0.0875
0 0.38203125 0.4359375 0.03828125 0.06015625
0 0.375 0.52734375 0.05 0.0578125
0 0.8890625 0.28203125 0.040625 0.03046875
0 0.76484375 0.403125 0.0203125 0.0609375
0 0.803125 0.51328125 0.025 0.028125
0 0.9078125 0.49140625 0.0375 0.06796875
0 0.51640625 0.2171875 0.03046875 0.03203125
0 0.8375 0.21875 0.02109375 0.05859375
0 0.7859375 0.40234375 0.0203125 0.05625
0 0.87578125 0.353125 0.02890625 0.028125
0 0.44375 0.41171875 0.02265625 0.06015625
0 0.415625 0.3703125 0.0296875 0.03984375
0 0.13828125 0.7640625 0.03984375 0.03984375
0 0.70625 0.2109375 0.0328125 0.04375
0 0.15625 0.70625 0.03671875 0.06015625
0 0.52734375 0.4046875 0.025 0.059375
0 0.94609375 0.49453125 0.0390625 0.03671875
0 0.16171875 0.63203125 0.071875 0.04453125
0 0.23125 0.63125 0.0453125 0.03203125
0 0.49375 0.33515625 0.0234375 0.03984375
0 0.81015625 0.05 0.03203125 0.0375
0 0.85625 0.0578125 0.046875 0.0578125
0 0.221875 0.6828125 0.02890625 0.0625
0 0.309375 0.4125 0.0265625 0.03515625
0 0.11171875 0.8265625 0.03515625 0.04921875
0 0.09453125 0.5734375 0.03203125 0.03828125