0 0.43359375 0.4734375 0.2625 0.1734375
0 0.53203125 0.31328125 0.084375 0.1390625
0 0.63046875 0.29921875 0.146875 0.1421875
0 0.365625 0.20859375 0.0890625 0.0984375
0 0.321875 0.23515625 0.075 0.13125
0 0.27421875 0.23359375 0.090625 0.1109375
0 0.19921875 0.21640625 0.0703125 0.1015625
0 0.09765625 0.1875 0.1171875 0.084375
0 0.11015625 0.3015625 0.0953125 0.1046875
0 0.225 0.39140625 0.1125 0.0921875
0 0.19765625 0.48125 0.1125 0.0921875
0 0.25859375 0.54296875 0.0984375 0.09375
0 0.31875 0.60703125 0.10625 0.0796875
0 0.25625 0.7203125 0.0953125 0.13125
0 0.37265625 0.72890625 0.09375 0.11875
0 0.48046875 0.74765625 0.1296875 0.0828125
0 0.5328125 0.92890625 0.14375 0.1421875