0 0.62109375 0.3765625 0.1890625 0.2015625
0 0.77265625 0.37578125 0.1453125 0.1625
0 0.89765625 0.50390625 0.1625 0.1515625
0 0.7296875 0.5234375 0.13125 0.2734375
0 0.8390625 0.6171875 0.13125 0.140625
0 0.69765625 0.67421875 0.1625 0.1515625
0 0.70859375 0.78046875 0.1796875 0.2140625
0 0.6125 0.8578125 0.1640625 0.159375
0 0.51640625 0.7859375 0.125 0.11875
0 0.6015625 0.69453125 0.140625 0.1609375
0 0.5890625 0.56328125 0.18125 0.1515625
0 0.4328125 0.52734375 0.234375 0.2578125
0 0.37265625 0.3203125 0.2953125 0.25
0 0.1609375 0.559375 0.1734375 0.2140625
0 0.26796875 0.87265625 0.2015625 0.196875
0 0.1359375 0.77421875 0.1796875 0.165625
0 0.05625 0.296875 0.1125 0.271875
0 0.04140625 0.57109375 0.0828125 0.1640625
0 0.87421875 0.06953125 0.1140625 0.1390625
0 0.9578125 0.67421875 0.084375 0.2328125