0 0.50078125 0.30234375 0.0984375 0.0625
0 0.39609375 0.63671875 0.0671875 0.10625
0 0.275 0.6078125 0.06875 0.0953125
0 0.1859375 0.709375 0.0671875 0.1203125
0 0.1390625 0.63046875 0.084375 0.109375
0 0.11171875 0.54921875 0.1171875 0.103125
0 0.1953125 0.07109375 0.08125 0.1421875
0 0.51015625 0.5984375 0.0703125 0.084375
0 0.246875 0.68828125 0.0484375 0.0625
0 0.484375 0.6421875 0.0265625 0.046875
0 0.57734375 0.63046875 0.05 0.071875
0 0.51953125 0.6734375 0.0296875 0.0703125
0 0.34140625 0.66328125 0.0375 0.0421875
0 0.61640625 0.68125 0.053125 0.06875
0 0.5640625 0.690625 0.0328125 0.0609375
0 0.31640625 0.5171875 0.05625 0.0546875
0 0.4796875 0.7 0.0296875 0.06875
0 0.1078125 0.74453125 0.0671875 0.1
0 0.3453125 0.1203125 0.0734375 0.053125
0 0.4390625 0.284375 0.0546875 0.03125
0 0.6859375 0.615625 0.028125 0.0578125
0 0.25390625 0.525 0.05 0.0609375
0 0.39609375 0.228125 0.0734375 0.046875
0 0.434375 0.54296875 0.065625 0.0484375
0 0.334375 0.20390625 0.0671875 0.04375
0 0.88984375 0.61484375 0.0296875 0.0625
0 0.60390625 0.5828125 0.025 0.0453125
0 0.52421875 0.3609375 0.0265625 0.0609375
0 0.8875 0.6828125 0.03125 0.0453125