0 0.46171875 0.346875 0.05 0.075
0 0.4890625 0.29375 0.040625 0.065625
0 0.25078125 0.4484375 0.0390625 0.059375
0 0.36328125 0.57265625 0.046875 0.0578125
0 0.6171875 0.60859375 0.04375 0.05625
0 0.76953125 0.34921875 0.0421875 0.08125
0 0.23046875 0.546875 0.025 0.03359375
0 0.390625 0.66640625 0.02734375 0.02109375
0 0.3265625 0.3640625 0.02890625 0.03046875
0 0.7046875 0.3890625 0.025 0.03125
0 0.62265625 0.39921875 0.0265625 0.03359375
0 0.94296875 0.71171875 0.0359375 0.028125
0 0.7421875 0.603125 0.028125 0.028125
0 0.68125 0.5046875 0.0203125 0.02734375
0 0.1734375 0.60859375 0.0328125 0.0234375
0 0.61796875 0.49375 0.0234375 0.034375
0 0.4484375 0.4921875 0.02734375 0.02421875
0 0.52265625 0.56953125 0.028125 0.021875
0 0.696875 0.61875 0.01796875 0.0203125
0 0.5671875 0.55546875 0.02421875 0.0296875
0 0.096875 0.4546875 0.0328125 0.0375
0 0.17109375 0.525 0.02265625 0.0328125
0 0.853125 0.5921875 0.025 0.02421875
0 0.65703125 0.42109375 0.01796875 0.0375
0 0.22734375 0.45546875 0.03125 0.028125
0 0.290625 0.275 0.03203125 0.02734375
0 0.296875 0.48515625 0.02890625 0.03203125
0 0.9171875 0.615625 0.025 0.046875
0 0.44921875 0.55234375 0.021875 0.0265625
0 0.96171875 0.68671875 0.03203125 0.0265625
0 0.54375 0.309375 0.03671875 0.03515625
0 0.83515625 0.5578125 0.0203125 0.04609375
0 0.203125 0.63828125 0.0203125 0.0265625
0 0.3890625 0.5 0.02578125 0.025
0 0.615625 0.72734375 0.01953125 0.0234375
0 0.14453125 0.4828125 0.034375 0.034375
0 0.7640625 0.49609375 0.04375 0.04609375
0 0.884375 0.36640625 0.03125 0.021875
0 0.7875 0.6125 0.02109375 0.01796875
0 0.2046875 0.525 0.021875 0.034375
0 0.825 0.259375 0.0265625 0.02421875
0 0.39375 0.47578125 0.03046875 0.02578125
0 0.65859375 0.59296875 0.0265625 0.0171875
0 0.19609375 0.475 0.0234375 0.03203125
0 0.89765625 0.55625 0.0203125 0.046875
0 0.6625 0.36640625 0.015625 0.0375
0 0.3296875 0.325 0.02109375 0.0375