0 0.6375 0.63515625 0.096875 0.128125
0 0.79296875 0.49296875 0.078125 0.1140625
0 0.871875 0.34453125 0.05 0.1140625
0 0.96640625 0.37890625 0.0640625 0.15
0 0.93125 0.17890625 0.09375 0.0953125
0 0.7921875 0.2984375 0.078125 0.1171875
0 0.19453125 0.41484375 0.084375 0.1515625
0 0.38359375 0.359375 0.0625 0.121875
0 0.45859375 0.1171875 0.1015625 0.13125
0 0.7171875 0.084375 0.11875 0.16875
0 0.17265625 0.2453125 0.084375 0.1109375
0 0.06796875 0.44921875 0.0640625 0.1359375
0 0.1078125 0.60703125 0.06875 0.159375
0 0.165625 0.76171875 0.0625 0.1734375
0 0.2125 0.8859375 0.06875 0.15
0 0.29375 0.8640625 0.075 0.1
0 0.4078125 0.9734375 0.078125 0.053125
0 0.40234375 0.821875 0.1328125 0.165625
0 0.7171875 0.9515625 0.06875 0.096875
0 0.8421875 0.83828125 0.090625 0.1046875
0 0.9046875 0.94921875 0.0859375 0.1015625
0 0.8515625 0.6984375 0.090625 0.109375
0 0.6703125 0.4609375 0.084375 0.1171875
0 0.03359375 0.0640625 0.0671875 0.1125
0 0.03125 0.24609375 0.0625 0.1328125
0 0.0234375 0.53515625 0.046875 0.09375
0 0.03671875 0.70078125 0.0734375 0.0859375