0 0.5006902578125 0.9060676453125 0.4990801921875 0.87714200625 0.4687440875 0.8464304421875 0.4201106078125 0.8189494093749999 0.38171349375 0.8187445 0.384093753125 0.8381301671875001 0.42191174374999996 0.881697621875 0.49981143437500003 0.9061755515625001 0.5006902578125 0.9060676453125
0 0.6573380765625 0.8070116078125 0.6490672375 0.790935459375 0.5870318625000001 0.8546345328125 0.5867251203125 0.8841890875 0.6109414203125 0.9082728453125 0.6117866624999999 0.9081690625000001 0.650256128125 0.8567105343750001 0.6577767265625 0.8105841203124999 0.6573380765625 0.8070116078125
0 0.7598097578125 0.7719265546875 0.7656623375 0.7533010359375 0.764887053125 0.7469868468749999 0.7495831625 0.722511565625 0.7042489328125 0.6818347828125 0.6909169890625 0.6854395296875 0.7206739703125 0.7595136390625 0.7352978765625 0.7744442890625 0.747473365625 0.7734412734375 0.7598097578125 0.7719265546875
0 0.839023715625 0.7337657 0.8020204015625 0.76093875 0.8242794984374999 0.7766045390625 0.85990043125 0.7722308375 0.878636890625 0.7502851625 0.8783678484375 0.7480939875 0.8661636500000001 0.7304333359374999 0.839023715625 0.7337657
0 0.6809790312499999 0.6213290437500001 0.6827126875 0.659488134375 0.7227792921875 0.677296575 0.7249601875 0.6770287953125 0.7314479578124999 0.666963896875 0.73058154375 0.6599075156249999 0.71815165625 0.6275876796875 0.6809790312499999 0.6213290437500001
0 0.5612979484375 0.742809575 0.5342579734374999 0.7373401937499999 0.536467684375 0.77937641875 0.5664821796874999 0.79094149375 0.5671970281250001 0.790853721875 0.5612979484375 0.742809575
0 0.541836909375 0.6979392718749999 0.49704142500000004 0.7179027421875 0.5039110625000001 0.733785490625 0.51412435 0.7328266296875 0.5386349921875 0.7298171 0.5529797875 0.713526909375 0.5527814328125 0.7119114375 0.5429407640624999 0.6978037359375 0.541836909375 0.6979392718749999
0 0.4624794328125 0.7457271421875 0.4749898453125 0.7762988671875 0.5030101124999999 0.781418309375 0.50738598125 0.7808810203125 0.51012800625 0.761981503125 0.5098832265625 0.7599879359374999 0.4624411125 0.7454150421875 0.4624794328125 0.7457271421875
0 0.41785635625 0.7917754859375 0.45046300156249997 0.8051868578124999 0.4508830265625 0.8051352859375 0.447097159375 0.7743018734375 0.4262915859375 0.7563033984375 0.4112591046875 0.762084740625 0.41785635625 0.7917754859375
0 0.32541354375 0.8488772140625 0.35255373749999996 0.8248583984375 0.352124296875 0.8213608906250001 0.3470255453125 0.8006691937499999 0.319647584375 0.8020629937500001 0.303968503125 0.8266177562499999 0.30432185624999997 0.8423166984374999 0.304812190625 0.8463101578125001 0.32216496875 0.8492760890625 0.32541354375 0.8488772140625
0 0.31237953125 0.7669090125 0.3013718234375 0.7509797953125 0.27086516875 0.7429187875000001 0.24382706718749997 0.7550937140625 0.2487581390625 0.7712144921874999 0.2982189375 0.7892469281250001 0.2996534859375 0.7890707875 0.31300272812499996 0.7719845359375 0.31237953125 0.7669090125
0 0.21482621562499998 0.32337884375 0.23115550156250003 0.3283595203125 0.234191978125 0.32798668750000004 0.261148146875 0.2999810890625 0.253802459375 0.28022120625 0.22118668281249998 0.2950487796875 0.21482621562499998 0.32337884375
0 0.18807155 0.28337246562499996 0.2034643703125 0.284532540625 0.2078806828125 0.2839902859375 0.20419356875 0.2223591515625 0.17916275312500002 0.20280293437500002 0.17191765781249999 0.24796785156249998 0.18807155 0.28337246562499996
0 0.1112942875 0.1308501921875 0.0823176234375 0.1432631453125 0.06306690781249999 0.19482165 0.06993654375 0.2107044046875 0.096947953125 0.2173251734375 0.0998181796875 0.216972753125 0.1261218609375 0.1634659640625 0.1112942875 0.1308501921875
0 0.12717679375 0.1351969984375 0.14003214218749999 0.1522142046875 0.18874165625 0.146233428125 0.2424025 0.12006516406250001 0.2478645796875 0.087623603125 0.247297471875 0.0830048796875 0.17560784375 0.0889106640625 0.12717679375 0.1351969984375
0 0.5275493140624999 0.3012746 0.5107435140625001 0.27818969843749997 0.49377246875 0.284209065625 0.47516835312500005 0.31699414843749996 0.48118772343750005 0.3339651984375 0.4969325265625 0.3366562921875 0.502392815625 0.335985853125 0.527815903125 0.3034457859375 0.5275493140624999 0.3012746
0 0.7746862140624999 0.9054840890625 0.7784183703124999 0.9050258375 0.7802615546875 0.8850232203124999 0.7799781359375 0.8827149609375 0.7416040921875 0.8812098484374999 0.7381944390624999 0.8816285015625 0.7477205015624999 0.90446591875 0.7746862140624999 0.9054840890625
0 0.7541678187499999 0.9473592828124999 0.7570987796875001 0.9271574984375001 0.756979421875 0.9261854062499999 0.7312224406250001 0.8991124046875001 0.729316990625 0.939686109375 0.7517446125 0.947656815625 0.7541678187499999 0.9473592828124999
0 0.7322033609374999 0.8918095171875 0.73773524375 0.8720230234375 0.7372196046874999 0.867823475 0.71740194375 0.8490563984374999 0.7128438484374999 0.8840524359374999 0.729045109375 0.8921973015625 0.7322033609374999 0.8918095171875