0 0.64375 0.4046875 0.15625 0.1734375
0 0.7921875 0.43515625 0.11875 0.140625
0 0.88828125 0.58671875 0.1390625 0.125
0 0.71953125 0.5703125 0.078125 0.2625
0 0.80703125 0.68515625 0.109375 0.1203125
0 0.65703125 0.71171875 0.1390625 0.125
0 0.6453125 0.81796875 0.14375 0.1875
0 0.5359375 0.8734375 0.1390625 0.1328125
0 0.45703125 0.7828125 0.10625 0.0984375
0 0.55859375 0.71171875 0.1140625 0.140625
0 0.57421875 0.58046875 0.159375 0.1203125
0 0.42890625 0.5125 0.1921875 0.2234375
0 0.4125 0.29765625 0.259375 0.2
0 0.15625 0.4875 0.1375 0.1890625
0 0.1953125 0.81640625 0.1703125 0.165625
0 0.08671875 0.6921875 0.1546875 0.1359375
0 0.07109375 0.20078125 0.1421875 0.2484375
0 0.03125 0.47421875 0.0625 0.1546875
0 0.9625 0.12421875 0.075 0.1953125
0 0.9453125 0.77265625 0.109375 0.2140625