0 0.41815901406249995 0.599453590625 0.4186847703125 0.5969801015625 0.430866315625 0.47460174843749997 0.3959608640625 0.3784002984375 0.3620950421875 0.35780082968750004 0.3388454140625 0.4164692109375 0.337410396875 0.42322043593750003 0.332647896875 0.45372477968749997 0.35084294374999997 0.5480494578124999 0.37116872500000003 0.5707963046875 0.3812137671875 0.6201152609375 0.383220115625 0.6205417234375 0.41815901406249995 0.599453590625
0 0.3181611890625 0.437295390625 0.32162315937499997 0.3073708546875 0.2974456765625 0.28380530312499996 0.281611934375 0.30997106093750004 0.2697704265625 0.3656809765625 0.275347446875 0.4114437171875 0.2692154046875 0.4402927109375 0.28080752656249997 0.455006609375 0.288086459375 0.45655379375000005 0.30891786250000003 0.45710739375 0.3181611890625 0.437295390625
0 0.270874059375 0.16580546875 0.2642655625 0.125872721875 0.23368826562499997 0.09927171875 0.22242821406250002 0.12246556093750001 0.2191783578125 0.1377549296875 0.2100186765625 0.196423728125 0.22323567031249997 0.2762892203125 0.2354033984375 0.30158901718750003 0.2369395359375 0.3019155328125 0.2668489140625 0.28890976875 0.270874059375 0.16580546875
0 0.48695976874999997 0.5467478359375 0.4884558015625 0.547065828125 0.518921375 0.5406268765625 0.5929861453124999 0.3721051578125 0.60468705625 0.3075869296875 0.5733527640625 0.2424349828125 0.573068253125 0.242374509375 0.5221708578124999 0.26492056875 0.49091282031250005 0.31729552499999997 0.48484251250000004 0.345854078125 0.480369103125 0.3716195328125 0.47530813125 0.5280063265625 0.48695976874999997 0.5467478359375
0 0.7389218765625001 0.342680584375 0.7714803 0.255793621875 0.7725161296875 0.2225111265625 0.7587674 0.18776120937500002 0.725614359375 0.2158921125 0.6983853515625 0.265584821875 0.6918444984375001 0.2963571203125 0.6786296671875001 0.380119078125 0.698299878125 0.403175515625 0.7022940859375 0.4040245109375 0.714421340625 0.4011279 0.7212347218749999 0.3690734625 0.7389218765625001 0.342680584375
0 0.7160596015625 0.41348884375 0.6888022734375 0.43282212031249995 0.6651012421875 0.478038309375 0.658110490625 0.5076696187499999 0.645372184375 0.567598634375 0.6482526765625 0.5842265156249999 0.651186803125 0.584850184375 0.678022828125 0.5829680171875 0.7023461171875 0.5395592203125 0.7239126109375 0.4570363859375 0.7160596015625 0.41348884375
0 0.6424424421875 0.596669984375 0.6177961078124999 0.7220916453124999 0.6196943187499999 0.7794496578125 0.6387962390624999 0.8298146015625001 0.6408868937500001 0.8302589828125001 0.654509246875 0.8287281328124999 0.67542584375 0.8013465578125001 0.69743735 0.7356696484375 0.6937314515625 0.6678766015625001 0.6747959828125001 0.5817702078125 0.6424424421875 0.596669984375
0 0.587537184375 0.7123793328125 0.5769588203125 0.6816535671875 0.562056103125 0.6902118265625 0.5407942718750001 0.7364450046875 0.5390725296875 0.7445451656250001 0.5329948890625 0.8079945468749999 0.541639515625 0.8283321875 0.5491574124999999 0.8299301671875 0.5705521796874999 0.8294165671875 0.5710455484375 0.82709544375 0.587537184375 0.7123793328125
0 0.5623320781250001 0.6726936453125 0.564057678125 0.6645753328125 0.569827275 0.62570793125 0.5232209125 0.5940247109375 0.472349278125 0.596612678125 0.4517266203125 0.6444410890625 0.450966546875 0.648016953125 0.47196714687499997 0.6836383890625 0.4931312421875 0.6918262687500001 0.5058293390624999 0.6945253328125001 0.532349878125 0.693122865625 0.5532073937499999 0.670754134375 0.5623320781250001 0.6726936453125
0 0.4675444796875 0.72784331875 0.44486892187500005 0.6878783578125 0.42312138125 0.6765552453125 0.34682359375 0.6720280078124999 0.3464411953125 0.6738270484375 0.3420898203125 0.726336790625 0.38825326250000003 0.77017041875 0.39256353437499997 0.7710865953125 0.44143458906250005 0.760854240625 0.46752595625 0.7279304625 0.4675444796875 0.72784331875
0 0.481029846875 0.8898559531249999 0.47831804531250005 0.857015128125 0.4413685796875 0.7704300078124999 0.43298383593749995 0.77199804375 0.4098425984375 0.803913865625 0.40917797343749995 0.807040684375 0.4253433140625 0.8742322687499999 0.4497078640625 0.9142203859375 0.45109996875 0.9145162875 0.465431703125 0.9129057218750001 0.48060632812500004 0.89184845 0.481029846875 0.8898559531249999
0 0.725108740625 0.8426999546875 0.7132858671875 0.808359390625 0.69787905625 0.805084571875 0.6809323218750001 0.8232591656249999 0.6617124765625 0.8664841015625001 0.6528287390624999 0.9082788031250001 0.64801940625 0.94022318125 0.6519277296875 0.9875542828125001 0.6528552203125 0.9877514265625 0.6816489046875 0.98087401875 0.7135259921875 0.8971925000000001 0.725108740625 0.8426999546875
0 0.2264858984375 0.7185773953125 0.2029306703125 0.6968192453125 0.186665278125 0.71178839375 0.176029765625 0.7390592218750001 0.16479495156249999 0.7919148703125 0.1589667421875 0.823160225 0.17099066093749998 0.934847575 0.17581369687499998 0.9358727421875 0.20400554375 0.9332415218750001 0.23466575937499998 0.7889965453125 0.2264858984375 0.7185773953125
0 0.16732315625 0.57089776875 0.1341701125 0.599028671875 0.0993589859375 0.6586346734374999 0.0811558171875 0.7119478359375 0.0789250734375 0.7224426578124999 0.09606258749999999 0.747998553125 0.097578071875 0.7483206796874999 0.10668026093750001 0.7472977921874999 0.17357716406249998 0.6409075640624999 0.1811900453125 0.5956219984375 0.16732315625 0.57089776875
0 0.098538034375 0.46413934062499995 0.0792667 0.50289434375 0.074910496875 0.523388671875 0.06284045 0.6035599515625 0.0647186109375 0.6039591671875 0.0949579 0.6040895640625 0.1297966671875 0.4875349046875 0.12307000781249999 0.45762783906250004 0.098538034375 0.46413934062499995
0 0 0.8169290359374999 0.0203484734375 0.8013935734375 0.0512488171875 0.745981709375 0.07074365625 0.730023865625 0.061082959375 0.6760412859375 0.004079278125 0.7074782484375 0 0.7121565078125001 0 0.8169290359374999
0 0.0973074921875 0.8328212171875 0.08765059375 0.8877231171875 0.0713859671875 0.9157307749999999 0.07082926875 0.918349834375 0.088186509375 0.92203923125 0.1181097265625 0.9243498046875 0.148978628125 0.817002121875 0.14112561875000001 0.77345458125 0.1295705109375 0.7709984671875 0.113186953125 0.7959933 0.0973074921875 0.8328212171875
0 0.2867050328125 0.9166739187499999 0.28445233124999997 0.8893929609375 0.29807909375 0.8252840812500001 0.2941368671875 0.777542403125 0.2763698953125 0.75597331875 0.27532938906250004 0.7557521515625 0.258822425 0.777917353125 0.24953035625000003 0.8216330968750001 0.2548832234375 0.8864581171875001 0.2658344390625 0.9182668765625 0.26815008906250004 0.918759084375 0.2867050328125 0.9166739187499999
0 0.21083556718750002 0.9285256703125 0.21107438437499998 0.9481598546875001 0.3023335484375 0.9675575890625 0.309441559375 0.9615263234375 0.2330574015625 0.8900109703125001 0.21234421406249998 0.9214280421875 0.21083556718750002 0.9285256703125