0 0.35078125 0.6671875 0.1328125 0.240625
0 0.42578125 0.41875 0.1375 0.1015625
0 0.60234375 0.50546875 0.109375 0.075
0 0.5125 0.81484375 0.1125 0.1984375
0 0.3734375 0.17890625 0.2359375 0.2296875
0 0.15859375 0.66484375 0.13125 0.3
0 0.2296875 0.58046875 0.0921875 0.10625
0 0.67890625 0.81015625 0.0859375 0.2234375
0 0.796875 0.84921875 0.1171875 0.1765625
0 0.765625 0.73125 0.109375 0.0671875
0 0.9 0.80390625 0.15625 0.14375
0 0.8859375 0.64921875 0.115625 0.0921875
0 0.8390625 0.90703125 0.10625 0.11875
0 0.60234375 0.66875 0.1140625 0.0828125
0 0.49609375 0.68046875 0.08125 0.090625
0 0.44921875 0.5453125 0.109375 0.1421875
0 0.61875 0.37421875 0.1875 0.1953125
0 0.16171875 0.18359375 0.20625 0.2
0 0.28203125 0.43828125 0.1109375 0.1046875
0 0.303125 0.325 0.1015625 0.0859375
0 0.14921875 0.3328125 0.1515625 0.096875
0 0.128125 0.45078125 0.159375 0.109375