0 0.5211263546875 0.584136865625 0.5059622 0.58125 0.4998179875 0.58125 0.4985541234375 0.5871448859374999 0.4925348609375 0.5951662765625 0.4804963375 0.6031876671874999 0.4804963375 0.6071983624999999 0.4925348609375 0.631262534375 0.5075830156250001 0.6473053140625 0.5301552468749999 0.6603400734375 0.5391841390625001 0.662345421875 0.5452034 0.6663561171875 0.5542322921875 0.6663561171875 0.565625 0.6604519453125001 0.565625 0.6295371015625 0.5647660015625 0.62324114375 0.552727478125 0.6031876671874999 0.5211263546875 0.584136865625
0 0.468541834375 0.4208973921875 0.465625 0.42284090937499996 0.465625 0.42376838125000005 0.468541834375 0.45097760625000005 0.4805803578125 0.469025734375 0.49863814375000004 0.4810578203125 0.5016477734375 0.48707386406250003 0.513686296875 0.49308990625 0.5151911109375 0.49810327499999996 0.5242200046875001 0.49609792812500003 0.5317440828125 0.49108455781250004 0.5317440828125 0.485068515625 0.5375 0.47931567656249996 0.5375 0.4760695078125 0.5362585281250001 0.46200701874999994 0.52873445 0.45498830156250003 0.52873445 0.43092413125 0.5227151875 0.422902740625 0.519705559375 0.4108706546875 0.50512318125 0.4046875 0.4956285046875 0.4046875 0.485094803125 0.40585728593750003 0.468541834375 0.41488135000000004 0.468541834375 0.4208973921875
0 0.570643559375 0.40366811562500005 0.5581034296875 0.3953125 0.5438760859375 0.3953125 0.525499096875 0.4056734640625 0.522489465625 0.41168950625 0.522489465625 0.42372159218750005 0.528508728125 0.4317429828125 0.528508728125 0.4538018046875 0.551080959375 0.466836565625 0.5601098515625 0.466836565625 0.5646242984375001 0.46382854375000004 0.570643559375 0.43374832812499997 0.571875 0.4329278078125 0.571875 0.409411765625 0.570643559375 0.40366811562500005
0 0.518205759375 0.3180314171875 0.5140625 0.3226325765625 0.5140625 0.351676134375 0.5257298359375 0.36916777968750003 0.539273175 0.37819184375 0.554321328125 0.37819184375 0.5678646671875 0.365157084375 0.5678646671875 0.3571356953125 0.5703125 0.3555046796875 0.5703125 0.345023384375 0.5693694828125 0.3280581546875 0.5648550375 0.32103943749999997 0.5567616390625 0.3171875 0.54909209375 0.3171875 0.5452924359375 0.3180314171875 0.5364265687499999 0.3171875 0.5207388640625 0.3171875 0.518205759375 0.3180314171875
0 0.51186170625 0.30134943125 0.48711125156249996 0.2921875 0.48273547031249997 0.2921875 0.46822205937500005 0.298341409375 0.45618353593750005 0.3183948859375 0.4591931671875 0.32240558125 0.4591931671875 0.3344376671875 0.4652124296875 0.3404537109375 0.4652124296875 0.34446440625 0.471231690625 0.350480446875 0.49982318281250004 0.3675259015625 0.5148713375 0.3675259015625 0.519385784375 0.36451788125 0.516376153125 0.35248579687500003 0.513366521875 0.350480446875 0.513366521875 0.3404537109375 0.510356890625 0.3384483609375 0.513366521875 0.336443015625 0.513366521875 0.32240558125 0.516376153125 0.3183948859375 0.521875 0.3165629171875 0.521875 0.3139622359375 0.5208906 0.309370821875 0.51186170625 0.30134943125
0 0.51548455 0.2179269734375 0.514374746875 0.2171875 0.5096251765625001 0.2171875 0.5034460265625 0.2199323203125 0.49291231875 0.2289563828125 0.49592194999999994 0.25703125 0.519998996875 0.2851061171875 0.5395615968749999 0.2961355296875 0.55460975 0.2961355296875 0.56363864375 0.292124834375 0.5696579046875 0.292124834375 0.5741723515625 0.287111465625 0.5741723515625 0.279090075 0.5765625 0.27749749375 0.5765625 0.2642889484375 0.5756771671875 0.24600183750000001 0.5741723515625 0.23898312187499998 0.565143459375 0.22695103749999998 0.5504903171875 0.2171875 0.5286328765625 0.2171875 0.5275230734374999 0.2179269734375 0.51548455 0.2179269734375
0 0.6377307375 0.1806943515625 0.6147568046874999 0.1671875 0.5906394234375 0.1671875 0.5850621984375 0.16966494062499998 0.5685092296875001 0.1826997 0.5685092296875001 0.2047585234375 0.5745284921875 0.21077456562500002 0.5775381203125 0.22080130312500001 0.5835573828125 0.22882269375000003 0.6091392453125 0.2458681484375 0.6241874000000001 0.2438628015625 0.6377307375 0.2348387375 0.6453125 0.2196833203125 0.6453125 0.20232705312500002 0.6452548140625 0.2017505015625 0.64375 0.1887157421875 0.6377307375 0.1806943515625
0 0.735323034375 0.0417822515625 0.7089699546875 0.028125 0.6804753609375 0.028125 0.6615870796875 0.0387742296875 0.6555678171875 0.04880096875 0.6525581875 0.092918615625 0.6585774484375 0.09893465781250001 0.6615870796875 0.11096674375 0.6751304171875 0.1199908078125 0.7022170953125 0.1179854609375 0.715760434375 0.10896139687499999 0.7277989578125 0.092918615625 0.7308085875 0.0808865296875 0.7359375 0.0740516375 0.7359375 0.071678640625 0.73381821875 0.06885444375000001 0.7359375 0.066030246875 0.7359375 0.051199017187499994 0.735323034375 0.0417822515625
0 0.7140825640624999 0.1250752 0.7044768234375 0.121875 0.6905823671875 0.121875 0.6809766265625 0.1250752 0.6704429171874999 0.1361046125 0.6704429171874999 0.15214739375 0.6824814406249999 0.1681901734375 0.6824814406249999 0.1782169125 0.6794718109375 0.1822276078125 0.6824814406249999 0.18824365 0.6900055171874999 0.19325701875 0.7020440406249999 0.19325701875 0.718597009375 0.1822276078125 0.7265625 0.1698434734375 0.7265625 0.164647390625 0.7261210874999999 0.1631768046875 0.724616271875 0.13209391718750002 0.7140825640624999 0.1250752
0 0.7685493578125 0.1755765375 0.760995184375 0.1671875 0.7442678125 0.1671875 0.72190008125 0.178584559375 0.7188904484374999 0.1846006015625 0.7068519265625001 0.19462733906250002 0.7038422953125 0.2026487296875 0.6978230328125 0.206659425 0.6948134031250001 0.21267546718750002 0.6948134031250001 0.23473429218750003 0.6993278484375 0.2377423125 0.708356740625 0.2377423125 0.711366371875 0.2337316171875 0.72942415625 0.23172627031249998 0.7429674953125 0.22270220625 0.7429674953125 0.2186915109375 0.75801565 0.2086647734375 0.7670445421875 0.19663268750000001 0.76875 0.1932235953125 0.76875 0.1775818859375 0.7685493578125 0.1755765375
0 0.772717696875 0.24085895625 0.7541223609375 0.2265625 0.7456477375 0.2265625 0.7350973125 0.23183489218750003 0.7185443421875 0.2448696515625 0.71252508125 0.2569017375 0.7095154499999999 0.27494986718750003 0.7065058203125 0.2769552125 0.7065058203125 0.29299799375 0.717039528125 0.3020220578125 0.7350973125 0.306032753125 0.7576695421874999 0.295003340625 0.760679175 0.2909926453125 0.760679175 0.2809659078125 0.7697080656249999 0.2729445171875 0.775 0.2623663078125 0.775 0.25364305 0.7742225125 0.24587232499999997 0.772717696875 0.24085895625
0 0.677846609375 0.2539730953125 0.6688020406249999 0.2515625 0.64643735 0.2515625 0.6372165937500001 0.25497576875 0.6281877015624999 0.26500250625 0.6281877015624999 0.2750292453125 0.6251780703125001 0.27903994062500004 0.6281877015624999 0.2810452875 0.6281877015624999 0.28906667812500003 0.6342069609375 0.2950827203125 0.6342069609375 0.305109459375 0.64474066875 0.3141335234375 0.65677919375 0.31814421875 0.674836978125 0.31814421875 0.680856240625 0.3161388703125 0.696875 0.303524778125 0.696875 0.2984767734375 0.69590439375 0.2900693515625 0.694399578125 0.2690132015625 0.6913899484375 0.262997159375 0.677846609375 0.2539730953125
0 0.6260696734375 0.31192346249999997 0.6216304671875 0.3109375 0.6109212 0.3109375 0.6050022578124999 0.31192346249999997 0.59145891875 0.32094752656250003 0.5884492875 0.324958221875 0.5884492875 0.3470170453125 0.6019926265625 0.3600518046875 0.61102151875 0.362057153125 0.63058411875 0.35102774062500003 0.6421875 0.3336319765625 0.6421875 0.330950034375 0.6411178265624999 0.3259608953125 0.63660338125 0.3189421796875 0.6260696734375 0.31192346249999997
0 0.616993725 0.378125 0.5921875 0.39854273125 0.5921875 0.40308572812500004 0.5949036921874999 0.4429019046875 0.6265048156249999 0.4599473578125 0.6355337078125001 0.45794201250000005 0.6578125 0.4430974265625 0.6578125 0.44114221249999996 0.6566011234375 0.433877840625 0.652086678125 0.4308698203125 0.652086678125 0.4048003015625 0.649077046875 0.3987842578125 0.6370385234375 0.386752171875 0.624090840625 0.378125 0.616993725 0.378125
0 0.6990030593750001 0.377999665625 0.6845819109375 0.3703125 0.6833621015625 0.3703125 0.6643923046875 0.3810076875 0.6583730437499999 0.391034425 0.6583730437499999 0.405071859375 0.661382675 0.4090825546875 0.67184615625 0.4140625 0.6809619953125 0.4140625 0.682450090625 0.41108790156249997 0.6884693515625 0.4090825546875 0.7 0.39179582968750004 0.7 0.3866351953125 0.6990030593750001 0.377999665625
0 0.703125 0.42113246406249993 0.6969257890625 0.415625 0.6882434921875 0.415625 0.6790655109375 0.423487634375 0.67304625 0.433514371875 0.67304625 0.4555731953125 0.6775606953125 0.4585812171875 0.6865895875 0.4585812171875 0.691104034375 0.4555731953125 0.703125 0.4375513890625 0.703125 0.42113246406249993
0 0.6269662921875 0.4697317859375 0.625492825 0.46875 0.6147396734374999 0.46875 0.6058988765625 0.4697317859375 0.5863362765625 0.4807611953125 0.5773073828124999 0.49279328125 0.5773073828124999 0.500814671875 0.590850721875 0.5118440843750001 0.6028892453125 0.5158547796875 0.6269662921875 0.5158547796875 0.6484375 0.49964076406249996 0.6484375 0.4863377328125 0.6480337078125 0.48176386875 0.635995184375 0.4697317859375 0.6269662921875 0.4697317859375
0 0.6593800171875001 0.5585853937499999 0.6514750328125001 0.5515625 0.620267353125 0.5515625 0.6112259234375 0.5545746984375 0.594672953125 0.5676094578125 0.588653690625 0.57964154375 0.5826344296875 0.5836522390625001 0.5826344296875 0.58966828125 0.5796248 0.591673628125 0.5826344296875 0.607716409375 0.59617776875 0.6167404734375 0.623264446875 0.6167404734375 0.6353029703125 0.6127297781250001 0.67292335625 0.5936789765625 0.68125 0.58073334375 0.68125 0.573558659375 0.68044743125 0.566606784375 0.6714185406250001 0.5605907421875 0.6593800171875001 0.5585853937499999
0 0.7125 0.5243809890625 0.6967307875000001 0.515625 0.6800524265625 0.515625 0.6532792421875 0.51689923125 0.6367262734375 0.5239179484375 0.6337166421875 0.5339446859375 0.6397359046875 0.5419660765625001 0.6532792421875 0.5489847937500001 0.6623081359375 0.550990140625 0.665317765625 0.5489847937500001 0.695414075 0.5489847937500001 0.71196704375 0.539960728125 0.7125 0.5346340171875 0.7125 0.5243809890625
0 0.7350346109375 0.4725183828125 0.7198058781250001 0.4640625 0.702580759375 0.4640625 0.701928671875 0.4644969921875 0.6838708875 0.46650234062499996 0.6703275484375 0.47953710000000005 0.6703275484375 0.497585228125 0.6673179171875 0.49959057500000004 0.6703275484375 0.5116226609375001 0.67484199375 0.5146306828125 0.6959094109375 0.5146306828125 0.7169768265625 0.5226520734375 0.724500903125 0.517638703125 0.724500903125 0.5116226609375001 0.7335297953125 0.5036012703125 0.7335297953125 0.4895638375 0.7359375 0.48795956093750004 0.7359375 0.48154244375 0.7350346109375 0.4725183828125
0 0.74716216875 0.5460310828125 0.734089084375 0.5390625 0.71792086875 0.5390625 0.697503259375 0.5490391046875 0.6914839984375 0.565081884375 0.697503259375 0.5751086234375 0.7140562296875 0.5881433828125 0.726094753125 0.5881433828125 0.7456573546875 0.581124665625 0.7484375 0.575567346875 0.7484375 0.5706742984375001 0.74716216875 0.5460310828125
0 0.754167084375 0.711806484375 0.759375 0.7066013546875001 0.759375 0.696600096875 0.7586815312499999 0.6887449875 0.754167084375 0.6656834890625001 0.7481478234375001 0.6556567515625 0.7436333765625001 0.6526487296875 0.7255755921875 0.6486380359374999 0.71353706875 0.6486380359374999 0.7060129921875 0.6556567515625 0.7060129921875 0.6977690515625 0.7120322531250001 0.7098011375 0.737614115625 0.7288519390625 0.7436333765625001 0.7288519390625 0.754167084375 0.721833221875 0.754167084375 0.711806484375
0 0.5934565609375 0.6306525734374999 0.576903590625 0.64368733125 0.576903590625 0.6557194171875 0.5799132218749999 0.6597301125 0.599475821875 0.672764871875 0.6175336078125 0.6787809140625 0.62957213125 0.6787809140625 0.6325817609375 0.6807862625000001 0.6596684390625 0.6787809140625 0.670202146875 0.6697568515625 0.66869733125 0.6607327859375001 0.664182884375 0.649703375 0.62957213125 0.6286472265625 0.6205432375 0.6286472265625 0.6175336078125 0.6266418781249999 0.599475821875 0.6286472265625 0.5934565609375 0.6306525734374999
0 0.5933938609375 0.6730030078125 0.5832363546875 0.671875 0.5734341578125 0.671875 0.555773475 0.6800217265625 0.5497542140625 0.688043115625 0.5497542140625 0.70208055 0.555773475 0.710101940625 0.55878310625 0.72815006875 0.5663071828125 0.7331634375 0.5873745984375 0.741184828125 0.5933938609375 0.741184828125 0.5964034921875 0.7451955234375001 0.602422753125 0.7451955234375001 0.60392756875 0.7401821515625 0.6171875 0.731346925 0.6171875 0.7077774031249999 0.6129564609375 0.688043115625 0.5933938609375 0.6730030078125
0 0.6334470296875 0.78434575625 0.61279454375 0.76875 0.5824463296875 0.76875 0.5747592296875 0.771310996875 0.564225521875 0.7783297124999999 0.558206259375 0.78835645 0.558206259375 0.8003885359374999 0.564225521875 0.8064045796875 0.5672351515625 0.8204420125 0.5958266453125 0.8455088578125001 0.6168940609375 0.8475142046874999 0.6244181375 0.8425008359374999 0.6364566609375 0.8264580546875001 0.6364566609375 0.8164313171875 0.6390625 0.8146950203125 0.6390625 0.8081408765625 0.6364566609375 0.8064045796875 0.6390625 0.8029319859375 0.6390625 0.800510528125 0.6379614765625 0.7953751671875 0.6334470296875 0.78434575625
0 0.73489290625 0.8005598265625 0.7195625999999999 0.79375 0.7066806031249999 0.79375 0.6882436281250001 0.8135945843749999 0.6882436281250001 0.835653409375 0.691253259375 0.83765875625 0.691253259375 0.84768549375 0.6972725203125 0.8577122328125 0.6972725203125 0.8657336234375 0.7228543828125 0.8767630359374999 0.73489290625 0.8767630359374999 0.7379025375 0.8727523406250001 0.7469314296875 0.8707469921875 0.76047476875 0.861722928125 0.7634843984375 0.8577122328125 0.7619795828125 0.8486881687500001 0.7574651375 0.8416694515625001 0.7574651375 0.8236213234375 0.751445875 0.8115892390624999 0.73489290625 0.8005598265625
0 0.777090440625 0.729052471875 0.7729145859375001 0.728125 0.7516445875 0.728125 0.736460425 0.7400818828125 0.736460425 0.7721674453125 0.73947005625 0.7781834875 0.7484989484375 0.788210225 0.7710711796874999 0.8012449859374999 0.7846145171875001 0.7902155734375 0.793643409375 0.776178140625 0.7921385953125 0.74910595 0.7906337796875 0.7380765359375 0.777090440625 0.729052471875
0 0.8037469921874999 0.8294577203125 0.7937462453124999 0.828125 0.7873787453125 0.828125 0.7631169734375 0.84048713125 0.7631169734375 0.86254595625 0.7601073453125 0.864551303125 0.7661266062500001 0.8765833890625 0.7631169734375 0.8846047796875001 0.775155496875 0.8946315171875 0.775155496875 0.8986422125000001 0.781174759375 0.9026529078125 0.784184390625 0.90866895 0.7947180984375 0.9136823187499999 0.7977277296875 0.9176930140625 0.8097662515625 0.9217037093749999 0.820299959375 0.9106742984375 0.820299959375 0.9026529078125 0.83125 0.8844125984375 0.83125 0.8659182890625001 0.8308336671875001 0.859537934375 0.820299959375 0.8364764375 0.8037469921874999 0.8294577203125