0 0.371875 0.36953125 0.046875 0.1328125
0 0.30625 0.434375 0.0578125 0.128125
0 0.51171875 0.25390625 0.0734375 0.128125
0 0.43671875 0.53515625 0.06875 0.1234375
0 0.4765625 0.60859375 0.103125 0.1578125
0 0.4734375 0.453125 0.0578125 0.171875
0 0.525 0.44296875 0.0765625 0.153125
0 0.55078125 0.5234375 0.0671875 0.159375
0 0.49296875 0.3515625 0.046875 0.09375
0 0.4296875 0.1296875 0.0578125 0.090625
0 0.4515625 0.04609375 0.05625 0.090625
0 0.496875 0.12578125 0.078125 0.134375
0 0.54453125 0.14375 0.0796875 0.140625
0 0.32265625 0.34609375 0.0703125 0.1734375
0 0.3765625 0.1015625 0.04375 0.0859375