0 0.534375 0.69453125 0.10625 0.078125
0 0.37421875 0.3828125 0.0828125 0.1140625
0 0.259375 0.4328125 0.0828125 0.103125
0 0.1546875 0.3484375 0.0859375 0.128125
0 0.121875 0.434375 0.1 0.1203125
0 0.109375 0.51953125 0.13125 0.11875
0 0.27734375 0.94921875 0.1078125 0.1015625
0 0.49296875 0.40078125 0.0828125 0.09375
0 0.553125 0.35859375 0.059375 0.075
0 0.21875 0.36171875 0.05625 0.06875
0 0.4890625 0.33125 0.0375 0.065625
0 0.5296875 0.3015625 0.04375 0.0640625
0 0.4609375 0.36640625 0.034375 0.0484375
0 0.58359375 0.30390625 0.0625 0.075
0 0.85 0.25390625 0.0390625 0.05
0 0.52421875 0.475 0.04375 0.05625
0 0.6421875 0.27265625 0.0484375 0.0625
0 0.86484375 0.32109375 0.0390625 0.065625
0 0.65078125 0.3953125 0.034375 0.046875
0 0.31875 0.371875 0.046875 0.05