0 0.41796875 0.53671875 0.065625 0.05625
0 0.45625 0.475 0.059375 0.0890625
0 0.4875 0.46328125 0.0703125 0.109375
0 0.52734375 0.4890625 0.046875 0.078125
0 0.5734375 0.48671875 0.065625 0.1
0 0.5609375 0.32421875 0.053125 0.0734375
0 0.60078125 0.35546875 0.065625 0.05625
0 0.63515625 0.40234375 0.0484375 0.05625
0 0.63359375 0.503125 0.0484375 0.1
0 0.675 0.43125 0.0359375 0.059375
0 0.69921875 0.49921875 0.059375 0.078125
0 0.7265625 0.54453125 0.0328125 0.0296875
0 0.75 0.5234375 0.040625 0.0859375
0 0.1859375 0.503125 0.0609375 0.0734375
0 0.15703125 0.42890625 0.053125 0.0671875
0 0.24375 0.5109375 0.053125 0.05625
0 0.21328125 0.49609375 0.0265625 0.0421875
0 0.559375 0.25390625 0.0234375 0.04375
0 0.3296875 0.28046875 0.0328125 0.046875
0 0.28984375 0.0984375 0.0375 0.0390625
0 0.353125 0.24296875 0.028125 0.0515625
0 0.38359375 0.30859375 0.0328125 0.053125
0 0.5859375 0.1234375 0.0296875 0.040625
0 0.61015625 0.190625 0.0203125 0.053125
0 0.7046875 0.24609375 0.03125 0.03125
0 0.734375 0.30234375 0.059375 0.065625
0 0.8328125 0.4734375 0.065625 0.071875
0 0.84609375 0.55703125 0.053125 0.05625
0 0.80546875 0.3796875 0.0703125 0.05625
0 0.79609375 0.32109375 0.05625 0.05625
0 0.82265625 0.23671875 0.0328125 0.08125
0 0.821875 0.17734375 0.034375 0.0375
0 0.853125 0.37109375 0.0375 0.0390625
0 0.978125 0.35859375 0.04375 0.1109375
0 0.975 0.4359375 0.0421875 0.090625
0 0.3953125 0.41640625 0.0484375 0.065625
0 0.371875 0.50546875 0.059375 0.065625
0 0.92109375 0.353125 0.0453125 0.0375
0 0.77734375 0.45078125 0.03125 0.0640625
0 0.79609375 0.565625 0.0296875 0.0328125
0 0.903125 0.5625 0.0484375 0.0734375
0 0.565625 0.22421875 0.0359375 0.0375
0 0.88125 0.28125 0.03125 0.0609375
0 0.7984375 0.453125 0.0296875 0.059375
0 0.8953125 0.4203125 0.0328125 0.0328125
0 0.46015625 0.403125 0.0328125 0.0625
0 0.4390625 0.3578125 0.0359375 0.04375
0 0.09765625 0.696875 0.046875 0.046875
0 0.753125 0.25078125 0.040625 0.0484375
0 0.12578125 0.64375 0.046875 0.065625
0 0.54375 0.4109375 0.034375 0.0625
0 0.940625 0.571875 0.0453125 0.0421875
0 0.14375 0.57109375 0.078125 0.05625
0 0.2125 0.5828125 0.05 0.0390625
0 0.52265625 0.33671875 0.0296875 0.04375
0 0.88359375 0.1109375 0.0375 0.0421875
0 0.92734375 0.1265625 0.05625 0.065625
0 0.19453125 0.63203125 0.0390625 0.0671875
0 0.32734375 0.38046875 0.0328125 0.0390625
0 0.0609375 0.75390625 0.04375 0.0546875
0 0.08828125 0.5015625 0.0375 0.04375