0 0.5859375 0.603125 0.08125 0.14375
0 0.61015625 0.7609375 0.071875 0.1640625
0 0.5953125 0.3609375 0.071875 0.128125
0 0.5453125 0.43046875 0.096875 0.134375
0 0.47109375 0.43046875 0.0546875 0.1890625
0 0.396875 0.57265625 0.0625 0.1609375
0 0.35078125 0.69609375 0.0828125 0.1359375
0 0.42890625 0.69375 0.0578125 0.125
0 0.51796875 0.80625 0.0578125 0.1296875
0 0.6796875 0.19140625 0.0671875 0.125
0 0.553125 0.15078125 0.05625 0.115625
0 0.4984375 0.1421875 0.059375 0.1125
0 0.53203125 0.246875 0.0984375 0.1546875
0 0.40390625 0.1921875 0.0765625 0.0796875