0 0.4890625 0.34609375 0.090625 0.14375
0 0.56015625 0.41640625 0.090625 0.1390625
0 0.5609375 0.540625 0.09375 0.115625
0 0.52890625 0.646875 0.0953125 0.1125
0 0.54609375 0.77109375 0.0828125 0.121875
0 0.50234375 0.7734375 0.0828125 0.134375
0 0.46875 0.6078125 0.0890625 0.1296875
0 0.4328125 0.534375 0.071875 0.1109375
0 0.3984375 0.28671875 0.090625 0.1171875
0 0.5375 0.27421875 0.0875 0.128125
0 0.4890625 0.2265625 0.0625 0.10625
0 0.48359375 0.48203125 0.065625 0.0984375
0 0.43828125 0.4296875 0.065625 0.109375
0 0.38984375 0.17578125 0.0625 0.09375
0 0.60234375 0.78359375 0.0640625 0.1
0 0.61484375 0.87265625 0.0546875 0.090625
0 0.46875 0.69375 0.05625 0.0828125
0 0.36328125 0.08515625 0.06875 0.11875
0 0.51953125 0.9578125 0.0546875 0.084375
0 0.4765625 0.0640625 0.06875 0.11875