0 0.5960375015625 0.4511968234375 0.570531084375 0.43911166250000006 0.55960993125 0.44411602187500004 0.55506538125 0.4521416703125 0.5537304296875 0.459009396875 0.56377114375 0.484124565625 0.595071875 0.49199061562499996 0.609245221875 0.480491203125 0.5960375015625 0.4511968234375
0 0.5541283359375 0.5695585859375 0.55929776875 0.56343620625 0.5619676703125001 0.54970075 0.5590562218749999 0.5134987453125001 0.545848503125 0.484204365625 0.53242781875 0.48159564843749997 0.5258808421875 0.4999228890625 0.53137700625 0.53306370625 0.5395004796875 0.5578061984375 0.5541283359375 0.5695585859375
0 0.4959436421875 0.5618122343749999 0.5098188375 0.5876727500000001 0.5245318796875 0.5887508718750001 0.5303687874999999 0.579194628125 0.5344588265625 0.54791718125 0.520086528125 0.504142 0.5042515 0.4832459421875 0.49591506093750004 0.4851891109375 0.4919528015625 0.5004551609375001 0.49111495468750005 0.52523755625 0.4959436421875 0.5618122343749999
0 0.4826081453125 0.548529253125 0.48728047343750003 0.5244922078124999 0.484866128125 0.5062048671875 0.47924218593749995 0.4890754484375 0.46465692187499996 0.47198592812499995 0.46077984843750003 0.47657771406249994 0.45744247031249996 0.49374703281250004 0.4591893390625 0.5154682375 0.46789510312499993 0.54745113125 0.4826081453125 0.548529253125
0 0.4438514140625 0.512486846875 0.42439487031249995 0.464159778125 0.4128914265625 0.4619237359375 0.40634445 0.48025097499999997 0.41175542812500004 0.5240660562499999 0.4211286671875 0.5526150890625 0.4402584796875 0.561678959375 0.444845621875 0.548316178125 0.4438514140625 0.512486846875
0 0.40972497812500003 0.6982881625 0.41159962656250004 0.70399796875 0.42056094687499995 0.70395806875 0.43277445937500003 0.697423115625 0.4540770703125 0.6748368640625 0.461248928125 0.6584128921875 0.4607092328125 0.645835359375 0.4492057890625 0.6435993156250001 0.4266534125 0.6623790296875 0.4117274046875 0.6879865703125 0.40972497812500003 0.6982881625
0 0.39014065468750003 0.6659724921875 0.4190270421875 0.6555512015625 0.42615630781249997 0.6444643625 0.428158734375 0.634162771875 0.4192826 0.6235284078125 0.40011019374999995 0.61980166875 0.38343731875 0.62368800625 0.3673041390625 0.640151875 0.3665088859375 0.6595971375 0.39014065468750003 0.6659724921875
0 0.3779411546875 0.5905471890625 0.3582716453125 0.568905784375 0.3467256078125 0.5720068734375 0.34405570625 0.5857423296875 0.34967965 0.6028717484375 0.362347671875 0.61958859375 0.3770607140625 0.620666715625 0.38164785625 0.607303934375 0.3779411546875 0.5905471890625
0 0.38058247500000003 0.5001886109375 0.3905520140625 0.45401778593750003 0.383550528125 0.4490932265625 0.3648326328125 0.4686182875 0.3472367234375 0.5079612828125 0.3418969203125 0.53543219375 0.345063925 0.5396114046875 0.35277548125 0.5357649671875 0.38058247500000003 0.5001886109375
0 0.3314728703125 0.55835121875 0.32459916093749996 0.5374152609375 0.31884744062500003 0.5362972390625 0.3136354140625 0.547756753125 0.3159645734375 0.5767183578124999 0.321588515625 0.5938477765625 0.3286325953125 0.5934352031250001 0.333802028125 0.5873128234375 0.3314728703125 0.55835121875
0 0.3143880765625 0.5336486234375 0.3188900328125 0.5309601078124999 0.321559934375 0.5172246515625 0.31285417187500003 0.4852417578125 0.2938521375 0.4601664890625 0.28097115 0.47013530625 0.2814682546875 0.48804997187500004 0.2940084984375 0.520778215625 0.30542675625000004 0.5336885234375 0.3143880765625 0.5336486234375
0 0.2842233421875 0.463640253125 0.28814300937500004 0.453711334375 0.27993435 0.43964310624999997 0.264596425 0.436661715625 0.260051875 0.44468736406250003 0.263758578125 0.461444109375 0.2842233421875 0.463640253125
0 0.2616283734375 0.48775709687499996 0.2592992140625 0.45879549218750004 0.2499259765625 0.43024646093749996 0.24346418593750002 0.43789943593749997 0.238706671875 0.47261074687500004 0.2410358296875 0.5015723515625 0.250536846875 0.5141099859375 0.2576235203125 0.5083602796875 0.2616283734375 0.48775709687499996
0 0.8289752281249999 0.537456821875 0.8354796109375 0.5244667140625 0.8286910890625 0.4928564921875 0.8179403078125 0.4765123203125 0.8020200921875 0.46629052968750007 0.7936410625 0.4735708296875 0.7928884 0.4876789578125 0.8003443984375 0.5158553171875 0.8161794265625 0.5367513734375 0.8289752281249999 0.537456821875
0 0.8273421265625001 0.581684478125 0.8374254328124999 0.6014625109375 0.848886284375 0.6090356875 0.8559729562499999 0.60328598125 0.8605600984375 0.5899232015625 0.8524366265625 0.5651807062499999 0.8385188375 0.5446573234375001 0.832767115625 0.5435393015625001 0.8243880859375 0.550819603125 0.8229679484375 0.5683615953125 0.8273421265625001 0.581684478125
0 0.7689584796875 0.51866353125 0.7767126281250001 0.5094799625 0.7767978140625 0.498805696875 0.76925663125 0.48130360312500003 0.7559211328125001 0.46802062187500004 0.7444176890625 0.46578457812499996 0.7379558984375 0.473437553125 0.741577415625 0.5008685640625 0.759997159375 0.51870343125 0.7689584796875 0.51866353125
0 0.79463526875 0.5094001625 0.7915960421875 0.489209553125 0.7858443203125 0.48809153125 0.7793825296875 0.49574450625 0.776045153125 0.5129138249999999 0.778502090625 0.5258640328124999 0.788713175 0.529630671875 0.7945500828125 0.520074428125 0.79463526875 0.5094001625
0 0.43189401875 0.7275426421875 0.4291389296875 0.7519523625 0.43159586718750004 0.76490256875 0.4386399484375 0.7644899953125 0.4425596140625 0.7545610796875 0.4427299859375 0.7332125484375001 0.43577109218750004 0.72295085625 0.43189401875 0.7275426421875
0 0.6567222828125 0.7070998875 0.6553873328125001 0.713967615625 0.6615935640624999 0.7383374359375 0.67497165625 0.746283284375 0.6783090328125 0.7291139656250001 0.6701855609375 0.704371471875 0.6631840734375001 0.6994469125 0.6567222828125 0.7070998875
0 0.6885346890624999 0.8914639859375001 0.6858647859375 0.9051994406249999 0.6902389640625 0.918522321875 0.710036253125 0.9241523296875 0.7184578765625 0.9115348953125 0.7166684140624999 0.8951508234375 0.6924117625 0.8868722 0.6885346890624999 0.8914639859375001
0 0.6499623421875 0.752112790625 0.64050391875 0.7342380234375 0.63662684375 0.738829809375 0.6332894671875 0.755999128125 0.6344540453125 0.7704799296875 0.6388282234375 0.7838028125000001 0.645872303125 0.7833902390625 0.651126921875 0.7665935937499999 0.6499623421875 0.752112790625
0 0.6229646140625 0.6862836296875 0.6173406703125 0.6691542125 0.6090042328124999 0.6710973796874999 0.60254244375 0.6787503546875 0.6031247328125 0.6859907546875 0.6118304953125 0.7179736515624999 0.618874575 0.7175610781249999 0.6234617171875 0.704198296875 0.6229646140625 0.6862836296875
0 0.4017724359375 0.892740775 0.41919797187499996 0.874746309375 0.41932575156249996 0.8587349124999999 0.4135740296875 0.857616890625 0.3981083265625 0.8706468968750001 0.3935211828125 0.8840096781250001 0.4017724359375 0.892740775
0 0.385610675 0.832581521875 0.3922854296875 0.798242884375 0.388578728125 0.7814861390625001 0.38474424687500003 0.780740790625 0.3761096578125 0.8200438875 0.37856659531250003 0.8329940953125 0.385610675 0.832581521875
0 0.2895071 0.76401036875 0.2991358953125 0.7605366046875 0.3036804453125 0.75251095625 0.30122350781249996 0.7395607484375 0.278174028125 0.7404257953125 0.2773787734375 0.7598710578125 0.2895071 0.76401036875
0 0.2651366796875 0.6897828875 0.254471084375 0.66276445 0.24488488125000002 0.66090108125 0.24100780624999998 0.665492865625 0.23900537968750002 0.6757944578124999 0.24962838281250002 0.7081500265625 0.2674232453125 0.7240816234375 0.27967935 0.7122095390625 0.286851209375 0.6957855671875001 0.2901885859375 0.6786162484375 0.2870641734375 0.6690999046874999 0.2774779703125 0.6672365359375 0.2651366796875 0.6897828875
0 0.15562643125 0.5366427609375 0.1721289359375 0.5541049546875 0.18109025625 0.5540650546875 0.1907616453125 0.5452541578125001 0.1920965953125 0.53838643125 0.1846405984375 0.510210071875 0.170055334375 0.49312055312499997 0.1496331640625 0.48558727656249995 0.1431713734375 0.4932402515625 0.1430861875 0.5039145171875 0.15562643125 0.5366427609375
0 0.18086272187500002 0.4221673359375 0.1789880734375 0.41645752968750005 0.16365015 0.4134761390625 0.14372508281250002 0.4238575296875 0.1300914328125 0.4479344765625 0.1332158453125 0.45745081875000004 0.149846128125 0.458901615625 0.17627557968750002 0.4355301171875 0.18086272187500002 0.4221673359375
0 0.1677833390625 0.617405196875 0.178534121875 0.63374936875 0.20408313125 0.6404973968750001 0.2130444515625 0.6404574968750001 0.2214234828125 0.6331771953125 0.22025890312500002 0.6186963921874999 0.21396748593749998 0.6050008375 0.18337682187499998 0.588363790625 0.1647441125 0.5972145875 0.1634091609375 0.6040823140625 0.1677833390625 0.617405196875
0 0.21095683906249998 0.661433353125 0.193786859375 0.6474050234375001 0.1842006578125 0.6455416546875 0.1803235828125 0.6501334390625 0.17765368125 0.6638688953125 0.195945646875 0.6977151593750001 0.22024489218749999 0.70065665 0.22291479375 0.6869211953125001 0.21095683906249998 0.661433353125
0 0.1833062046875 0.7576214375 0.1828942875 0.72903250625 0.17593539375 0.7187708140625 0.168806128125 0.7298576531250001 0.1627988484375 0.7607624265624999 0.16196100156249998 0.7855448218750001 0.169544778125 0.79770978125 0.17796640156250002 0.7850923484375001 0.1833062046875 0.7576214375
0 0.17629070625 0.834657134375 0.1852946203125 0.8292801031250001 0.1873396390625 0.8136413796875 0.17592138125 0.800731071875 0.15987338906249998 0.806520678125 0.1603279 0.8297724750000001 0.17629070625 0.834657134375
0 0.12939593437500002 0.615288853125 0.12931074843749998 0.6259631171875 0.1343524015625 0.6358521359375 0.154149690625 0.6414821421875 0.1606540734375 0.628492034375 0.15503013125 0.6113626156249999 0.138442440625 0.6045746875 0.12939593437500002 0.615288853125
0 0 0.6782279499999999 0.0014665 0.6848574968750001 0.0046760984375 0.683699575 0.017599678125 0.6683936265625 0.0319433953125 0.635545684375 0.036615725 0.6115086375 0.033661684375 0.5806437640625 0.025950128125 0.5844902015625 0.005102028125 0.6303282515624999 0 0.6565759078125 0 0.6782279499999999
0 0.0028580546875 0.5906923796875 0.0047327031249999995 0.5964021875000001 0.0156112640625 0.5967349609375 0.029202320312500002 0.577995146875 0.037709129687499995 0.55470345 0.044383884375 0.5203648125 0.042509237500000005 0.51465500625 0.034840275 0.5131643109375 0.028378484375000002 0.520817284375 0.007530384375 0.566655334375 0.0028580546875 0.5906923796875