0 0.71953125 0.66875 0.1859375 0.1140625
0 0.44296875 0.3796875 0.0890625 0.121875
0 0.51796875 0.5859375 0.071875 0.0796875
0 0.59921875 0.74453125 0.1 0.0953125
0 0.32890625 0.2296875 0.1390625 0.071875
0 0.47109375 0.246875 0.0453125 0.053125
0 0.4703125 0.66484375 0.0390625 0.0515625
0 0.528125 0.52421875 0.0515625 0.071875
0 0.5875 0.9375 0.0359375 0.0546875
0 0.46953125 0.7984375 0.034375 0.0546875
0 0.7453125 0.1796875 0.115625 0.0890625
0 0.4640625 0.14140625 0.0375 0.059375
0 0.434375 0.7265625 0.0609375 0.040625
0 0.565625 0.87421875 0.0375 0.05625
0 0.5171875 0.83671875 0.0375 0.0484375
0 0.4640625 0.60625 0.0375 0.0578125
0 0.47734375 0.09375 0.065625 0.0453125
0 0.34921875 0.390625 0.0921875 0.065625
0 0.2953125 0.51328125 0.1046875 0.09375
0 0.3125 0.08671875 0.0609375 0.059375