0 0.496875 0.52578125 0.109375 0.171875
0 0.46875 0.621875 0.1328125 0.165625
0 0.44296875 0.46796875 0.1 0.1625
0 0.36640625 0.56328125 0.1171875 0.159375
0 0.37421875 0.4484375 0.13125 0.1765625
0 0.34375 0.2828125 0.1234375 0.165625
0 0.27109375 0.184375 0.1140625 0.1578125
0 0.32890625 0.13359375 0.1 0.1640625
0 0.415625 0.14140625 0.08125 0.1171875
0 0.53671875 0.3453125 0.103125 0.1625
0 0.64765625 0.41015625 0.0921875 0.1546875
0 0.590625 0.2859375 0.125 0.178125
0 0.55859375 0.184375 0.078125 0.1125
0 0.50703125 0.17421875 0.0765625 0.1015625