0 0.728125 0.65703125 0.18125 0.1046875
0 0.43671875 0.3828125 0.0828125 0.1171875
0 0.52265625 0.58515625 0.0671875 0.0765625
0 0.61171875 0.7390625 0.0953125 0.090625
0 0.31484375 0.2390625 0.1359375 0.065625
0 0.4578125 0.2484375 0.0421875 0.0515625
0 0.47890625 0.66640625 0.0359375 0.04921875
0 0.5296875 0.52265625 0.04765625 0.06953125
0 0.61015625 0.93203125 0.0328125 0.053125
0 0.48515625 0.8 0.03125 0.053125
0 0.728125 0.1671875 0.11171875 0.08359375
0 0.4453125 0.14375 0.03515625 0.05703125
0 0.44609375 0.7296875 0.05859375 0.0375
0 0.58515625 0.8703125 0.034375 0.05390625
0 0.53515625 0.83515625 0.03515625 0.046875
0 0.46953125 0.6078125 0.03515625 0.05625
0 0.45625 0.0953125 0.06328125 0.0421875
0 0.34375 0.3984375 0.0890625 0.06171875
0 0.29609375 0.52421875 0.10078125 0.08828125
0 0.29140625 0.096875 0.05859375 0.05625