0 0.82265625 0.27734375 0.10625 0.1015625
0 0.7703125 0.2171875 0.090625 0.0765625
0 0.64609375 0.22734375 0.10625 0.084375
0 0.39609375 0.23828125 0.096875 0.10625
0 0.3203125 0.2984375 0.0890625 0.078125
0 0.30703125 0.45234375 0.1015625 0.0625
0 0.2640625 0.50390625 0.103125 0.065625
0 0.35078125 0.553125 0.1109375 0.0875
0 0.46484375 0.484375 0.084375 0.0765625
0 0.534375 0.5 0.0828125 0.0734375
0 0.4984375 0.67265625 0.0875 0.05625
0 0.33515625 0.68046875 0.1 0.0515625
0 0.08359375 0.6046875 0.1609375 0.103125
0 0.07109375 0.5390625 0.096875 0.0515625
0 0.178125 0.46875 0.09375 0.06875
0 0.696875 0.65625 0.1015625 0.0578125
0 0.80078125 0.690625 0.1296875 0.084375
0 0.8625 0.834375 0.1015625 0.065625
0 0.90703125 0.88046875 0.1265625 0.0671875
0 0.7421875 0.83046875 0.0984375 0.0671875
0 0.884375 0.165625 0.140625 0.096875
0 0.67421875 0.51640625 0.0578125 0.040625
0 0.61484375 0.46484375 0.059375 0.0453125
0 0.090625 0.41484375 0.0734375 0.065625
0 0.53671875 0.721875 0.0609375 0.04375
0 0.2890625 0.6234375 0.09375 0.046875
0 0.48125 0.63828125 0.0578125 0.04375
0 0.4140625 0.628125 0.053125 0.034375
0 0.84921875 0.52734375 0.0640625 0.0484375
0 0.04296875 0.45234375 0.075 0.046875
0 0.6609375 0.553125 0.059375 0.0640625
0 0.81171875 0.46640625 0.0734375 0.0703125
0 0.6984375 0.18125 0.0625 0.071875
0 0.075 0.5015625 0.0625 0.0359375
0 0.2203125 0.59921875 0.053125 0.040625
0 0.9859375 0.209375 0.028125 0.053125
0 0.3703125 0.6578125 0.06875 0.034375
0 0.28125 0.7171875 0.065625 0.0671875
0 0.53828125 0.65390625 0.078125 0.0453125
0 0.97890625 0.1578125 0.0421875 0.04375
0 0.8484375 0.78046875 0.0953125 0.0625
0 0.184375 0.51875 0.0578125 0.0359375
0 0.6140625 0.1875 0.05625 0.065625
0 0.91484375 0.8171875 0.075 0.053125
0 0.1046875 0.35703125 0.065625 0.065625
0 0.0140625 0.509375 0.028125 0.040625
0 0.2421875 0.41875 0.1015625 0.0859375
0 0.915625 0.7171875 0.08125 0.046875
0 0.4671875 0.75234375 0.1 0.053125
0 0.50703125 0.43515625 0.1203125 0.071875
0 0.52265625 0.24140625 0.084375 0.06875
0 0.4421875 0.3625 0.125 0.065625
0 0.59609375 0.690625 0.0453125 0.0296875
0 0.9265625 0.3828125 0.071875 0.0578125
0 0.44609375 0.56796875 0.0453125 0.0390625
0 0.53671875 0.5546875 0.078125 0.0703125
0 0.02265625 0.57734375 0.0453125 0.0734375
0 0.2828125 0.278125 0.0734375 0.0796875
0 0.975 0.51796875 0.0484375 0.05
0 0.5546875 0.36171875 0.09375 0.0625
0 0.9484375 0.28671875 0.09375 0.05
0 0.68125 0.30390625 0.10625 0.0625
0 0.86640625 0.97890625 0.0703125 0.0421875