0 0.6984375 0.4703125 0.0859375 0.0984375
0 0.6046875 0.50234375 0.0625 0.0796875
0 0.4734375 0.56640625 0.0828125 0.090625
0 0.390625 0.559375 0.05625 0.0984375
0 0.32890625 0.52421875 0.06875 0.08125
0 0.2484375 0.4796875 0.0625 0.1015625
0 0.17578125 0.4484375 0.0765625 0.1
0 0.096875 0.4109375 0.0890625 0.134375
0 0.08671875 0.525 0.05625 0.059375
0 0.21171875 0.534375 0.05 0.0515625
0 0.47109375 0.45546875 0.0640625 0.0875
0 0.8484375 0.43828125 0.0875 0.0953125
0 0.94765625 0.46796875 0.0875 0.0921875
0 0.8671875 0.559375 0.04765625 0.04609375
0 0.59375 0.58984375 0.05390625 0.05078125
0 0.3859375 0.4625 0.0703125 0.0515625
0 0.03125 0.409375 0.04609375 0.0796875
0 0.7171875 0.58359375 0.04609375 0.03984375