0 0.5078125 0.53203125 0.1609375 0.2125
0 0.57109375 0.69375 0.184375 0.1875
0 0.66015625 0.51640625 0.153125 0.2421875
0 0.759375 0.70703125 0.153125 0.175
0 0.4046875 0.63515625 0.1921875 0.1890625
0 0.39921875 0.53046875 0.125 0.1484375
0 0.32109375 0.47421875 0.1546875 0.16875
0 0.209375 0.3703125 0.140625 0.1953125
0 0.04296875 0.228125 0.0859375 0.140625
0 0.228125 0.19609375 0.1109375 0.18125
0 0.44140625 0.4359375 0.153125 0.2
0 0.51484375 0.30390625 0.1546875 0.2125
0 0.3515625 0.2203125 0.153125 0.1921875