0 0.51796875 0.4921875 0.1140625 0.046875
0 0.46328125 0.55 0.1 0.05625
0 0.53046875 0.45234375 0.09375 0.071875
0 0.64140625 0.46171875 0.10625 0.0484375
0 0.5765625 0.40703125 0.09375 0.0671875
0 0.61640625 0.3828125 0.0625 0.0734375
0 0.67578125 0.4 0.0703125 0.071875
0 0.7125 0.34140625 0.0796875 0.046875
0 0.65 0.309375 0.0921875 0.046875
0 0.6421875 0.2546875 0.065625 0.0625
0 0.69765625 0.25234375 0.0578125 0.05
0 0.71015625 0.16875 0.1015625 0.065625
0 0.8453125 0.36484375 0.0625 0.0515625
0 0.7390625 0.37890625 0.0671875 0.0546875
0 0.821875 0.1828125 0.0703125 0.059375
0 0.790625 0.12421875 0.0671875 0.0421875
0 0.49140625 0.1203125 0.1015625 0.0640625
0 0.46640625 0.19609375 0.0703125 0.0453125
0 0.5296875 0.25234375 0.0828125 0.0578125
0 0.53828125 0.1875 0.059375 0.05625
0 0.85390625 0.13828125 0.06484375 0.0421875
0 0.61015625 0.22890625 0.0546875 0.025
0 0.6171875 0.2 0.0390625 0.0359375
0 0.59609375 0.16484375 0.04453125 0.04609375
0 0.49375 0.63203125 0.06875 0.034375
0 0.5734375 0.58984375 0.06328125 0.0390625
0 0.79609375 0.48984375 0.059375 0.03359375
0 0.5328125 0.6 0.04921875 0.04296875
0 0.8296875 0.2453125 0.06640625 0.0515625
0 0.73515625 0.42578125 0.0484375 0.02578125
0 0.7953125 0.2546875 0.0390625 0.040625
0 0.80390625 0.22421875 0.0421875 0.0296875
0 0.365625 0.88828125 0.0546875 0.0421875
0 0.60859375 0.5484375 0.0625 0.03828125
0 0.15859375 0.5703125 0.046875 0.03359375
0 0.26640625 0.8015625 0.05 0.0515625
0 0.79140625 0.09921875 0.0453125 0.0296875
0 0.20390625 0.91328125 0.05546875 0.0359375
0 0.21796875 0.5609375 0.0375 0.04921875