0 0.3609375 0.50078125 0.06875 0.1015625
0 0.38359375 0.42421875 0.0578125 0.0765625
0 0.371875 0.28203125 0.0578125 0.090625
0 0.29140625 0.26484375 0.0671875 0.103125
0 0.490625 0.48828125 0.0765625 0.0828125
0 0.6953125 0.74609375 0.0875 0.0875
0 0.753125 0.8015625 0.0609375 0.084375
0 0.534375 0.56640625 0.05 0.0703125
0 0.5296875 0.45703125 0.0390625 0.0796875
0 0.65703125 0.6171875 0.053125 0.078125
0 0.24921875 0.22578125 0.0546875 0.053125
0 0.4359375 0.3890625 0.034375 0.059375
0 0.4609375 0.40546875 0.028125 0.0484375
0 0.41484375 0.35390625 0.0359375 0.0625
0 0.4140625 0.26953125 0.0375 0.034375
0 0.44453125 0.25078125 0.0390625 0.0515625
0 0.44375 0.2984375 0.0296875 0.0453125
0 0.57109375 0.603125 0.040625 0.059375
0 0.62890625 0.56875 0.0375 0.0625
0 0.659375 0.54921875 0.0390625 0.0703125
0 0.64296875 0.73359375 0.0578125 0.0609375
0 0.803125 0.7796875 0.053125 0.0875
0 0.6515625 0.6828125 0.0453125 0.059375
0 0.5296875 0.56328125 0.05 0.0609375
0 0.6828125 0.75390625 0.059375 0.0546875
0 0.75 0.796875 0.0515625 0.075
0 0.44296875 0.24609375 0.034375 0.0484375
0 0.64765625 0.67421875 0.046875 0.0640625
0 0.7125 0.80859375 0.053125 0.05625
0 0.2484375 0.128125 0.0359375 0.0578125
0 0.3828125 0.36015625 0.0421875 0.0640625
0 0.7875 0.90078125 0.0359375 0.0578125
0 0.83203125 0.921875 0.040625 0.0734375
0 0.17421875 0.15390625 0.0421875 0.0421875
0 0.86953125 0.875 0.046875 0.075
0 0.159375 0.21328125 0.03125 0.0515625
0 0.4765625 0.609375 0.0375 0.05
0 0.23671875 0.04921875 0.0234375 0.0375
0 0.1875 0.2796875 0.0265625 0.04375
0 0.8640625 0.98125 0.046875 0.0375
0 0.8734375 0.803125 0.025 0.040625
0 0.65390625 0.4078125 0.021875 0.0390625
0 0.903125 0.64453125 0.0390625 0.0625
0 0.10859375 0.2046875 0.025 0.0359375
0 0.91015625 0.9109375 0.028125 0.05625
0 0.14296875 0.35625 0.0265625 0.0421875
0 0.56875 0.23671875 0.0234375 0.0421875
0 0.421875 0.57890625 0.028125 0.046875
0 0.52109375 0.68203125 0.025 0.0453125
0 0.809375 0.98828125 0.0625 0.0234375
0 0.80234375 0.65390625 0.0296875 0.04375