0 0.7890625 0.234375 0.103125 0.0984375
0 0.728125 0.18203125 0.0875 0.0734375
0 0.60703125 0.209375 0.103125 0.08125
0 0.36015625 0.25546875 0.09375 0.103125
0 0.29375 0.32578125 0.0859375 0.0765625
0 0.30234375 0.4796875 0.1 0.059375
0 0.2671875 0.53671875 0.1015625 0.0625
0 0.36015625 0.5734375 0.109375 0.0828125
0 0.4625 0.4890625 0.08125 0.075
0 0.534375 0.4953125 0.0796875 0.071875
0 0.521875 0.67109375 0.0859375 0.053125
0 0.36171875 0.70234375 0.0984375 0.0484375
0 0.10234375 0.66171875 0.1578125 0.0984375
0 0.08046875 0.5984375 0.0953125 0.0484375
0 0.1765625 0.5140625 0.0921875 0.065625
0 0.71640625 0.62734375 0.1 0.0546875
0 0.82421875 0.646875 0.1265625 0.0796875
0 0.90625 0.78046875 0.1 0.0625
0 0.94609375 0.8203125 0.1078125 0.0625
0 0.7859375 0.79296875 0.096875 0.0640625
0 0.834375 0.115625 0.1390625 0.0921875
0 0.675 0.49140625 0.05625 0.0390625
0 0.60859375 0.44921875 0.0578125 0.04375
0 0.08203125 0.47265625 0.0703125 0.0625
0 0.56796875 0.71484375 0.0609375 0.040625
0 0.30859375 0.6515625 0.0921875 0.04375
0 0.5 0.6390625 0.05625 0.0421875
0 0.4328125 0.6390625 0.0515625 0.0328125
0 0.84921875 0.47890625 0.0625 0.046875
0 0.040625 0.51640625 0.0734375 0.0453125
0 0.66640625 0.53046875 0.0578125 0.0625
0 0.80390625 0.42265625 0.071875 0.06875
0 0.6515625 0.15625 0.0609375 0.06875
0 0.07890625 0.56015625 0.0609375 0.034375
0 0.23671875 0.6375 0.053125 0.0390625
0 0.95546875 0.14296875 0.0546875 0.0515625
0 0.39375 0.67421875 0.06875 0.03125
0 0.31328125 0.7453125 0.0640625 0.0640625
0 0.559375 0.646875 0.078125 0.0421875
0 0.9390625 0.09296875 0.065625 0.0421875
0 0.884375 0.7296875 0.09375 0.059375
0 0.190625 0.5625 0.05625 0.0328125
0 0.56953125 0.175 0.0546875 0.0640625
0 0.9546875 0.75625 0.075 0.05
0 0.08828125 0.41328125 0.0640625 0.0625
0 0.01875 0.5765625 0.028125 0.0390625
0 0.23359375 0.45546875 0.0984375 0.0828125
0 0.94140625 0.6578125 0.0796875 0.04375
0 0.50234375 0.75390625 0.0984375 0.05
0 0.4984375 0.43515625 0.11875 0.0671875
0 0.48671875 0.240625 0.0828125 0.0671875
0 0.4234375 0.371875 0.1234375 0.0609375
0 0.621875 0.675 0.0453125 0.028125
0 0.90625 0.32421875 0.0703125 0.0546875
0 0.45625 0.575 0.04375 0.0375
0 0.54375 0.54921875 0.0765625 0.0671875
0 0.034375 0.64375 0.05 0.071875
0 0.25390625 0.31015625 0.071875 0.078125
0 0.9734375 0.4515625 0.0484375 0.0484375
0 0.534375 0.35546875 0.0921875 0.059375
0 0.9140625 0.2265625 0.0921875 0.046875
0 0.65234375 0.28046875 0.1046875 0.0578125
0 0.9328125 0.93984375 0.06875 0.0734375