0 0.54453125 0.45234375 0.1484375 0.2421875
0 0.67890625 0.571875 0.128125 0.0734375
0 0.6765625 0.66640625 0.128125 0.1328125
0 0.80625 0.43203125 0.0890625 0.0796875
0 0.78828125 0.38671875 0.1234375 0.065625
0 0.79765625 0.3421875 0.1 0.0796875
0 0.8265625 0.2734375 0.09375 0.0625
0 0.8703125 0.18359375 0.0734375 0.109375
0 0.7609375 0.1765625 0.0953125 0.0859375
0 0.6578125 0.2703125 0.08125 0.103125
0 0.5765625 0.22890625 0.0828125 0.103125
0 0.50859375 0.27578125 0.084375 0.0890625
0 0.43828125 0.32265625 0.071875 0.096875
0 0.3421875 0.24375 0.121875 0.084375
0 0.31484375 0.35234375 0.109375 0.0828125
0 0.27890625 0.45078125 0.071875 0.1203125
0 0.0984375 0.47109375 0.13125 0.1296875