0 0.3296875 0.653125 0.15625 0.1296875
0 0.4359375 0.58046875 0.053125 0.0953125
0 0.4734375 0.65703125 0.05 0.0796875
0 0.5296875 0.6484375 0.040625 0.0671875
0 0.5265625 0.7375 0.046875 0.0890625
0 0.49609375 0.790625 0.0515625 0.08125
0 0.37890625 0.7671875 0.0765625 0.103125
0 0.0859375 0.61171875 0.096875 0.1171875
0 0.0375 0.51171875 0.075 0.084375
0 0.50234375 0.33203125 0.1171875 0.0921875
0 0.7640625 0.55390625 0.046875 0.096875
0 0.7 0.53828125 0.0828125 0.078125
0 0.88984375 0.54609375 0.0828125 0.1203125
0 0.8015625 0.46796875 0.0671875 0.103125
0 0.815625 0.35 0.090625 0.1
0 0.89609375 0.340625 0.08125 0.0875
0 0.58984375 0.296875 0.0671875 0.071875
0 0.3828125 0.4671875 0.05625 0.10625