0 0.48671875 0.696875 0.0953125 0.05625
0 0.40625 0.35625 0.059375 0.103125
0 0.2828125 0.3765625 0.0625 0.090625
0 0.2015625 0.26953125 0.059375 0.1171875
0 0.14921875 0.34453125 0.0765625 0.1046875
0 0.11640625 0.42421875 0.1109375 0.0953125
0 0.16640625 0.91875 0.0703125 0.1625
0 0.5171875 0.40234375 0.065625 0.0796875
0 0.5859375 0.37578125 0.04453125 0.06640625
0 0.2609375 0.29765625 0.04296875 0.0609375
0 0.53046875 0.33359375 0.02265625 0.06171875
0 0.5765625 0.31484375 0.0296875 0.059375
0 0.49453125 0.3609375 0.02421875 0.04375
0 0.62890625 0.3296875 0.04765625 0.065625
0 0.89921875 0.34609375 0.02890625 0.04453125
0 0.5296875 0.48125 0.0328125 0.04921875
0 0.69296875 0.3140625 0.0359375 0.0546875
0 0.896875 0.41484375 0.02578125 0.0609375
0 0.671875 0.43515625 0.025 0.0421875
0 0.3546875 0.33203125 0.0375 0.04296875