0 0.3765625 0.63515625 0.0421875 0.13125
0 0.30859375 0.57265625 0.053125 0.1265625
0 0.5203125 0.7453125 0.06875 0.1265625
0 0.43515625 0.4671875 0.0640625 0.121875
0 0.47265625 0.3921875 0.0984375 0.1546875
0 0.475 0.54765625 0.0515625 0.1703125
0 0.52734375 0.55625 0.071875 0.15
0 0.55 0.475 0.0609375 0.1578125
0 0.4984375 0.6484375 0.04375 0.0921875
0 0.44296875 0.87265625 0.0546875 0.0890625
0 0.4671875 0.95546875 0.053125 0.0890625
0 0.51015625 0.87421875 0.0734375 0.13125
0 0.55703125 0.8546875 0.075 0.1375
0 0.328125 0.66015625 0.0640625 0.171875
0 0.390625 0.90234375 0.040625 0.084375