0 0.4484375 0.540625 0.240625 0.14375
0 0.55625 0.68515625 0.071875 0.1265625
0 0.65078125 0.690625 0.13125 0.1265625
0 0.40625 0.79921875 0.078125 0.0890625
0 0.3625 0.77734375 0.0640625 0.121875
0 0.31640625 0.7828125 0.078125 0.1
0 0.24609375 0.80546875 0.0609375 0.0921875
0 0.15234375 0.84140625 0.1078125 0.071875
0 0.1546875 0.73203125 0.084375 0.09375
0 0.2578125 0.63671875 0.103125 0.0796875
0 0.22265625 0.553125 0.1015625 0.08125
0 0.27578125 0.4890625 0.0875 0.0828125
0 0.328125 0.42265625 0.0953125 0.0703125
0 0.25859375 0.3203125 0.0828125 0.1203125
0 0.36953125 0.30234375 0.08125 0.1078125
0 0.4703125 0.275 0.11875 0.0703125
0 0.50625 0.09765625 0.128125 0.1296875