0 0.48984375 0.46875 0.175 0.2203125
0 0.4125 0.31328125 0.1953125 0.1984375
0 0.3390625 0.49765625 0.1703125 0.2484375
0 0.22421875 0.31640625 0.1640625 0.1828125
0 0.58359375 0.35703125 0.203125 0.2
0 0.59765625 0.4609375 0.134375 0.15625
0 0.68046875 0.51015625 0.165625 0.178125
0 0.80078125 0.60390625 0.1546875 0.2015625
0 0.965625 0.72734375 0.06875 0.1484375
0 0.79765625 0.77890625 0.125 0.1859375
0 0.5640625 0.55859375 0.1671875 0.2078125
0 0.50234375 0.696875 0.16875 0.2203125
0 0.67265625 0.765625 0.165625 0.2
0 0.665625 0.62578125 0.109375 0.1359375
0 0.1390625 0.125 0.115625 0.115625
0 0.7265625 0.671875 0.1109375 0.1359375
0 0.0828125 0.2421875 0.165625 0.1375
0 0.296875 0.646875 0.1234375 0.2140625
0 0.7578125 0.88984375 0.1328125 0.13125
0 0.70546875 0.4265625 0.121875 0.1578125