0 0.18515625 0.10625 0.0671875 0.075
0 0.22890625 0.065625 0.046875 0.0453125
0 0.49609375 0.28046875 0.0765625 0.1078125
0 0.25 0.23984375 0.065625 0.08125
0 0.271875 0.21328125 0.0578125 0.06875
0 0.6140625 0.0765625 0.0515625 0.071875
0 0.7171875 0.06015625 0.0546875 0.0625
0 0.83984375 0.18203125 0.046875 0.0546875
0 0.82890625 0.20390625 0.040625 0.059375
0 0.5015625 0.15078125 0.0484375 0.0609375
0 0.41328125 0.16953125 0.05625 0.0734375
0 0.3765625 0.190625 0.06875 0.071875
0 0.40625 0.1203125 0.0546875 0.0625
0 0.42421875 0.27578125 0.0625 0.0703125
0 0.29609375 0.353125 0.071875 0.08125
0 0.375 0.2859375 0.053125 0.0578125
0 0.4671875 0.36484375 0.065625 0.065625
0 0.4296875 0.33359375 0.0546875 0.0625
0 0.396875 0.31796875 0.0546875 0.0625
0 0.0734375 0.45078125 0.05625 0.059375
0 0.55390625 0.4828125 0.0625 0.06875
0 0.54140625 0.51875 0.065625 0.0703125
0 0.8515625 0.3890625 0.0671875 0.075
0 0.83125 0.43203125 0.0484375 0.08125
0 0.8015625 0.42265625 0.0484375 0.0609375
0 0.7796875 0.44296875 0.05 0.071875
0 0.9953125 0.709375 0.009375 0.065625
0 0.76953125 0.6578125 0.0703125 0.0765625
0 0.67578125 0.434375 0.0734375 0.103125
0 0.696875 0.5 0.0515625 0.0625
0 0.70078125 0.58828125 0.0515625 0.0625
0 0.70703125 0.6234375 0.0484375 0.0671875
0 0.76640625 0.55546875 0.040625 0.065625
0 0.7453125 0.46171875 0.04375 0.0609375
0 0.5921875 0.5640625 0.053125 0.06875
0 0.5359375 0.7125 0.0484375 0.071875
0 0.5125 0.628125 0.04375 0.0609375
0 0.5578125 0.64140625 0.0546875 0.0625
0 0.63671875 0.6609375 0.046875 0.065625
0 0.6421875 0.740625 0.0796875 0.0890625
0 0.85234375 0.53671875 0.0546875 0.06875
0 0.665625 0.56015625 0.0484375 0.05625
0 0.64765625 0.60859375 0.0484375 0.0671875
0 0.471875 0.48125 0.0609375 0.0953125
0 0.45390625 0.5265625 0.046875 0.075
0 0.43125 0.41171875 0.0546875 0.0625
0 0.3953125 0.42734375 0.0546875 0.0765625
0 0.34609375 0.48828125 0.0578125 0.0796875
0 0.375 0.36796875 0.040625 0.05
0 0.2625 0.634375 0.0703125 0.103125
0 0.23671875 0.48671875 0.05 0.0609375
0 0.284375 0.45625 0.046875 0.05625
0 0.30078125 0.48984375 0.0546875 0.053125
0 0.51796875 0.90703125 0.05625 0.0734375
0 0.1578125 0.96171875 0.059375 0.0765625
0 0.2390625 0.97578125 0.053125 0.0484375
0 0.27890625 0.97890625 0.0765625 0.0421875
0 0.40703125 0.840625 0.0421875 0.0703125