0 0.6421875 0.5078125 0.0546875 0.0828125
0 0.3109375 0.4421875 0.0578125 0.06875
0 0.17421875 0.47421875 0.05 0.078125
0 0.2515625 0.30625 0.053125 0.071875
0 0.2328125 0.20078125 0.05625 0.078125
0 0.50703125 0.36484375 0.0609375 0.078125
0 0.5796875 0.39296875 0.0515625 0.071875
0 0.621875 0.440625 0.0421875 0.059375
0 0.58203125 0.56171875 0.0546875 0.046875
0 0.575 0.54375 0.046875 0.05
0 0.578125 0.45703125 0.0421875 0.0453125
0 0.5125 0.43984375 0.0375 0.0484375
0 0.528125 0.43671875 0.034375 0.0484375