0 0.67890625 0.52109375 0.103125 0.053125
0 0.671875 0.45390625 0.0984375 0.0515625
0 0.63046875 0.37265625 0.06875 0.046875
0 0.76796875 0.31171875 0.0734375 0.0421875
0 0.7796875 0.26171875 0.075 0.0484375
0 0.7453125 0.17578125 0.09375 0.0578125
0 0.55546875 0.590625 0.06875 0.046875
0 0.66015625 0.64453125 0.090625 0.065625
0 0.97109375 0.4703125 0.0578125 0.05
0 0.97109375 0.296875 0.0578125 0.065625
0 0.62734375 0.31953125 0.075 0.0484375
0 0.86484375 0.45390625 0.0828125 0.0578125
0 0.47734375 0.59765625 0.0671875 0.04375
0 0.43984375 0.5984375 0.0671875 0.0390625
0 0.34453125 0.59765625 0.0671875 0.0421875
0 0.5390625 0.4421875 0.0546875 0.0359375
0 0.546875 0.40703125 0.0546875 0.0390625
0 0.51484375 0.5328125 0.05 0.040625
0 0.62578125 0.57265625 0.0625 0.04375
0 0.41171875 0.4015625 0.0609375 0.040625
0 0.70546875 0.6234375 0.059375 0.0546875
0 0.27578125 0.5921875 0.0671875 0.0421875
0 0.9125 0.36015625 0.0703125 0.0578125
0 0.9640625 0.24765625 0.0703125 0.0546875
0 0.896875 0.22265625 0.0625 0.046875
0 0.565625 0.3 0.0578125 0.05
0 0.55625 0.2703125 0.0625 0.046875
0 0.1578125 0.67890625 0.0609375 0.0375
0 0.20859375 0.61015625 0.08125 0.05
0 0.44765625 0.75390625 0.0671875 0.0421875
0 0.5375 0.7109375 0.0625 0.04375
0 0.4578125 0.7109375 0.0796875 0.04375
0 0.4421875 0.65390625 0.059375 0.034375
0 0.43203125 0.66796875 0.059375 0.034375
0 0.0984375 0.65 0.06875 0.0484375
0 0.1578125 0.65078125 0.0625 0.046875
0 0.36328125 0.6921875 0.0609375 0.040625
0 0.2484375 0.84921875 0.0671875 0.040625
0 0.20234375 0.89765625 0.0609375 0.0375
0 0.15234375 0.853125 0.05625 0.04375
0 0.3390625 0.909375 0.0734375 0.040625
0 0.85 0.9171875 0.0734375 0.0421875
0 0.85546875 0.85234375 0.0671875 0.0421875
0 0.8015625 0.85390625 0.0734375 0.040625
0 0.7578125 0.9078125 0.0609375 0.0375
0 0.76953125 0.86875 0.0578125 0.053125
0 0.8125 0.93125 0.0421875 0.0359375
0 0.77734375 0.94375 0.0546875 0.0390625