0 0.68984375 0.990625 0.0796875 0.01875
0 0.04140625 0.553125 0.04375 0.0375
0 0.571875 0.66015625 0.065625 0.046875
0 0.64296875 0.63984375 0.05 0.040625
0 0.60234375 0.6296875 0.05 0.040625
0 0.70625 0.50625 0.0859375 0.0484375
0 0.47734375 0.48515625 0.0703125 0.0515625
0 0.4234375 0.41171875 0.065625 0.0515625
0 0.4671875 0.42421875 0.0578125 0.0375
0 0.56953125 0.27890625 0.059375 0.040625
0 0.7046875 0.16171875 0.04375 0.03125
0 0.6296875 0.09453125 0.0375 0.0375
0 0.6734375 0.12890625 0.0375 0.03125
0 0.69609375 0.1421875 0.0328125 0.0296875
0 0.6203125 0.33828125 0.0546875 0.0453125
0 0.69453125 0.44609375 0.0546875 0.040625
0 0.6625 0.428125 0.0484375 0.034375