0 0.85234375 0.278125 0.04375 0.059375
0 0.6484375 0.3359375 0.053125 0.059375
0 0.69375 0.21171875 0.05625 0.05625
0 0.5546875 0.7046875 0.0546875 0.0703125
0 0.57890625 0.6828125 0.0515625 0.0765625
0 0.475 0.56640625 0.0390625 0.0578125
0 0.4765625 0.521875 0.0390625 0.0578125
0 0.6 0.55390625 0.034375 0.0625
0 0.61015625 0.59140625 0.046875 0.0546875
0 0.26484375 0.49609375 0.0390625 0.053125
0 0.39609375 0.5953125 0.04375 0.0640625
0 0.28359375 0.6171875 0.03125 0.0578125
0 0.29296875 0.66875 0.0390625 0.053125
0 0.34375 0.153125 0.0375 0.046875
0 0.34296875 0.1890625 0.034375 0.053125
0 0.353125 0.2125 0.0421875 0.0484375
0 0.5296875 0.04453125 0.05 0.0640625
0 0.59921875 0.0578125 0.046875 0.0640625