0 0.51171875 0.3203125 0.05 0.103125
0 0.4453125 0.33046875 0.0484375 0.0984375
0 0.36640625 0.3765625 0.046875 0.0671875
0 0.29765625 0.2421875 0.040625 0.0734375
0 0.246875 0.23359375 0.046875 0.0734375
0 0.16328125 0.271875 0.053125 0.0921875
0 0.5875 0.43984375 0.046875 0.0671875
0 0.6359375 0.3328125 0.0625 0.0890625
0 0.4453125 0.02890625 0.046875 0.0578125
0 0.2703125 0.034375 0.0625 0.06875
0 0.31328125 0.38203125 0.046875 0.0734375
0 0.434375 0.1375 0.0546875 0.08125
0 0.5984375 0.5171875 0.04375 0.0671875
0 0.6015625 0.55546875 0.0375 0.065625
0 0.60625 0.65 0.0390625 0.0671875
0 0.440625 0.4640625 0.034375 0.053125
0 0.4046875 0.4578125 0.0375 0.0546875
0 0.53203125 0.48359375 0.040625 0.0484375
0 0.565625 0.3703125 0.040625 0.059375
0 0.40703125 0.59296875 0.0390625 0.0609375
0 0.6125 0.28828125 0.053125 0.05625
0 0.60390625 0.71875 0.040625 0.0671875
0 0.3390625 0.0953125 0.0546875 0.0671875
0 0.22421875 0.05 0.053125 0.06875
0 0.20234375 0.11796875 0.0453125 0.0609375
0 0.296875 0.4453125 0.046875 0.05625
0 0.2671875 0.45546875 0.0453125 0.0609375
0 0.696875 0.83203125 0.0359375 0.059375
0 0.625 0.78515625 0.0484375 0.0796875
0 0.75625 0.5390625 0.0390625 0.0671875
0 0.70859375 0.4515625 0.0421875 0.0609375
0 0.7125 0.53125 0.0421875 0.0796875
0 0.65703125 0.55 0.0328125 0.059375
0 0.67109375 0.55859375 0.0328125 0.0578125
0 0.67109375 0.89375 0.046875 0.0671875
0 0.66875 0.83359375 0.0453125 0.0609375
0 0.69921875 0.6265625 0.0375 0.0609375
0 0.86171875 0.7328125 0.0375 0.065625
0 0.91328125 0.7765625 0.0359375 0.059375
0 0.87109375 0.82890625 0.040625 0.0546875
0 0.9171875 0.6390625 0.0375 0.0703125
0 0.89765625 0.128125 0.040625 0.071875
0 0.83359375 0.1265625 0.0390625 0.0671875
0 0.83828125 0.18046875 0.0375 0.0703125
0 0.89375 0.22109375 0.0359375 0.059375
0 0.85390625 0.21171875 0.05 0.0546875
0 0.9140625 0.165625 0.0359375 0.0421875
0 0.928125 0.19921875 0.0375 0.0546875