0 0.228125 0.075 0.0609375 0.0703125
0 0.27578125 0.03984375 0.04375 0.0421875
0 0.51953125 0.28125 0.0671875 0.1046875
0 0.278125 0.215625 0.0578125 0.0765625
0 0.303125 0.190625 0.053125 0.0640625
0 0.6578125 0.090625 0.046875 0.06875
0 0.76171875 0.08515625 0.05 0.059375
0 0.87109375 0.21875 0.0421875 0.053125
0 0.85859375 0.23984375 0.034375 0.0578125
0 0.53828125 0.15234375 0.0421875 0.0578125
0 0.44765625 0.1625 0.05 0.0703125
0 0.409375 0.1796875 0.0640625 0.065625
0 0.446875 0.1125 0.05 0.059375
0 0.4484375 0.26875 0.05625 0.065625
0 0.3125 0.3328125 0.065625 0.0765625
0 0.39765625 0.27421875 0.0484375 0.053125
0 0.48125 0.36171875 0.059375 0.059375
0 0.44765625 0.32734375 0.05 0.059375
0 0.41640625 0.30859375 0.05 0.059375
0 0.08125 0.40625 0.053125 0.0546875
0 0.55546875 0.4890625 0.05625 0.065625
0 0.5390625 0.5234375 0.0609375 0.065625
0 0.86171875 0.4265625 0.0609375 0.0703125
0 0.83671875 0.4671875 0.040625 0.0796875
0 0.8078125 0.45390625 0.0421875 0.0578125
0 0.78359375 0.47265625 0.04375 0.06875
0 0.98359375 0.7625 0.0328125 0.0625
0 0.7515625 0.68515625 0.0640625 0.071875
0 0.68125 0.453125 0.0640625 0.0984375
0 0.69609375 0.5203125 0.0453125 0.0578125
0 0.690625 0.60859375 0.0453125 0.0578125
0 0.69296875 0.64453125 0.0421875 0.0640625
0 0.759375 0.5828125 0.034375 0.0625
0 0.74765625 0.4875 0.0390625 0.0578125
0 0.584375 0.5734375 0.0453125 0.0640625
0 0.51328125 0.715625 0.04375 0.06875
0 0.4984375 0.62890625 0.0390625 0.0578125
0 0.54296875 0.64609375 0.05 0.059375
0 0.61875 0.67421875 0.0421875 0.0640625
0 0.61640625 0.75390625 0.0734375 0.0828125
0 0.84609375 0.5734375 0.05 0.0640625
0 0.6578125 0.5765625 0.0453125 0.053125
0 0.63515625 0.6234375 0.0421875 0.0640625
0 0.47421875 0.478125 0.053125 0.0921875
0 0.4515625 0.521875 0.040625 0.0734375
0 0.440625 0.4046875 0.05 0.059375
0 0.403125 0.41640625 0.046875 0.075
0 0.3484375 0.471875 0.0515625 0.075
0 0.38984375 0.35546875 0.0375 0.046875
0 0.25 0.60859375 0.0609375 0.0984375
0 0.23984375 0.459375 0.0453125 0.0578125
0 0.290625 0.434375 0.0421875 0.053125
0 0.30234375 0.46875 0.0515625 0.0484375
0 0.475 0.90625 0.05 0.0703125
0 0.11171875 0.928125 0.0515625 0.08125
0 0.18984375 0.95625 0.0453125 0.0640625
0 0.228125 0.9671875 0.06875 0.065625
0 0.371875 0.82890625 0.0359375 0.06875