0 0.43125 0.4390625 0.125 0.1421875
0 0.29921875 0.38125 0.090625 0.1171875
0 0.42109375 0.3546875 0.090625 0.1109375
0 0.60078125 0.4671875 0.08125 0.1
0 0.23046875 0.31953125 0.084375 0.1109375
0 0.16484375 0.27109375 0.0875 0.1234375
0 0.096875 0.21796875 0.09375 0.1015625
0 0.81015625 0.546875 0.0734375 0.0828125
0 0.690625 0.5703125 0.1015625 0.11875
0 0.52109375 0.503125 0.090625 0.1234375
0 0.57421875 0.52734375 0.06875 0.1140625
0 0.58515625 0.40859375 0.0921875 0.0890625
0 0.07265625 0.11953125 0.0640625 0.0921875
0 0.80234375 0.61328125 0.090625 0.1171875
0 0.03359375 0.1203125 0.0671875 0.078125