0 0.13203125 0.39140625 0.06875 0.0921875
0 0.021875 0.5265625 0.04375 0.06875
0 0.13828125 0.49453125 0.0578125 0.059375
0 0.09296875 0.53046875 0.046875 0.0515625
0 0.0734375 0.5515625 0.0546875 0.0578125
0 0.01328125 0.59609375 0.0265625 0.0453125
0 0.0359375 0.6234375 0.046875 0.0515625
0 0.1296875 0.6921875 0.059375 0.0640625
0 0.096875 0.7265625 0.0546875 0.0578125
0 0.1640625 0.69765625 0.05625 0.06875
0 0.2453125 0.52109375 0.0453125 0.0765625
0 0.2765625 0.50859375 0.0484375 0.071875
0 0.190625 0.52421875 0.046875 0.065625
0 0.271875 0.55 0.05 0.0671875
0 0.2046875 0.5640625 0.040625 0.059375
0 0.2953125 0.6296875 0.04375 0.05625
0 0.3203125 0.57578125 0.05 0.0515625
0 0.38515625 0.4796875 0.05 0.0515625
0 0.34296875 0.4609375 0.05 0.0671875
0 0.465625 0.525 0.0546875 0.0578125
0 0.41015625 0.5453125 0.046875 0.065625
0 0.3578125 0.56640625 0.0546875 0.0578125
0 0.43828125 0.59453125 0.0453125 0.0609375
0 0.4796875 0.58203125 0.0546875 0.0734375
0 0.41015625 0.7765625 0.046875 0.05625
0 0.534375 0.65546875 0.046875 0.05625
0 0.55546875 0.51171875 0.046875 0.0515625
0 0.86640625 0.94609375 0.0671875 0.08125
0 0.571875 0.74609375 0.0515625 0.071875
0 0.7578125 0.728125 0.05625 0.078125
0 0.78203125 0.671875 0.053125 0.078125
0 0.7703125 0.6265625 0.0578125 0.075
0 0.86328125 0.8328125 0.05 0.0578125
0 0.84375 0.7796875 0.0484375 0.0625
0 0.93984375 0.66640625 0.0375 0.04375
0 0.8546875 0.68671875 0.0390625 0.0390625
0 0.965625 0.55703125 0.0421875 0.05
0 0.6203125 0.5828125 0.053125 0.053125
0 0.71953125 0.484375 0.065625 0.0765625
0 0.65390625 0.48203125 0.0375 0.0546875
0 0.67265625 0.446875 0.0609375 0.059375
0 0.859375 0.496875 0.046875 0.0515625
0 0.75546875 0.4 0.040625 0.0546875
0 0.55625 0.39296875 0.0421875 0.05
0 0.77421875 0.36328125 0.05625 0.0546875
0 0.43203125 0.3875 0.0640625 0.0703125
0 0.44453125 0.28671875 0.0515625 0.0625
0 0.5484375 0.29765625 0.0546875 0.0578125
0 0.49609375 0.3953125 0.0515625 0.0625
0 0.6078125 0.19765625 0.0515625 0.071875
0 0.35390625 0.37109375 0.040625 0.059375
0 0.29765625 0.41015625 0.05 0.0578125
0 0.225 0.4484375 0.04375 0.05625
0 0.2484375 0.4203125 0.046875 0.05625