0 0.240625 0.515625 0.0328125 0.0453125
0 0.19921875 0.528125 0.0328125 0.05
0 0.3765625 0.503125 0.0296875 0.0546875
0 0.475 0.58515625 0.0375 0.0546875
0 0.478125 0.42890625 0.0328125 0.0453125
0 0.6015625 0.30625 0.0484375 0.05625
0 0.80078125 0.315625 0.0453125 0.0625
0 0.73828125 0.86171875 0.0328125 0.0453125
0 0.80390625 0.9171875 0.0390625 0.0453125
0 0.878125 0.721875 0.03125 0.0296875
0 0.86484375 0.73359375 0.0390625 0.0359375
0 0.10546875 0.72578125 0.0390625 0.0453125
0 0.2390625 0.83046875 0.0390625 0.040625
0 0.31015625 0.18203125 0.025 0.04375
0 0.325 0.16328125 0.0390625 0.0453125
0 0.1640625 0.30703125 0.040625 0.05625
0 0.87265625 0.40390625 0.0328125 0.0390625
0 0.47109375 0.24375 0.028125 0.0390625
0 0.35703125 0.0375 0.0359375 0.0453125
0 0.36640625 0.0171875 0.0359375 0.034375
0 0.30625 0.87890625 0.0328125 0.0453125
0 0.26796875 0.86015625 0.0375 0.05
0 0.26328125 0.703125 0.028125 0.0390625
0 0.221875 0.6609375 0.0359375 0.040625
0 0.8234375 0.821875 0.0359375 0.0453125