0 0.67890625 0.48046875 0.0984375 0.03125
0 0.65703125 0.41640625 0.09375 0.03125
0 0.5984375 0.346875 0.0625 0.034375
0 0.71875 0.25625 0.06875 0.028125
0 0.71875 0.2046875 0.06875 0.034375
0 0.66640625 0.12890625 0.0875 0.0390625
0 0.57421875 0.57578125 0.0625 0.034375
0 0.68828125 0.6046875 0.08125 0.0484375
0 0.96328125 0.3625 0.0734375 0.034375
0 0.92890625 0.1921875 0.08125 0.0484375
0 0.58359375 0.2953125 0.06875 0.034375
0 0.8453125 0.37265625 0.075 0.0421875
0 0.5 0.6 0.0625 0.03125
0 0.46328125 0.609375 0.0625 0.025
0 0.3703125 0.63046875 0.0625 0.028125
0 0.525 0.43515625 0.05 0.025
0 0.525 0.3984375 0.05 0.028125
0 0.521875 0.52890625 0.04375 0.03125
0 0.6390625 0.5421875 0.05625 0.03125
0 0.3921875 0.42421875 0.05625 0.028125
0 0.728125 0.57421875 0.05 0.0453125
0 0.30234375 0.640625 0.0625 0.028125
0 0.8703125 0.27109375 0.0625 0.0453125
0 0.8953125 0.15 0.0625 0.0421875
0 0.82421875 0.140625 0.05625 0.034375
0 0.51875 0.290625 0.05 0.0390625
0 0.503125 0.26328125 0.05625 0.034375
0 0.20703125 0.7515625 0.05625 0.025
0 0.240625 0.67265625 0.075 0.034375
0 0.50625 0.759375 0.0625 0.028125
0 0.58359375 0.696875 0.05625 0.03125
0 0.50625 0.71484375 0.075 0.028125
0 0.478125 0.66328125 0.05625 0.021875
0 0.471875 0.67890625 0.05625 0.021875
0 0.1421875 0.73671875 0.0625 0.0359375
0 0.20078125 0.72421875 0.05625 0.034375
0 0.41015625 0.71796875 0.05625 0.028125
0 0.33359375 0.896875 0.0625 0.0265625
0 0.29921875 0.9546875 0.05625 0.025
0 0.240625 0.92265625 0.05 0.0328125
0 0.43515625 0.93515625 0.06875 0.0265625
0 0.93515625 0.82734375 0.06875 0.028125
0 0.92578125 0.76328125 0.0625 0.028125
0 0.8734375 0.77734375 0.06875 0.0265625
0 0.84296875 0.8390625 0.05625 0.025
0 0.8453125 0.7984375 0.05 0.0421875
0 0.9015625 0.85 0.0375 0.028125
0 0.8703125 0.86953125 0.05 0.028125