0 0.12109375 0.43671875 0.059375 0.0875
0 0.02421875 0.58515625 0.046875 0.0640625
0 0.140625 0.53828125 0.053125 0.0546875
0 0.1 0.5796875 0.0421875 0.0484375
0 0.0828125 0.603125 0.05 0.0546875
0 0.02265625 0.65625 0.0375 0.040625
0 0.0546875 0.67890625 0.0421875 0.0484375
0 0.15625 0.7359375 0.053125 0.059375
0 0.12734375 0.7734375 0.05 0.0546875
0 0.190625 0.7375 0.05 0.0640625
0 0.25 0.5515625 0.0359375 0.075
0 0.27890625 0.5359375 0.040625 0.06875
0 0.1953125 0.56171875 0.0390625 0.0625
0 0.2796875 0.57734375 0.04375 0.0640625
0 0.21484375 0.59921875 0.034375 0.0578125
0 0.3125 0.653125 0.0390625 0.053125
0 0.33046875 0.59765625 0.0453125 0.0484375
0 0.38359375 0.49375 0.0453125 0.0484375
0 0.33984375 0.48046875 0.04375 0.0640625
0 0.46875 0.52890625 0.05 0.0546875
0 0.415625 0.55546875 0.0390625 0.0625
0 0.3671875 0.5828125 0.05 0.0546875
0 0.45078125 0.60078125 0.0390625 0.0578125
0 0.48984375 0.58359375 0.0484375 0.0703125
0 0.44453125 0.78515625 0.04375 0.0546875
0 0.553125 0.65 0.04375 0.0546875
0 0.55625 0.5046875 0.0421875 0.0484375
0 0.91796875 0.8984375 0.0578125 0.078125
0 0.60078125 0.73515625 0.0453125 0.0703125
0 0.78359375 0.69453125 0.0484375 0.0765625
0 0.80078125 0.6359375 0.0453125 0.0765625
0 0.78359375 0.5921875 0.0515625 0.0703125
0 0.90078125 0.7859375 0.046875 0.0546875
0 0.87578125 0.7359375 0.04375 0.059375
0 0.95703125 0.6109375 0.0328125 0.040625
0 0.87421875 0.6421875 0.0359375 0.0359375
0 0.96875 0.5 0.0375 0.046875
0 0.6296875 0.56796875 0.0484375 0.0484375
0 0.71640625 0.4578125 0.0578125 0.071875
0 0.65078125 0.46328125 0.03125 0.053125
0 0.66484375 0.4265625 0.05625 0.05625
0 0.85625 0.453125 0.0421875 0.0484375
0 0.74140625 0.36953125 0.034375 0.053125
0 0.54296875 0.3875 0.0375 0.046875
0 0.75546875 0.33046875 0.0515625 0.0484375
0 0.41875 0.39609375 0.05625 0.065625
0 0.41875 0.29453125 0.046875 0.059375
0 0.5234375 0.29375 0.05 0.0546875
0 0.48359375 0.39609375 0.046875 0.059375
0 0.5703125 0.18671875 0.0453125 0.0703125
0 0.33984375 0.38984375 0.034375 0.0578125
0 0.28828125 0.43515625 0.046875 0.0546875
0 0.2203125 0.48203125 0.0390625 0.053125
0 0.240625 0.4515625 0.04375 0.0546875