0 0.4359375 0.56484375 0.040625 0.025
0 0.42109375 0.55703125 0.046875 0.0265625
0 0.4078125 0.50390625 0.040625 0.0203125
0 0.39921875 0.484375 0.046875 0.0265625
0 0.55390625 0.55078125 0.046875 0.0296875
0 0.60546875 0.4296875 0.040625 0.025
0 0.4578125 0.44921875 0.046875 0.021875
0 0.4203125 0.40703125 0.040625 0.0203125
0 0.5171875 0.32265625 0.034375 0.0203125
0 0.52890625 0.5125 0.040625 0.0203125
0 0.48984375 0.39375 0.040625 0.025
0 0.609375 0.365625 0.034375 0.028125
0 0.62890625 0.53515625 0.046875 0.0296875
0 0.49140625 0.4828125 0.046875 0.0328125
0 0.621875 0.803125 0.040625 0.028125
0 0.52421875 0.95078125 0.034375 0.025
0 0.553125 0.9546875 0.046875 0.0265625
0 0.4765625 0.85078125 0.040625 0.025
0 0.603125 0.88984375 0.040625 0.025
0 0.6875 0.865625 0.034375 0.0203125
0 0.74609375 0.8015625 0.034375 0.0203125
0 0.71875 0.7359375 0.034375 0.0203125
0 0.6609375 0.9140625 0.040625 0.028125
0 0.534375 0.86484375 0.040625 0.025
0 0.10546875 0.77109375 0.046875 0.0265625
0 0.115625 0.796875 0.046875 0.0296875
0 0.1515625 0.77734375 0.0578125 0.0359375
0 0.21328125 0.840625 0.046875 0.021875
0 0.3125 0.83203125 0.0578125 0.0359375
0 0.68828125 0.82578125 0.034375 0.025
0 0.7796875 0.7109375 0.028125 0.0171875
0 0.79453125 0.6875 0.034375 0.0171875
0 0.896875 0.93515625 0.053125 0.0296875
0 0.84296875 0.8890625 0.046875 0.0296875