0 0.94453125 0.796875 0.040625 0.0578125
0 0.96875 0.740625 0.0484375 0.0765625
0 0.93203125 0.834375 0.0484375 0.075
0 0.68671875 0.7953125 0.0484375 0.065625
0 0.67890625 0.8703125 0.0484375 0.059375
0 0.74609375 0.51328125 0.0609375 0.0734375
0 0.7546875 0.734375 0.0453125 0.059375
0 0.7375 0.7046875 0.0515625 0.0609375
0 0.7328125 0.7390625 0.0515625 0.0609375
0 0.58671875 0.73984375 0.0484375 0.065625
0 0.6125 0.69921875 0.05625 0.071875
0 0.69375 0.6078125 0.0515625 0.0671875
0 0.69453125 0.575 0.0453125 0.065625
0 0.48515625 0.715625 0.0609375 0.0734375
0 0.509375 0.678125 0.05625 0.071875
0 0.428125 0.78984375 0.04375 0.053125
0 0.31640625 0.653125 0.046875 0.0703125
0 0.60859375 0.60234375 0.046875 0.0703125
0 0.64609375 0.59921875 0.0359375 0.0578125
0 0.728125 0.3125 0.0484375 0.065625
0 0.690625 0.3234375 0.0546875 0.08125
0 0.5625 0.48125 0.05 0.0703125
0 0.5734375 0.52265625 0.0578125 0.0625
0 0.3 0.4171875 0.0515625 0.0609375
0 0.2203125 0.265625 0.0453125 0.0484375
0 0.209375 0.2328125 0.046875 0.053125
0 0.32421875 0.44453125 0.0515625 0.0609375
0 0.37890625 0.359375 0.0515625 0.0671875
0 0.43984375 0.4234375 0.046875 0.053125
0 0.5546875 0.39921875 0.0578125 0.05625
0 0.525 0.35078125 0.0515625 0.0671875
0 0.434375 0.34296875 0.0484375 0.065625
0 0.3875 0.28203125 0.0484375 0.065625
0 0.59921875 0.26640625 0.046875 0.0703125
0 0.53046875 0.1703125 0.0484375 0.065625
0 0.52421875 0.25859375 0.0515625 0.0671875
0 0.4390625 0.20546875 0.0546875 0.0671875
0 0.23515625 0.08359375 0.0421875 0.06875
0 0.375 0.03671875 0.0484375 0.05
0 0.54296875 0.03984375 0.0578125 0.0625
0 0.53828125 0.01875 0.0515625 0.0375
0 0.65234375 0.3046875 0.0484375 0.05
0 0.6328125 0.328125 0.0640625 0.06875
0 0.6890625 0.046875 0.0484375 0.05
0 0.66953125 0.0265625 0.0484375 0.053125
0 0.65390625 0.01953125 0.0453125 0.0390625
0 0.6359375 0.0765625 0.046875 0.053125
0 0.50390625 0.20546875 0.0453125 0.0484375