0 0.16015625 0.47421875 0.0421875 0.065625
0 0.1640625 0.34609375 0.034375 0.0484375
0 0.29453125 0.6109375 0.046875 0.05625
0 0.23984375 0.73828125 0.04375 0.05625
0 0.28125 0.78671875 0.034375 0.0484375
0 0.11875 0.7703125 0.0390625 0.05
0 0.22578125 0.86875 0.0390625 0.05
0 0.3515625 0.8 0.04375 0.05625
0 0.31875 0.8765625 0.0359375 0.053125
0 0.40859375 0.79765625 0.040625 0.0546875
0 0.34453125 0.96328125 0.0453125 0.0609375
0 0.35 0.95078125 0.0390625 0.05
0 0.50859375 0.8546875 0.0484375 0.0625
0 0.33984375 0.88828125 0.0359375 0.053125
0 0.47421875 0.76953125 0.0359375 0.053125
0 0.43515625 0.821875 0.0421875 0.05
0 0.40234375 0.884375 0.040625 0.0453125
0 0.44296875 0.91953125 0.040625 0.0546875
0 0.46015625 0.87578125 0.04375 0.05625
0 0.503125 0.90078125 0.034375 0.0484375
0 0.490625 0.9015625 0.0375 0.04375
0 0.55625 0.8375 0.0390625 0.05
0 0.55234375 0.80078125 0.0328125 0.04375
0 0.6234375 0.81796875 0.0359375 0.053125
0 0.60390625 0.825 0.034375 0.0484375
0 0.65 0.77109375 0.0328125 0.04375
0 0.53515625 0.74296875 0.0359375 0.053125
0 0.50390625 0.76015625 0.03125 0.0484375
0 0.5984375 0.71875 0.034375 0.0484375
0 0.61484375 0.66953125 0.03125 0.0484375
0 0.640625 0.63125 0.0328125 0.04375
0 0.6390625 0.646875 0.03125 0.0484375
0 0.67421875 0.6234375 0.0421875 0.065625
0 0.71328125 0.6109375 0.0453125 0.0609375
0 0.6453125 0.5234375 0.0421875 0.065625
0 0.78515625 0.61328125 0.0265625 0.0421875
0 0.80625 0.5734375 0.0328125 0.053125
0 0.5640625 0.58046875 0.0375 0.059375
0 0.5484375 0.64296875 0.03125 0.0421875
0 0.53203125 0.69609375 0.0390625 0.05
0 0.521875 0.6609375 0.0328125 0.04375
0 0.73984375 0.528125 0.0375 0.04375
0 0.71484375 0.41484375 0.03125 0.0421875
0 0.678125 0.39375 0.0421875 0.05
0 0.35 0.42109375 0.04375 0.05625
0 0.484375 0.63125 0.0265625 0.0421875
0 0.31953125 0.559375 0.0375 0.04375
0 0.33203125 0.49140625 0.03125 0.0484375
0 0.52109375 0.48046875 0.0296875 0.0515625
0 0.50703125 0.50703125 0.03125 0.0421875
0 0.5765625 0.54609375 0.0375 0.04375
0 0.5921875 0.50546875 0.03125 0.0484375
0 0.57734375 0.4921875 0.03125 0.0484375
0 0.5703125 0.5140625 0.0328125 0.04375
0 0.4515625 0.58828125 0.0265625 0.0421875
0 0.4421875 0.559375 0.0296875 0.0375
0 0.390625 0.54453125 0.0453125 0.0515625
0 0.60234375 0.409375 0.0375 0.04375
0 0.5796875 0.33046875 0.040625 0.0453125
0 0.44296875 0.50859375 0.0421875 0.05
0 0.4078125 0.46640625 0.0390625 0.05
0 0.66875 0.475 0.034375 0.0484375
0 0.71484375 0.35546875 0.0359375 0.0390625
0 0.58046875 0.67578125 0.0328125 0.04375
0 0.6953125 0.54453125 0.0375 0.04375
0 0.73515625 0.69609375 0.034375 0.0484375
0 0.6671875 0.7609375 0.0375 0.04375
0 0.28203125 0.41796875 0.0421875 0.05
0 0.3078125 0.5140625 0.0359375 0.0390625
0 0.4765625 0.39765625 0.0296875 0.0375
0 0.5390625 0.37109375 0.034375 0.0484375
0 0.49453125 0.43359375 0.034375 0.0484375
0 0.5078125 0.41328125 0.0328125 0.0375
0 0.38359375 0.415625 0.0390625 0.05
0 0.45078125 0.42109375 0.034375 0.0484375
0 0.62734375 0.37734375 0.0359375 0.0390625
0 0.7359375 0.79765625 0.0296875 0.0375
0 0.365625 0.73515625 0.0265625 0.0421875
0 0.4 0.7171875 0.0296875 0.0375
0 0.41875 0.75 0.03125 0.0421875
0 0.3890625 0.65234375 0.025 0.0359375