0 0.7890625 0.0515625 0.08125 0.0421875
0 0.0625 0.35234375 0.0453125 0.0390625
0 0.60390625 0.35859375 0.0671875 0.05
0 0.66875 0.39296875 0.0515625 0.0453125
0 0.6265625 0.39453125 0.0515625 0.0453125
0 0.703125 0.53671875 0.0875 0.053125
0 0.475 0.51015625 0.0734375 0.05625
0 0.40625 0.5703125 0.06875 0.0546875
0 0.4515625 0.5671875 0.0625 0.0421875
0 0.521875 0.73125 0.0625 0.046875
0 0.6296875 0.8734375 0.0453125 0.034375
0 0.5421875 0.9234375 0.040625 0.0390625
0 0.5921875 0.8984375 0.0390625 0.0328125
0 0.6171875 0.890625 0.034375 0.0328125
0 0.58359375 0.6828125 0.05625 0.0484375
0 0.6796875 0.59296875 0.05625 0.0453125
0 0.64375 0.60390625 0.05 0.0375