0 0.33828125 0.02890625 0.0640625 0.0578125
0 0.39296875 0.01015625 0.0453125 0.0203125
0 0.571875 0.2921875 0.0703125 0.10625
0 0.35390625 0.1703125 0.059375 0.078125
0 0.38359375 0.15234375 0.0546875 0.065625
0 0.75234375 0.140625 0.05 0.0703125
0 0.8546875 0.1609375 0.0515625 0.0609375
0 0.928125 0.3171875 0.04375 0.0546875
0 0.9109375 0.334375 0.0359375 0.0578125
0 0.62109375 0.171875 0.0453125 0.059375
0 0.53125 0.159375 0.053125 0.0703125
0 0.48984375 0.1671875 0.065625 0.0671875
0 0.5421875 0.11171875 0.0515625 0.0609375
0 0.50546875 0.26328125 0.0578125 0.065625
0 0.35859375 0.2921875 0.0671875 0.0796875
0 0.45546875 0.25625 0.05 0.05625
0 0.515625 0.36171875 0.0625 0.0625
0 0.490625 0.31953125 0.0515625 0.0609375
0 0.46484375 0.29375 0.0515625 0.0609375
0 0.115625 0.3078125 0.053125 0.05625
0 0.55625 0.50234375 0.0578125 0.065625
0 0.5328125 0.53203125 0.0625 0.0671875
0 0.86875 0.51640625 0.0640625 0.071875
0 0.834375 0.54921875 0.04375 0.0796875
0 0.809375 0.53046875 0.0453125 0.059375
0 0.78203125 0.5421875 0.046875 0.0703125
0 0.9125 0.96640625 0.046875 0.0671875
0 0.91015625 0.87265625 0.040625 0.065625
0 0.7 0.740625 0.065625 0.0734375
0 0.6875 0.4984375 0.0671875 0.1
0 0.68515625 0.5671875 0.0484375 0.059375
0 0.65859375 0.6515625 0.0484375 0.059375
0 0.65234375 0.68671875 0.0453125 0.0640625
0 0.73125 0.64296875 0.0359375 0.0625
0 0.74375 0.54765625 0.040625 0.059375
0 0.5640625 0.5921875 0.0484375 0.0640625
0 0.4609375 0.7125 0.046875 0.0703125
0 0.4671875 0.625 0.040625 0.059375
0 0.50625 0.65234375 0.0515625 0.0609375
0 0.5734375 0.69765625 0.0453125 0.0640625
0 0.5515625 0.775 0.075 0.084375
0 0.81796875 0.65546875 0.0515625 0.065625
0 0.63515625 0.6125 0.046875 0.0546875
0 0.6015625 0.65234375 0.0453125 0.0640625
0 0.48046875 0.47265625 0.05625 0.0921875
0 0.44765625 0.509375 0.0421875 0.075
0 0.465625 0.39296875 0.0515625 0.0609375
0 0.4265625 0.39609375 0.05 0.0765625
0 0.36015625 0.4359375 0.053125 0.0765625
0 0.428125 0.3328125 0.0390625 0.0484375
0 0.23125 0.5453125 0.0625 0.1
0 0.25703125 0.396875 0.0484375 0.059375
0 0.3125 0.38515625 0.04375 0.0546875
0 0.31640625 0.421875 0.053125 0.05
0 0.37734375 0.88828125 0.053125 0.0703125
0 0.0234375 0.8203125 0.046875 0.08125
0 0.08828125 0.8671875 0.0484375 0.0640625
0 0.12109375 0.89609375 0.071875 0.084375
0 0.29609375 0.78828125 0.0375 0.06875