0 0.1234375 0.43828125 0.034375 0.0359375
0 0.20546875 0.55546875 0.0296875 0.0359375
0 0.184375 0.4140625 0.0296875 0.03125
0 0.215625 0.4890625 0.034375 0.0359375
0 0.30625 0.3953125 0.034375 0.0390625
0 0.3171875 0.315625 0.040625 0.0390625
0 0.51640625 0.321875 0.040625 0.0390625
0 0.49609375 0.2640625 0.0296875 0.0359375
0 0.38671875 0.2078125 0.034375 0.0359375
0 0.56015625 0.9765625 0.034375 0.0390625
0 0.590625 0.95078125 0.034375 0.0359375
0 0.66796875 0.88359375 0.040625 0.0359375
0 0.5421875 0.9671875 0.034375 0.03125
0 0.74296875 0.84296875 0.0453125 0.0390625
0 0.671875 0.8515625 0.034375 0.03125
0 0.63515625 0.8671875 0.0296875 0.03125
0 0.7828125 0.85390625 0.0296875 0.03125
0 0.8328125 0.85859375 0.025 0.0359375
0 0.59375 0.89609375 0.0453125 0.0359375
0 0.67109375 0.82421875 0.040625 0.0359375
0 0.62890625 0.84765625 0.0453125 0.0359375
0 0.30390625 0.51953125 0.034375 0.0359375
0 0.52265625 0.246875 0.034375 0.03125
0 0.51015625 0.26015625 0.040625 0.034375
0 0.55625 0.25234375 0.034375 0.03125