0 0.3046875 0.90625 0.034375 0.0453125
0 0.19375 0.88984375 0.03125 0.034375
0 0.1921875 0.9171875 0.034375 0.0453125
0 0.50546875 0.8765625 0.0359375 0.0515625
0 0.2109375 0.7515625 0.0328125 0.05625
0 0.184375 0.659375 0.0375 0.0453125
0 0.08359375 0.58203125 0.0234375 0.0453125
0 0.1015625 0.48828125 0.0265625 0.0453125
0 0.1375 0.45546875 0.0328125 0.0515625
0 0.1125 0.1875 0.025 0.0515625
0 0.52421875 0.74609375 0.0265625 0.0453125
0 0.4140625 0.6203125 0.0234375 0.034375
0 0.07109375 0.4234375 0.0234375 0.0453125
0 0.3734375 0.0171875 0.0265625 0.0234375
0 0.225 0.33515625 0.0234375 0.040625
0 0.17578125 0.178125 0.0265625 0.040625
0 0.55390625 0.221875 0.0265625 0.0453125
0 0.44375 0.05703125 0.0359375 0.05625
0 0.51328125 0.07265625 0.028125 0.0515625
0 0.15 0.13359375 0.03125 0.034375
0 0.38671875 0.15390625 0.03125 0.0453125
0 0.18046875 0.409375 0.0265625 0.040625
0 0.42265625 0.85078125 0.03125 0.0453125
0 0.38671875 0.61328125 0.0265625 0.040625
0 0.41953125 0.7546875 0.0265625 0.040625
0 0.51015625 0.5625 0.0265625 0.040625
0 0.02734375 0.3453125 0.0328125 0.0515625
0 0.14921875 0.03984375 0.0375 0.0453125
0 0.46796875 0.06953125 0.0296875 0.0390625
0 0.496875 0.09375 0.0359375 0.05625
0 0.22265625 0.55078125 0.0390625 0.0515625
0 0.62421875 0.18828125 0.0359375 0.0515625
0 0.64140625 0.09375 0.0359375 0.0515625
0 0.8125 0.225 0.03125 0.0453125
0 0.82421875 0.2359375 0.03125 0.0453125
0 0.425 0.28125 0.03125 0.040625
0 0.48359375 0.321875 0.0265625 0.040625
0 0.46953125 0.675 0.028125 0.0515625
0 0.4625 0.23515625 0.0390625 0.0515625
0 0.4265625 0.17890625 0.0234375 0.0453125
0 0.2359375 0.0953125 0.0265625 0.034375
0 0.5875 0.2671875 0.0234375 0.040625
0 0.446875 0.4921875 0.0234375 0.034375
0 0.28984375 0.48359375 0.0265625 0.0453125
0 0.53125 0.8890625 0.034375 0.0453125
0 0.52734375 0.284375 0.0375 0.0453125
0 0.3453125 0.134375 0.03125 0.0453125
0 0.15234375 0.35 0.0359375 0.0625
0 0.31640625 0.33359375 0.0375 0.0453125
0 0.3328125 0.61875 0.0265625 0.0453125
0 0.34921875 0.6234375 0.03125 0.0453125