0 0.271875 0.390625 0.021875 0.0328125
0 0.390625 0.30390625 0.021875 0.0328125
0 0.3859375 0.2515625 0.021875 0.0328125
0 0.2578125 0.26484375 0.0203125 0.028125
0 0.31484375 0.60546875 0.025 0.0390625
0 0.28125 0.45390625 0.028125 0.034375
0 0.2359375 0.3828125 0.025 0.034375
0 0.24609375 0.45703125 0.025 0.034375
0 0.415625 0.4828125 0.0328125 0.040625
0 0.46953125 0.44296875 0.028125 0.034375
0 0.5890625 0.4171875 0.0296875 0.0453125
0 0.56796875 0.1734375 0.0296875 0.05
0 0.46171875 0.25 0.0328125 0.0453125
0 0.35546875 0.18125 0.03125 0.0296875
0 0.5859375 0.54921875 0.0296875 0.0390625
0 0.8671875 0.3109375 0.0328125 0.0453125
0 0.7046875 0.56875 0.0328125 0.0453125
0 0.66328125 0.375 0.0203125 0.028125
0 0.56484375 0.265625 0.028125 0.028125
0 0.53359375 0.49453125 0.0375 0.040625
0 0.7234375 0.66171875 0.0328125 0.040625
0 0.32890625 0.25625 0.025 0.034375
0 0.459375 0.33125 0.0296875 0.0453125