0 0.68515625 0.16875 0.0375 0.04375
0 0.71796875 0.3953125 0.0359375 0.05
0 0.571875 0.22265625 0.034375 0.0390625
0 0.60078125 0.21640625 0.0296875 0.0328125
0 0.65625 0.2609375 0.0265625 0.0375
0 0.68125 0.290625 0.0296875 0.0375
0 0.5140625 0.3875 0.034375 0.0390625
0 0.5609375 0.3390625 0.0375 0.04375
0 0.56640625 0.3109375 0.0453125 0.0390625
0 0.58046875 0.51875 0.0296875 0.0421875
0 0.56640625 0.5328125 0.0296875 0.0375
0 0.59921875 0.57890625 0.0421875 0.0546875
0 0.5484375 0.58359375 0.0375 0.04375
0 0.57265625 0.6515625 0.0296875 0.0375
0 0.5453125 0.42890625 0.0375 0.04375
0 0.5828125 0.60390625 0.040625 0.0390625