0 0.56015625 0.75234375 0.0421875 0.0296875
0 0.5796875 0.79140625 0.0484375 0.0296875
0 0.52421875 0.62109375 0.053125 0.025
0 0.58828125 0.51015625 0.053125 0.0328125
0 0.43359375 0.53359375 0.0421875 0.0296875
0 0.29140625 0.43359375 0.053125 0.04375
0 0.26640625 0.2359375 0.0578125 0.0390625
0 0.81484375 0.203125 0.0421875 0.0296875
0 0.85859375 0.128125 0.0421875 0.0359375
0 0.653125 0.0890625 0.0265625 0.0296875
0 0.66640625 0.1 0.0328125 0.0359375
0 0.790625 0.84921875 0.0421875 0.0359375
0 0.8703125 0.7 0.0375 0.0359375
0 0.2203125 0.7421875 0.040625 0.0203125
0 0.1984375 0.73125 0.0421875 0.0359375
0 0.36796875 0.8640625 0.053125 0.0359375
0 0.340625 0.15 0.0375 0.0296875
0 0.25234375 0.57265625 0.0375 0.025
0 0.06953125 0.72109375 0.0421875 0.0328125
0 0.04296875 0.715625 0.0421875 0.0328125
0 0.90703125 0.625 0.0421875 0.0296875
0 0.8953125 0.665625 0.0484375 0.0328125
0 0.74140625 0.69765625 0.0375 0.025
0 0.70703125 0.74609375 0.0375 0.0328125
0 0.76015625 0.12578125 0.0421875 0.0328125