0 0.6328125 0.715625 0.03125 0.01875
0 0.70625 0.58828125 0.03125 0.01875
0 0.759375 0.5875 0.03125 0.01875
0 0.759375 0.71640625 0.0265625 0.01875
0 0.4140625 0.6953125 0.0375 0.021875
0 0.56875 0.71328125 0.03125 0.025
0 0.64453125 0.75078125 0.03125 0.021875
0 0.56953125 0.7484375 0.03125 0.021875
0 0.52578125 0.58203125 0.0375 0.0296875
0 0.56015625 0.525 0.03125 0.025
0 0.5734375 0.40234375 0.04375 0.025
0 0.81796875 0.3984375 0.0484375 0.0265625
0 0.75234375 0.51171875 0.04375 0.0296875
0 0.8328125 0.6109375 0.0265625 0.0296875
0 0.4421875 0.41953125 0.0375 0.025
0 0.64921875 0.115625 0.04375 0.0296875
0 0.4109375 0.30390625 0.04375 0.0296875
0 0.60703125 0.325 0.0265625 0.01875
0 0.7265625 0.4109375 0.0265625 0.025
0 0.5015625 0.46640625 0.0375 0.034375
0 0.315625 0.29453125 0.0375 0.0296875
0 0.76015625 0.64453125 0.03125 0.021875
0 0.67265625 0.52265625 0.04375 0.025