0 0.8359375 0.42578125 0.0859375 0.10625
0 0.83046875 0.7671875 0.0578125 0.078125
0 0.23125 0.95078125 0.09375 0.0984375
0 0.28203125 0.9671875 0.0515625 0.065625
0 0.3828125 0.93671875 0.06875 0.0859375
0 0.5515625 0.84765625 0.06875 0.0859375
0 0.50546875 0.7953125 0.065625 0.1015625
0 0.10390625 0.78828125 0.078125 0.1421875
0 0.08515625 0.72265625 0.0890625 0.15
0 0.2859375 0.74921875 0.0875 0.1
0 0.1984375 0.6296875 0.096875 0.1140625
0 0.453125 0.65625 0.0859375 0.0953125
0 0.1390625 0.7328125 0.0828125 0.0875
0 0.2234375 0.815625 0.05 0.0703125
0 0.39765625 0.784375 0.05625 0.071875
0 0.31640625 0.8859375 0.065625 0.0734375
0 0.353125 0.8453125 0.0671875 0.0796875
0 0.1015625 0.584375 0.0765625 0.109375
0 0.25859375 0.5546875 0.071875 0.1140625
0 0.3578125 0.6109375 0.059375 0.0890625
0 0.31484375 0.56328125 0.09375 0.1125
0 0.428125 0.53046875 0.084375 0.1265625
0 0.5203125 0.51328125 0.0953125 0.134375
0 0.53671875 0.7546875 0.046875 0.059375
0 0.55 0.4984375 0.0640625 0.090625
0 0.6 0.54453125 0.0859375 0.0890625
0 0.71953125 0.38125 0.0828125 0.0875
0 0.6125 0.43671875 0.0765625 0.0921875
0 0.58046875 0.37265625 0.0859375 0.0953125
0 0.74296875 0.6546875 0.0453125 0.0640625
0 0.69453125 0.52734375 0.0453125 0.0640625
0 0.79921875 0.3109375 0.109375 0.115625
0 0.7921875 0.171875 0.0515625 0.065625
0 0.878125 0.31171875 0.040625 0.046875
0 0.86875 0.3375 0.05 0.059375
0 0.82578125 0.03828125 0.0484375 0.0765625
0 0.6578125 0.09296875 0.059375 0.1
0 0.73671875 0.1984375 0.059375 0.115625
0 0.1578125 0.5609375 0.084375 0.1
0 0.1046875 0.38984375 0.0859375 0.10625
0 0.2390625 0.4390625 0.0765625 0.0921875