0 0.44140625 0.3703125 0.0828125 0.053125
0 0.621875 0.65546875 0.0671875 0.05625
0 0.640625 0.79453125 0.0765625 0.05
0 0.76953125 0.6625 0.071875 0.0515625
0 0.875 0.6421875 0.078125 0.05625
0 0.6234375 0.44453125 0.0796875 0.059375
0 0.57109375 0.3875 0.071875 0.0515625
0 0.51171875 0.36484375 0.059375 0.0421875
0 0.4125 0.4453125 0.0453125 0.053125
0 0.4328125 0.4453125 0.05 0.046875
0 0.5125 0.41171875 0.04375 0.04375
0 0.55234375 0.4671875 0.0484375 0.0359375
0 0.54921875 0.45078125 0.046875 0.0328125