0 0.2484375 0.4109375 0.0375 0.0484375
0 0.26953125 0.4234375 0.0375 0.0484375
0 0.21640625 0.37890625 0.034375 0.0375
0 0.396875 0.55546875 0.0328125 0.0421875
0 0.36640625 0.5703125 0.040625 0.05
0 0.31015625 0.48984375 0.0359375 0.04375
0 0.5296875 0.1921875 0.046875 0.05625
0 0.55703125 0.89296875 0.0359375 0.059375
0 0.5484375 0.70234375 0.040625 0.065625
0 0.425 0.675 0.034375 0.0484375
0 0.42109375 0.55 0.0484375 0.05625
0 0.33046875 0.421875 0.0359375 0.059375
0 0.5359375 0.91953125 0.0375 0.0484375
0 0.66953125 0.2828125 0.0328125 0.0375
0 0.47421875 0.0890625 0.0375 0.0484375
0 0.60703125 0.1921875 0.046875 0.05625
0 0.58515625 0.21640625 0.040625 0.05
0 0.55078125 0.265625 0.05625 0.0578125
0 0.44609375 0.61484375 0.034375 0.0484375
0 0.540625 0.603125 0.0328125 0.0421875
0 0.45390625 0.71875 0.040625 0.05
0 0.53359375 0.75546875 0.0390625 0.0546875
0 0.50234375 0.78984375 0.0328125 0.0421875
0 0.503125 0.48828125 0.046875 0.05625
0 0.6703125 0.30703125 0.0484375 0.05625
0 0.5734375 0.97109375 0.040625 0.04375
0 0.478125 0.5296875 0.0390625 0.059375
0 0.525 0.88828125 0.0375 0.0484375
0 0.38359375 0.6 0.0484375 0.0515625
0 0.48828125 0.41875 0.046875 0.05625
0 0.61875 0.30703125 0.0328125 0.0421875
0 0.490625 0.76171875 0.028125 0.0359375