0 0.09453125 0.4046875 0.046875 0.0609375
0 0.30625 0.39375 0.0578125 0.0640625
0 0.2234375 0.290625 0.059375 0.059375
0 0.515625 0.71171875 0.0609375 0.0734375
0 0.48515625 0.69921875 0.0578125 0.078125
0 0.5453125 0.5546875 0.04375 0.0609375
0 0.52890625 0.51328125 0.04375 0.0609375
0 0.42265625 0.58359375 0.040625 0.065625
0 0.425 0.621875 0.0484375 0.05625
0 0.72109375 0.41953125 0.0421875 0.0546875
0 0.6296875 0.55625 0.0484375 0.0671875
0 0.74296875 0.540625 0.0359375 0.059375
0 0.75078125 0.5921875 0.0421875 0.0546875
0 0.534375 0.12109375 0.040625 0.05
0 0.546875 0.1546875 0.0390625 0.0546875
0 0.5453125 0.18046875 0.0453125 0.05
0 0.3234375 0.07890625 0.0546875 0.0671875
0 0.2625 0.1140625 0.0515625 0.0671875