0 0.1984375 0.6078125 0.1046875 0.1078125
0 0.29609375 0.55078125 0.0703125 0.096875
0 0.24453125 0.5359375 0.0890625 0.0921875
0 0.359375 0.45625 0.0609375 0.075
0 0.28828125 0.4765625 0.0546875 0.08125
0 0.3234375 0.50859375 0.0828125 0.0921875
0 0.2640625 0.6421875 0.0859375 0.0875
0 0.43828125 0.453125 0.05 0.059375
0 0.38046875 0.378125 0.040625 0.0578125
0 0.59921875 0.459375 0.0296875 0.0421875
0 0.515625 0.43125 0.0375 0.0484375
0 0.6328125 0.4453125 0.0328125 0.0421875
0 0.59140625 0.38125 0.0453125 0.053125
0 0.3734375 0.51171875 0.065625 0.059375