0 0.6359375 0.5421875 0.0453125 0.078125
0 0.33125 0.39765625 0.05 0.0640625
0 0.18984375 0.39609375 0.040625 0.0734375
0 0.30546875 0.25234375 0.04375 0.0671875
0 0.3125 0.1453125 0.046875 0.0734375
0 0.53984375 0.3703125 0.0515625 0.0734375
0 0.603125 0.415625 0.0421875 0.0671875
0 0.6328125 0.471875 0.0359375 0.05625
0 0.56484375 0.5796875 0.05 0.0421875
0 0.5625 0.56015625 0.040625 0.0453125
0 0.58671875 0.47734375 0.0375 0.040625
0 0.5265625 0.44453125 0.03125 0.0453125
0 0.54296875 0.4453125 0.028125 0.0453125