0 0.5421875 0.2359375 0.0953125 0.065625
0 0.68671875 0.1171875 0.0890625 0.0578125
0 0.77265625 0.1390625 0.09375 0.059375
0 0.8640625 0.1078125 0.078125 0.053125
0 0.8546875 0.0671875 0.0890625 0.0640625
0 0.33125 0.3875 0.0953125 0.0625
0 0.34140625 0.4296875 0.096875 0.06875
0 0.390625 0.4 0.084375 0.059375
0 0.43515625 0.45 0.0859375 0.065625
0 0.46328125 0.41328125 0.078125 0.053125
0 0.4984375 0.39609375 0.0671875 0.053125
0 0.6125 0.33203125 0.0890625 0.0578125
0 0.85 0.40234375 0.0828125 0.053125
0 0.84921875 0.43203125 0.078125 0.053125
0 0.61796875 0.48984375 0.084375 0.059375
0 0.13671875 0.68671875 0.071875 0.05
0 0.2578125 0.665625 0.0796875 0.059375
0 0.15703125 0.725 0.075 0.0625
0 0.2078125 0.71640625 0.0671875 0.053125
0 0.3390625 0.77421875 0.0796875 0.059375
0 0.4015625 0.7296875 0.078125 0.053125
0 0.39296875 0.8140625 0.0890625 0.0609375
0 0.52421875 0.78515625 0.0734375 0.0546875
0 0.58125 0.8171875 0.071875 0.046875
0 0.640625 0.7078125 0.075 0.0640625
0 0.7375 0.74921875 0.08125 0.0671875