0 0.68203125 0.34296875 0.053125 0.08125
0 0.70078125 0.24453125 0.0671875 0.0765625
0 0.5921875 0.40546875 0.078125 0.09375
0 0.56484375 0.71328125 0.046875 0.0859375
0 0.5359375 0.64375 0.053125 0.0765625
0 0.31484375 0.275 0.0484375 0.075
0 0.271875 0.49140625 0.0421875 0.08125
0 0.2609375 0.43984375 0.0484375 0.0578125
0 0.2484375 0.47265625 0.05625 0.0703125
0 0.34609375 0.45234375 0.053125 0.0765625
0 0.30625 0.3765625 0.0484375 0.075
0 0.50625 0.2234375 0.053125 0.0765625
0 0.45546875 0.24609375 0.0609375 0.1046875
0 0.3921875 0.47734375 0.0484375 0.075
0 0.4125 0.45859375 0.046875 0.08125
0 0.46484375 0.76953125 0.0484375 0.075
0 0.38359375 0.8703125 0.0390625 0.08125
0 0.434375 0.81875 0.05 0.0859375
0 0.3515625 0.91953125 0.0421875 0.0703125
0 0.434375 0.8921875 0.0421875 0.075
0 0.50625 0.5171875 0.0484375 0.0640625
0 0.525 0.39375 0.0515625 0.053125
0 0.63828125 0.30625 0.0734375 0.071875
0 0.53046875 0.428125 0.053125 0.065625
0 0.59921875 0.3265625 0.053125 0.0703125
0 0.3734375 0.36015625 0.0359375 0.0921875
0 0.39296875 0.6640625 0.034375 0.053125
0 0.9734375 0.1375 0.053125 0.08125
0 0.84609375 0.1734375 0.0390625 0.0640625