0 0.2546875 0.58671875 0.0328125 0.0453125
0 0.21875 0.609375 0.0328125 0.05
0 0.38203125 0.53671875 0.0296875 0.0546875
0 0.49921875 0.58828125 0.0375 0.0546875
0 0.459375 0.4375 0.0328125 0.0453125
0 0.54375 0.28515625 0.0484375 0.05625
0 0.73828125 0.23984375 0.0453125 0.0625
0 0.828125 0.78203125 0.0328125 0.0453125
0 0.9078125 0.8171875 0.0390625 0.0453125
0 0.925 0.609375 0.03125 0.0296875
0 0.91484375 0.62421875 0.0390625 0.0359375
0 0.1828125 0.82578125 0.0390625 0.0453125
0 0.33984375 0.8890625 0.0390625 0.040625
0 0.23046875 0.246875 0.025 0.04375
0 0.2390625 0.22421875 0.0390625 0.0453125
0 0.12421875 0.40703125 0.040625 0.05625
0 0.83125 0.30546875 0.0328125 0.0390625
0 0.4015625 0.26171875 0.028125 0.0390625
0 0.234375 0.09453125 0.0359375 0.0453125
0 0.23828125 0.06796875 0.0359375 0.0453125
0 0.41796875 0.91796875 0.0328125 0.0453125
0 0.3765625 0.91015625 0.0375 0.05
0 0.328125 0.7609375 0.028125 0.0390625
0 0.27734375 0.73203125 0.0359375 0.040625
0 0.89921875 0.7203125 0.0359375 0.0453125