0 0.865625 0.5546875 0.075 0.0640625
0 0.76015625 0.70625 0.05625 0.0453125
0 0.36640625 0.3703125 0.040625 0.0578125
0 0.33046875 0.44765625 0.0359375 0.0390625
0 0.478125 0.5625 0.0390625 0.0390625
0 0.4390625 0.38046875 0.0390625 0.0296875
0 0.46640625 0.3765625 0.0359375 0.04375
0 0.4453125 0.503125 0.040625 0.0484375
0 0.43125 0.4375 0.0453125 0.0578125
0 0.8265625 0.75703125 0.03125 0.0296875
0 0.75859375 0.7625 0.03125 0.034375
0 0.7296875 0.77578125 0.0390625 0.0390625
0 0.66640625 0.8125 0.04375 0.0390625
0 0.64296875 0.6015625 0.04375 0.0390625
0 0.72109375 0.52109375 0.05 0.05
0 0.57265625 0.5625 0.0359375 0.0390625
0 0.653125 0.5609375 0.04375 0.04375
0 0.678125 0.5515625 0.04375 0.0296875
0 0.72109375 0.5734375 0.0359375 0.0296875
0 0.7140625 0.55 0.0390625 0.0296875
0 0.6140625 0.6171875 0.0453125 0.0484375
0 0.65390625 0.49453125 0.0265625 0.034375
0 0.67109375 0.4984375 0.0265625 0.034375
0 0.6984375 0.48984375 0.03125 0.0296875
0 0.6765625 0.4765625 0.03125 0.0390625
0 0.66328125 0.46328125 0.0390625 0.0390625
0 0.63203125 0.47421875 0.0359375 0.0296875
0 0.609375 0.459375 0.0359375 0.034375
0 0.76796875 0.37734375 0.0390625 0.0390625
0 0.796875 0.12265625 0.0390625 0.04375
0 0.7484375 0.24609375 0.05 0.05
0 0.88515625 0.24375 0.0359375 0.0296875
0 0.8875 0.43515625 0.0359375 0.034375
0 0.840625 0.225 0.03125 0.034375
0 0.80625 0.25234375 0.0359375 0.0296875
0 0.72421875 0.34921875 0.0390625 0.04375
0 0.734375 0.29609375 0.03125 0.034375
0 0.7265625 0.315625 0.03125 0.034375
0 0.78984375 0.271875 0.04375 0.0390625
0 0.70234375 0.01171875 0.0484375 0.0234375
0 0.6734375 0.13671875 0.0453125 0.0578125
0 0.69765625 0.28359375 0.04375 0.04375
0 0.68359375 0.2609375 0.04375 0.034375
0 0.6671875 0.42734375 0.0265625 0.025
0 0.65 0.4234375 0.0265625 0.034375
0 0.62109375 0.18671875 0.0375 0.0484375
0 0.603125 0.21875 0.040625 0.053125
0 0.62265625 0.25703125 0.03125 0.0390625
0 0.5875 0.11015625 0.0453125 0.053125
0 0.49140625 0.0171875 0.0484375 0.034375
0 0.52734375 0.05859375 0.0390625 0.0390625
0 0.4578125 0.09609375 0.0390625 0.0296875
0 0.35234375 0.03046875 0.0390625 0.0390625
0 0.38828125 0.1890625 0.0453125 0.0484375
0 0.49921875 0.15703125 0.0390625 0.034375
0 0.49921875 0.13359375 0.0359375 0.034375
0 0.378125 0.26796875 0.0390625 0.034375
0 0.34296875 0.2109375 0.0359375 0.0390625
0 0.35625 0.221875 0.0359375 0.034375
0 0.284375 0.17578125 0.0328125 0.0484375
0 0.49296875 0.31875 0.0359375 0.034375
0 0.4609375 0.2796875 0.0359375 0.0390625
0 0.43359375 0.28125 0.0390625 0.0390625
0 0.515625 0.325 0.0390625 0.0390625
0 0.54765625 0.13125 0.040625 0.053125
0 0.53203125 0.23125 0.0390625 0.034375
0 0.59921875 0.37421875 0.03125 0.04375
0 0.5828125 0.296875 0.0484375 0.040625
0 0.54609375 0.2875 0.0359375 0.034375
0 0.68125 0.3375 0.0390625 0.04375