0 0.3765625 0.7953125 0.103125 0.1
0 0.43828125 0.70078125 0.09375 0.065625
0 0.45078125 0.753125 0.0875 0.084375
0 0.5359375 0.64296875 0.071875 0.0578125
0 0.5125 0.7125 0.078125 0.05
0 0.48203125 0.67578125 0.0875 0.078125
0 0.3453125 0.728125 0.0828125 0.08125
0 0.54375 0.5640625 0.05625 0.046875
0 0.615625 0.62578125 0.05625 0.0375
0 0.54609375 0.403125 0.040625 0.028125
0 0.56953125 0.48828125 0.046875 0.034375
0 0.56171875 0.3703125 0.040625 0.03125
0 0.6234375 0.41484375 0.0515625 0.0421875
0 0.48203125 0.62578125 0.05625 0.0625