0 0.41484375 0.28984375 0.0296875 0.0453125
0 0.4578125 0.3203125 0.0296875 0.0515625
0 0.32890625 0.26328125 0.0328125 0.05625
0 0.3359375 0.35078125 0.0359375 0.0515625
0 0.36484375 0.41484375 0.0296875 0.0453125
0 0.5140625 0.27109375 0.021875 0.0453125
0 0.51875 0.384375 0.0296875 0.05625
0 0.55390625 0.43984375 0.0265625 0.0453125
0 0.5453125 0.375 0.0265625 0.0625
0 0.54453125 0.3125 0.0265625 0.0625
0 0.4515625 0.446875 0.0328125 0.05625
0 0.48515625 0.3703125 0.025 0.040625
0 0.5921875 0.53828125 0.021875 0.040625
0 0.58984375 0.396875 0.021875 0.0515625
0 0.5921875 0.45078125 0.0265625 0.0453125
0 0.44453125 0.36796875 0.021875 0.034375
0 0.56484375 0.49921875 0.025 0.040625
0 0.54140625 0.45703125 0.028125 0.034375
0 0.5390625 0.4796875 0.0296875 0.0453125
0 0.4984375 0.4234375 0.028125 0.034375