0 0.71875 0.66171875 0.0796875 0.0875
0 0.65859375 0.63671875 0.059375 0.0796875
0 0.82109375 0.6796875 0.0421875 0.0546875
0 0.83359375 0.64296875 0.0484375 0.0671875
0 0.84609375 0.60625 0.0421875 0.0546875
0 0.86875 0.6328125 0.0375 0.0546875
0 0.934375 0.27578125 0.071875 0.0859375
0 0.86796875 0.39921875 0.0546875 0.0875
0 0.91875 0.434375 0.0578125 0.0828125
0 0.8078125 0.29765625 0.0484375 0.065625
0 0.79140625 0.28671875 0.0375 0.059375
0 0.80859375 0.40703125 0.053125 0.0625
0 0.6546875 0.23515625 0.0578125 0.0671875
0 0.74140625 0.4 0.053125 0.071875
0 0.76796875 0.15078125 0.0578125 0.0671875
0 0.6578125 0.38359375 0.0359375 0.0484375
0 0.6140625 0.34921875 0.05 0.05625
0 0.740625 0.2828125 0.0359375 0.0484375
0 0.784375 0.54375 0.04375 0.0640625
0 0.765625 0.57109375 0.0453125 0.05
0 0.73984375 0.5078125 0.04375 0.0640625
0 0.709375 0.55703125 0.053125 0.0578125
0 0.54609375 0.64296875 0.0421875 0.0546875
0 0.61015625 0.4859375 0.053125 0.071875
0 0.63828125 0.53515625 0.0421875 0.059375
0 0.66171875 0.5234375 0.0484375 0.05
0 0.5578125 0.53359375 0.0375 0.0546875
0 0.58671875 0.51953125 0.053125 0.0625
0 0.57734375 0.49296875 0.046875 0.05625
0 0.51953125 0.48671875 0.05 0.078125
0 0.5296875 0.453125 0.0515625 0.0515625
0 0.54296875 0.42265625 0.059375 0.0625
0 0.50546875 0.42109375 0.053125 0.0625
0 0.47421875 0.42265625 0.0453125 0.0765625
0 0.44609375 0.47265625 0.0609375 0.0890625
0 0.4390625 0.41015625 0.0734375 0.0703125
0 0.41015625 0.54375 0.0515625 0.065625
0 0.359375 0.4421875 0.053125 0.071875
0 0.37421875 0.659375 0.05 0.078125
0 0.18515625 0.68046875 0.059375 0.09375
0 0.26328125 0.55625 0.0421875 0.059375
0 0.24609375 0.52890625 0.059375 0.0796875
0 0.19296875 0.42890625 0.0546875 0.0671875
0 0.36328125 0.509375 0.053125 0.0625
0 0.3734375 0.59765625 0.0578125 0.0671875
0 0.3703125 0.55546875 0.0484375 0.05
0 0.31484375 0.41171875 0.0578125 0.0828125
0 0.25078125 0.44609375 0.05 0.05625
0 0.2046875 0.353125 0.05 0.078125
0 0.91328125 0.35546875 0.0328125 0.0484375
0 0.55078125 0.334375 0.05625 0.0625