0 0.9546875 0.21875 0.0421875 0.059375
0 0.97578125 0.275 0.0484375 0.075
0 0.94375 0.18046875 0.05 0.0765625
0 0.696875 0.21171875 0.05 0.0671875
0 0.6921875 0.13671875 0.05 0.0609375
0 0.746875 0.4953125 0.0625 0.0734375
0 0.76328125 0.275 0.046875 0.059375
0 0.74453125 0.303125 0.0515625 0.0609375
0 0.74140625 0.26953125 0.0515625 0.0609375
0 0.5953125 0.26328125 0.05 0.0671875
0 0.61953125 0.30546875 0.0578125 0.0734375
0 0.69765625 0.3984375 0.053125 0.0671875
0 0.69765625 0.43203125 0.0484375 0.065625
0 0.49296875 0.284375 0.0625 0.0734375
0 0.515625 0.32265625 0.0578125 0.0734375
0 0.43828125 0.2078125 0.0453125 0.053125
0 0.321875 0.340625 0.0484375 0.0703125
0 0.6125 0.4015625 0.0484375 0.0703125
0 0.65 0.40625 0.0375 0.0578125
0 0.72109375 0.6953125 0.05 0.0671875
0 0.684375 0.6828125 0.0578125 0.0828125
0 0.56171875 0.52109375 0.0515625 0.071875
0 0.57421875 0.4796875 0.059375 0.0625
0 0.29765625 0.57578125 0.0515625 0.0609375
0 0.2125 0.72421875 0.046875 0.05
0 0.2 0.75703125 0.0484375 0.0546875
0 0.32265625 0.54921875 0.0515625 0.0609375
0 0.37421875 0.6359375 0.053125 0.0671875
0 0.4375 0.57421875 0.0484375 0.0546875
0 0.55078125 0.603125 0.0578125 0.0578125
0 0.51953125 0.65 0.053125 0.0671875
0 0.42890625 0.6546875 0.05 0.0671875
0 0.3796875 0.7140625 0.05 0.0671875
0 0.590625 0.73671875 0.0484375 0.0703125
0 0.51875 0.83046875 0.05 0.0671875
0 0.51640625 0.7421875 0.053125 0.0671875
0 0.42890625 0.7921875 0.05625 0.06875
0 0.2203125 0.90703125 0.04375 0.06875
0 0.359375 0.95859375 0.05 0.05
0 0.5265625 0.96171875 0.059375 0.0625
0 0.521875 0.98046875 0.053125 0.0390625
0 0.6453125 0.70078125 0.05 0.05
0 0.6265625 0.6765625 0.065625 0.0703125
0 0.67265625 0.959375 0.05 0.05
0 0.653125 0.97578125 0.05 0.0484375
0 0.6375 0.98203125 0.046875 0.0359375
0 0.62109375 0.928125 0.0484375 0.0546875
0 0.49375 0.79453125 0.046875 0.05