0 0.62890625 0.71796875 0.03125 0.01875
0 0.7046875 0.5921875 0.03125 0.01875
0 0.7578125 0.5921875 0.03125 0.01875
0 0.75546875 0.72109375 0.0265625 0.01875
0 0.4109375 0.69375 0.0375 0.021875
0 0.56484375 0.7140625 0.03125 0.025
0 0.63984375 0.753125 0.03125 0.021875
0 0.56484375 0.74921875 0.03125 0.021875
0 0.52421875 0.5828125 0.0375 0.0296875
0 0.559375 0.52578125 0.03125 0.025
0 0.575 0.40390625 0.04375 0.025
0 0.81953125 0.40390625 0.0484375 0.025
0 0.75234375 0.51640625 0.04375 0.0296875
0 0.83046875 0.61640625 0.0265625 0.0296875
0 0.44375 0.41875 0.0375 0.025
0 0.65625 0.11796875 0.04375 0.0296875
0 0.4140625 0.30234375 0.04375 0.0296875
0 0.61015625 0.3265625 0.0265625 0.01875
0 0.728125 0.41484375 0.0265625 0.025
0 0.50234375 0.46640625 0.0375 0.034375
0 0.31953125 0.29140625 0.0375 0.0296875
0 0.7578125 0.64921875 0.03125 0.021875
0 0.671875 0.52578125 0.04375 0.025