0 0.63828125 0.53515625 0.040625 0.0765625
0 0.32578125 0.40703125 0.046875 0.0609375
0 0.18515625 0.4125 0.0375 0.071875
0 0.29296875 0.2625 0.040625 0.065625
0 0.29453125 0.15546875 0.04375 0.071875
0 0.5328125 0.36875 0.0484375 0.0703125
0 0.5984375 0.41015625 0.0390625 0.065625
0 0.63125 0.46484375 0.0328125 0.0546875
0 0.56875 0.5765625 0.0484375 0.0390625
0 0.565625 0.55703125 0.0390625 0.04375
0 0.58515625 0.47265625 0.0359375 0.0390625
0 0.5234375 0.44296875 0.0296875 0.04375
0 0.53984375 0.44296875 0.0265625 0.04375