0 0.06640625 0.2546875 0.03125 0.05
0 0.0421875 0.10390625 0.0296875 0.0453125
0 0.153125 0.48203125 0.03125 0.05
0 0.06640625 0.19765625 0.0265625 0.0453125
0 0.0921875 0.13828125 0.0390625 0.05625
0 0.48515625 0.08671875 0.034375 0.0453125
0 0.4109375 0.1390625 0.034375 0.0453125
0 0.37890625 0.15390625 0.0296875 0.0453125
0 0.65234375 0.49765625 0.034375 0.0453125
0 0.4109375 0.8546875 0.0265625 0.0453125
0 0.65 0.93984375 0.0375 0.0453125
0 0.490625 0.459375 0.0265625 0.0453125
0 0.42734375 0.45703125 0.0296875 0.0453125
0 0.621875 0.3890625 0.0390625 0.05
0 0.76015625 0.39765625 0.0375 0.0453125
0 0.5921875 0.30625 0.0390625 0.05
0 0.5828125 0.16640625 0.0375 0.0453125
0 0.94921875 0.23125 0.028125 0.0609375
0 0.97421875 0.25703125 0.040625 0.0453125
0 0.6390625 0.32421875 0.0234375 0.0390625
0 0.64140625 0.29453125 0.0265625 0.0453125
0 0.74921875 0.23515625 0.028125 0.05
0 0.80703125 0.2515625 0.034375 0.05625
0 0.690625 0.25234375 0.040625 0.0453125
0 0.68046875 0.22734375 0.040625 0.0390625
0 0.66484375 0.15 0.034375 0.05
0 0.96796875 0.06796875 0.0390625 0.0609375
0 0.7171875 0.1734375 0.03125 0.05
0 0.46484375 0.13203125 0.0265625 0.0390625
0 0.46328125 0.10234375 0.034375 0.0453125
0 0.3515625 0.32265625 0.0390625 0.05625
0 0.63125 0.1328125 0.0390625 0.0609375
0 0.271875 0.41015625 0.0234375 0.0390625
0 0.21171875 0.59375 0.03125 0.05
0 0.30859375 0.509375 0.0296875 0.0390625
0 0.09609375 0.0203125 0.0296875 0.040625
0 0.3453125 0.128125 0.028125 0.05
0 0.02265625 0.36328125 0.0296875 0.0390625
0 0.31015625 0.94765625 0.028125 0.05