0 0.7 0.36640625 0.0625 0.0859375
0 0.73046875 0.27109375 0.0765625 0.0828125
0 0.603125 0.4171875 0.0875 0.1015625
0 0.53828125 0.71953125 0.05625 0.090625
0 0.51875 0.646875 0.0625 0.08125
0 0.34375 0.25390625 0.0578125 0.0796875
0 0.275 0.46328125 0.0515625 0.084375
0 0.26953125 0.4109375 0.0546875 0.0625
0 0.25390625 0.4421875 0.0640625 0.0765625
0 0.353125 0.43359375 0.0625 0.08125
0 0.32265625 0.35390625 0.0578125 0.0796875
0 0.53984375 0.22578125 0.0625 0.08125
0 0.48671875 0.2421875 0.0734375 0.109375
0 0.39609375 0.4640625 0.0578125 0.0796875
0 0.41796875 0.4484375 0.0546875 0.0859375
0 0.43203125 0.76328125 0.0578125 0.0796875
0 0.3390625 0.853125 0.05 0.084375
0 0.3953125 0.80859375 0.059375 0.090625
0 0.3015625 0.8984375 0.05 0.075
0 0.38671875 0.88125 0.0515625 0.0796875
0 0.50390625 0.51796875 0.05625 0.06875
0 0.5375 0.39765625 0.0578125 0.059375
0 0.6609375 0.32421875 0.08125 0.0796875
0 0.5390625 0.43203125 0.059375 0.0703125
0 0.61953125 0.33984375 0.0609375 0.0765625
0 0.39140625 0.34609375 0.046875 0.0953125
0 0.3734375 0.65 0.0390625 0.05625
0 0.99140625 0.1984375 0.0171875 0.0875
0 0.8828125 0.21796875 0.046875 0.0671875