0 0.296875 0.3234375 0.053125 0.0609375
0 0.3046875 0.5203125 0.053125 0.0828125
0 0.3609375 0.56875 0.059375 0.0671875
0 0.39140625 0.425 0.06875 0.0828125
0 0.471875 0.48046875 0.065625 0.078125
0 0.6484375 0.41015625 0.0484375 0.0671875
0 0.58359375 0.5109375 0.034375 0.05625
0 0.63671875 0.70703125 0.0390625 0.0515625
0 0.58984375 0.675 0.0390625 0.0671875
0 0.56015625 0.59765625 0.0390625 0.0671875
0 0.546875 0.45 0.0453125 0.0671875
0 0.7 0.1875 0.0421875 0.05625
0 0.740625 0.28203125 0.0421875 0.0671875
0 0.7203125 0.34140625 0.04375 0.078125
0 0.9046875 0.47890625 0.0421875 0.0671875
0 0.77109375 0.18671875 0.0484375 0.1171875