0 0.0046875 0.77421875 0.009375 0.0640625
0 0.065625 0.8125 0.0390625 0.0578125
0 0.03984375 0.75703125 0.0453125 0.075
0 0.0796875 0.84921875 0.0453125 0.075
0 0.009375 0.84453125 0.01875 0.0765625
0 0.32421875 0.8015625 0.046875 0.0640625
0 0.33359375 0.87578125 0.046875 0.059375
0 0.25390625 0.521875 0.059375 0.071875
0 0.253125 0.74296875 0.0421875 0.0578125
0 0.26953125 0.71328125 0.05 0.059375
0 0.27578125 0.746875 0.05 0.059375
0 0.421875 0.7421875 0.046875 0.0640625
0 0.39453125 0.70234375 0.0546875 0.0703125
0 0.31015625 0.61484375 0.05 0.0640625
0 0.3078125 0.58203125 0.04375 0.0640625
0 0.52265625 0.71484375 0.059375 0.071875
0 0.496875 0.678125 0.0546875 0.0703125
0 0.58203125 0.7875 0.040625 0.053125
0 0.6890625 0.646875 0.04375 0.06875
0 0.39453125 0.60625 0.04375 0.06875
0 0.35703125 0.60390625 0.034375 0.05625
0 0.265625 0.3203125 0.046875 0.0640625
0 0.303125 0.33046875 0.053125 0.0796875
0 0.43671875 0.48359375 0.0484375 0.0703125
0 0.42734375 0.525 0.05625 0.0609375
0 0.696875 0.41015625 0.05 0.059375
0 0.771875 0.25625 0.04375 0.0484375
0 0.78125 0.22265625 0.0453125 0.053125
0 0.6734375 0.43828125 0.05 0.059375
0 0.615625 0.35546875 0.05 0.0640625
0 0.5578125 0.42109375 0.0453125 0.053125
0 0.4421875 0.40078125 0.05625 0.0546875
0 0.46953125 0.3515625 0.05 0.0640625
0 0.56015625 0.340625 0.046875 0.0640625
0 0.6046875 0.278125 0.046875 0.0640625
0 0.39296875 0.2703125 0.04375 0.06875
0 0.4578125 0.17109375 0.046875 0.0640625
0 0.4671875 0.259375 0.05 0.0640625
0 0.55078125 0.20390625 0.0546875 0.065625
0 0.75 0.07421875 0.040625 0.06875
0 0.60859375 0.0328125 0.046875 0.0484375
0 0.44140625 0.04140625 0.05625 0.0609375
0 0.44453125 0.01953125 0.0515625 0.0390625
0 0.340625 0.31015625 0.046875 0.0484375
0 0.3609375 0.3328125 0.0625 0.0671875
0 0.2953125 0.05390625 0.046875 0.0484375
0 0.31328125 0.0296875 0.046875 0.059375
0 0.32734375 0.021875 0.0421875 0.04375
0 0.34921875 0.08125 0.0453125 0.053125
0 0.4859375 0.20546875 0.04375 0.0484375