0 0.4125 0.3078125 0.0625 0.0421875
0 0.47890625 0.18828125 0.075 0.0546875
0 0.5640625 0.2359375 0.0640625 0.046875
0 0.40078125 0.24375 0.0625 0.0421875
0 0.446875 0.4578125 0.0640625 0.0515625
0 0.4484375 0.4125 0.0578125 0.0421875
0 0.5203125 0.31796875 0.046875 0.0421875
0 0.540625 0.290625 0.0578125 0.0421875
0 0.7875 0.36171875 0.075 0.0515625
0 0.675 0.41796875 0.078125 0.0390625
0 0.64375 0.4734375 0.0375 0.034375
0 0.24921875 0.578125 0.053125 0.0421875
0 0.32578125 0.63828125 0.059375 0.046875
0 0.42578125 0.64609375 0.0578125 0.0359375
0 0.93203125 0.69296875 0.0578125 0.0421875
0 0.89765625 0.66796875 0.053125 0.0421875
0 0.8828125 0.73515625 0.0546875 0.0515625
0 0.684375 0.66015625 0.046875 0.0421875
0 0.7125 0.63125 0.0625 0.0390625
0 0.76015625 0.49140625 0.0578125 0.0390625
0 0.72578125 0.453125 0.0546875 0.0515625
0 0.52734375 0.73203125 0.078125 0.0390625
0 0.4421875 0.52109375 0.0640625 0.0515625
0 0.53125 0.61953125 0.059375 0.046875
0 0.5171875 0.575 0.0640625 0.0546875
0 0.62734375 0.52421875 0.0640625 0.046875
0 0.78046875 0.57265625 0.0625 0.0359375
0 0.8484375 0.71953125 0.0484375 0.046875
0 0.33984375 0.8359375 0.0578125 0.0359375
0 0.6015625 0.59609375 0.0734375 0.0390625