0 0.2140625 0.08515625 0.0640625 0.071875
0 0.259375 0.04765625 0.0453125 0.0421875
0 0.51171875 0.28046875 0.0703125 0.10625
0 0.26875 0.2234375 0.0609375 0.078125
0 0.29296875 0.19765625 0.05625 0.065625
0 0.64375 0.08515625 0.0484375 0.0703125
0 0.74765625 0.0765625 0.0515625 0.0609375
0 0.8609375 0.20625 0.04375 0.053125
0 0.84921875 0.22734375 0.0359375 0.0578125
0 0.52578125 0.1515625 0.04375 0.059375
0 0.4359375 0.1640625 0.053125 0.0703125
0 0.3984375 0.1828125 0.065625 0.0671875
0 0.43359375 0.11484375 0.0515625 0.0609375
0 0.43984375 0.27109375 0.059375 0.0671875
0 0.30703125 0.3390625 0.0671875 0.078125
0 0.38984375 0.278125 0.05 0.0546875
0 0.4765625 0.3625 0.0625 0.0625
0 0.44140625 0.32890625 0.0515625 0.0609375
0 0.409375 0.31171875 0.0515625 0.0609375
0 0.078125 0.42109375 0.0546875 0.0546875
0 0.5546875 0.48671875 0.059375 0.0671875
0 0.53984375 0.521875 0.0625 0.0671875
0 0.85859375 0.4140625 0.0640625 0.071875
0 0.83515625 0.45546875 0.04375 0.0796875
0 0.80625 0.44375 0.04375 0.059375
0 0.7828125 0.4625 0.0453125 0.0703125
0 0.98828125 0.74453125 0.0234375 0.0640625
0 0.75859375 0.67578125 0.065625 0.0734375
0 0.6796875 0.446875 0.0671875 0.1
0 0.696875 0.51328125 0.046875 0.059375
0 0.69453125 0.60234375 0.046875 0.059375
0 0.69765625 0.63828125 0.0453125 0.0640625
0 0.76171875 0.5734375 0.0375 0.0640625
0 0.746875 0.47890625 0.040625 0.059375
0 0.5875 0.5703125 0.0484375 0.065625
0 0.52109375 0.71484375 0.0453125 0.0703125
0 0.503125 0.62890625 0.040625 0.059375
0 0.54765625 0.64453125 0.0515625 0.0609375
0 0.625 0.6703125 0.0453125 0.0640625
0 0.625 0.75 0.075 0.084375
0 0.8484375 0.56171875 0.0515625 0.065625
0 0.6609375 0.57109375 0.046875 0.0546875
0 0.63984375 0.61875 0.0453125 0.0640625
0 0.4734375 0.47890625 0.05625 0.0921875
0 0.45234375 0.5234375 0.0421875 0.075
0 0.4375 0.40703125 0.0515625 0.0609375
0 0.40078125 0.4203125 0.05 0.0765625
0 0.34765625 0.47734375 0.053125 0.0765625
0 0.384375 0.359375 0.0390625 0.0484375
0 0.25390625 0.6171875 0.0625 0.0984375
0 0.23828125 0.46796875 0.046875 0.059375
0 0.28828125 0.44140625 0.04375 0.053125
0 0.3015625 0.47578125 0.053125 0.05
0 0.4890625 0.90703125 0.053125 0.0703125
0 0.1265625 0.94140625 0.0546875 0.08125
0 0.20546875 0.96640625 0.0484375 0.065625
0 0.24375 0.971875 0.071875 0.05625
0 0.38359375 0.83359375 0.0375 0.06875