0 0.67265625 0.45 0.103125 0.0484375
0 0.63984375 0.390625 0.0984375 0.046875
0 0.5703125 0.33203125 0.0671875 0.0453125
0 0.6734375 0.221875 0.071875 0.0390625
0 0.6640625 0.17109375 0.0734375 0.0453125
0 0.59921875 0.10546875 0.0921875 0.053125
0 0.5859375 0.56171875 0.0671875 0.0453125
0 0.70390625 0.5703125 0.0890625 0.0625
0 0.93203125 0.284375 0.078125 0.046875
0 0.86875 0.12265625 0.0890625 0.0625
0 0.546875 0.28359375 0.0734375 0.0453125
0 0.81796875 0.31484375 0.08125 0.0546875
0 0.5171875 0.5984375 0.0671875 0.0421875
0 0.4828125 0.6140625 0.065625 0.0359375
0 0.3953125 0.65078125 0.0671875 0.0390625
0 0.51328125 0.43203125 0.053125 0.0328125
0 0.50703125 0.3953125 0.0546875 0.0359375
0 0.5265625 0.525 0.0484375 0.0390625
0 0.64453125 0.5171875 0.0609375 0.040625
0 0.38046875 0.44375 0.0609375 0.0375
0 0.7375 0.53359375 0.0578125 0.053125
0 0.3296875 0.67265625 0.0671875 0.0390625
0 0.825 0.21015625 0.06875 0.05625
0 0.82890625 0.08671875 0.06875 0.053125
0 0.75703125 0.08984375 0.0609375 0.04375
0 0.48203125 0.290625 0.05625 0.046875
0 0.46171875 0.26640625 0.0609375 0.04375
0 0.25546875 0.7984375 0.059375 0.034375
0 0.27421875 0.71484375 0.0796875 0.046875
0 0.5515625 0.7546875 0.0671875 0.0390625
0 0.61640625 0.6796875 0.0609375 0.040625
0 0.54375 0.71015625 0.078125 0.040625
0 0.50703125 0.66484375 0.059375 0.03125
0 0.503125 0.68125 0.059375 0.03125
0 0.1890625 0.7953125 0.0671875 0.046875
0 0.24453125 0.77265625 0.0609375 0.04375
0 0.44921875 0.73046875 0.0609375 0.0375
0 0.4046875 0.91953125 0.065625 0.0375
0 0.38125 0.9828125 0.059375 0.034375
0 0.31796875 0.9609375 0.0546875 0.040625
0 0.51171875 0.93984375 0.071875 0.0375
0 0.97421875 0.74609375 0.0515625 0.0390625
0 0.96484375 0.68515625 0.0671875 0.0390625
0 0.915625 0.70859375 0.071875 0.0375
0 0.896875 0.77421875 0.059375 0.034375
0 0.8921875 0.73359375 0.05625 0.05
0 0.95625 0.775 0.0421875 0.034375
0 0.92890625 0.8 0.0546875 0.0359375