0 0.2 0.83671875 0.0421875 0.05
0 0.09765625 0.790625 0.0359375 0.0390625
0 0.0890625 0.81640625 0.0421875 0.05
0 0.4015625 0.8640625 0.04375 0.0546875
0 0.153125 0.66171875 0.040625 0.059375
0 0.15234375 0.56640625 0.0453125 0.05
0 0.0765625 0.4640625 0.03125 0.046875
0 0.1203125 0.37890625 0.034375 0.0484375
0 0.1640625 0.3578125 0.0390625 0.0546875
0 0.2140625 0.09296875 0.0328125 0.053125
0 0.45546875 0.74296875 0.034375 0.0484375
0 0.384375 0.5921875 0.028125 0.0375
0 0.10859375 0.3078125 0.03125 0.046875
0 0.51171875 0.00703125 0.0296875 0.0140625
0 0.28125 0.265625 0.0296875 0.0421875
0 0.2765625 0.1015625 0.0328125 0.0421875
0 0.62890625 0.24765625 0.034375 0.0484375
0 0.56796875 0.05859375 0.04375 0.0609375
0 0.63046875 0.09296875 0.0359375 0.053125
0 0.26484375 0.05078125 0.0359375 0.0390625
0 0.4859375 0.1359375 0.0375 0.0484375
0 0.21796875 0.325 0.0328125 0.0421875
0 0.32890625 0.815625 0.0375 0.0484375
0 0.36015625 0.57734375 0.0328125 0.0421875
0 0.35234375 0.72265625 0.0328125 0.0421875
0 0.49296875 0.56328125 0.0328125 0.0421875
0 0.08828125 0.22109375 0.0390625 0.0546875
0 0.5875 0.07734375 0.0375 0.04375
0 0.60859375 0.10859375 0.04375 0.0609375
0 0.21953125 0.471875 0.0453125 0.05625
0 0.70546875 0.234375 0.04375 0.0546875
0 0.74765625 0.1484375 0.04375 0.0546875
0 0.8765625 0.321875 0.0375 0.0484375
0 0.884375 0.33515625 0.0375 0.0484375
0 0.48828125 0.26875 0.0375 0.04375
0 0.53359375 0.32421875 0.0328125 0.0421875
0 0.421875 0.66015625 0.0359375 0.053125
0 0.53671875 0.23515625 0.0453125 0.05625
0 0.51796875 0.17109375 0.03125 0.046875
0 0.3578125 0.03828125 0.03125 0.0375
0 0.64765625 0.3 0.0296875 0.0421875
0 0.4515625 0.47734375 0.028125 0.0375
0 0.30234375 0.4265625 0.034375 0.0484375
0 0.42265625 0.88203125 0.0421875 0.05
0 0.58515625 0.3 0.0453125 0.05
0 0.45234375 0.10546875 0.0375 0.0484375
0 0.20703125 0.26015625 0.0453125 0.065625
0 0.36875 0.2890625 0.0453125 0.05
0 0.30625 0.56796875 0.034375 0.0484375
0 0.32109375 0.57734375 0.0375 0.0484375