0 0.89375 0.18515625 0.075 0.0671875
0 0.934375 0.22890625 0.0453125 0.046875
0 0.71953125 0.49609375 0.1078125 0.0765625
0 0.76015625 0.25 0.08125 0.0640625
0 0.78671875 0.271875 0.0671875 0.0578125
0 0.9234375 0.6140625 0.071875 0.053125
0 0.93984375 0.7171875 0.0625 0.0546875
0 0.81796875 0.83984375 0.05625 0.046875
0 0.79609375 0.82890625 0.059375 0.0390625
0 0.84921875 0.5015625 0.0609375 0.0484375
0 0.83046875 0.41328125 0.0734375 0.05625
0 0.809375 0.3765625 0.0703125 0.06875
0 0.8796875 0.40625 0.0625 0.0546875
0 0.72421875 0.42421875 0.06875 0.0609375
0 0.646875 0.29609375 0.0828125 0.071875
0 0.7140625 0.375 0.0578125 0.053125
0 0.63515625 0.4671875 0.065625 0.065625
0 0.66640625 0.4296875 0.0625 0.0546875
0 0.68203125 0.396875 0.0625 0.0546875
0 0.54921875 0.0734375 0.059375 0.05625
0 0.5171875 0.55390625 0.06875 0.0609375
0 0.48125 0.54140625 0.06875 0.065625
0 0.6109375 0.8515625 0.075 0.0671875
0 0.56796875 0.83125 0.08125 0.0484375
0 0.57734375 0.8015625 0.0609375 0.0484375
0 0.55703125 0.7796875 0.071875 0.05
0 0.290625 0.9953125 0.065625 0.009375
0 0.3421875 0.76953125 0.0765625 0.0703125
0 0.565625 0.67578125 0.103125 0.0734375
0 0.5 0.696875 0.0625 0.0515625
0 0.41171875 0.70078125 0.0625 0.0515625
0 0.3765625 0.70703125 0.065625 0.0484375
0 0.44453125 0.76640625 0.0640625 0.040625
0 0.53828125 0.7453125 0.0609375 0.04375
0 0.4359375 0.5921875 0.0671875 0.0515625
0 0.2875 0.5359375 0.071875 0.05
0 0.371875 0.5125 0.0609375 0.04375
0 0.35859375 0.5578125 0.0625 0.0546875
0 0.3390625 0.63671875 0.065625 0.0484375
0 0.259375 0.6421875 0.0890625 0.0796875
0 0.46328125 0.85234375 0.0671875 0.0546875
0 0.43984375 0.665625 0.0578125 0.05
0 0.39140625 0.64765625 0.065625 0.0484375
0 0.51875 0.471875 0.0953125 0.0609375
0 0.4734375 0.45390625 0.0765625 0.046875
0 0.58828125 0.43125 0.0625 0.0546875
0 0.57265625 0.3953125 0.078125 0.0546875
0 0.51171875 0.34609375 0.0796875 0.0578125
0 0.63203125 0.375 0.05 0.040625
0 0.365625 0.2625 0.1015625 0.06875
0 0.51328125 0.23671875 0.0625 0.0515625
0 0.54375 0.284375 0.05625 0.046875
0 0.51015625 0.30078125 0.053125 0.0546875
0 0.09296875 0.51796875 0.0734375 0.05625
0 0.0375 0.1578125 0.075 0.059375
0 0.0234375 0.23828125 0.046875 0.0515625
0 0.0203125 0.27890625 0.040625 0.0765625
0 0.159375 0.40703125 0.0703125 0.040625