0 0.56953125 0.84296875 0.0734375 0.0671875
0 0.59296875 0.77578125 0.0796875 0.071875
0 0.4734375 0.75546875 0.0765625 0.0828125
0 0.471875 0.70859375 0.0609375 0.0578125
0 0.52109375 0.6921875 0.065625 0.071875
0 0.50625 0.5359375 0.0625 0.04375
0 0.49921875 0.5203125 0.0765625 0.04375
0 0.48984375 0.50078125 0.0875 0.05
0 0.4625 0.4890625 0.053125 0.04375
0 0.48671875 0.46796875 0.0578125 0.0453125
0 0.55625 0.50390625 0.0625 0.04375
0 0.55234375 0.4546875 0.05 0.0515625
0 0.640625 0.45546875 0.0546875 0.0484375
0 0.62734375 0.44453125 0.065625 0.0546875
0 0.61640625 0.403125 0.0546875 0.0515625
0 0.51484375 0.4109375 0.05 0.046875
0 0.43046875 0.4578125 0.0484375 0.04375
0 0.42265625 0.434375 0.0515625 0.0421875
0 0.44140625 0.40390625 0.053125 0.04375
0 0.43515625 0.378125 0.0546875 0.0484375
0 0.446875 0.33984375 0.0515625 0.0421875
0 0.45234375 0.29921875 0.06875 0.065625
0 0.33046875 0.4828125 0.0625 0.0609375
0 0.38671875 0.34296875 0.059375 0.05
0 0.3453125 0.34765625 0.0578125 0.0453125
0 0.346875 0.51640625 0.084375 0.05625
0 0.4921875 0.25703125 0.05 0.046875
0 0.50625 0.228125 0.05 0.0515625
0 0.53515625 0.23828125 0.05 0.046875
0 0.45859375 0.1859375 0.0609375 0.0578125
0 0.5390625 0.134375 0.06875 0.065625