0 0.33828125 0.1515625 0.059375 0.1078125
0 0.31484375 0.1671875 0.0515625 0.0828125
0 0.24375 0.0921875 0.05 0.071875
0 0.47734375 0.5390625 0.0875 0.071875
0 0.59296875 0.525 0.078125 0.1109375
0 0.3390625 0.31171875 0.0625 0.078125
0 0.4046875 0.2625 0.05 0.0765625
0 0.14375 0.19375 0.084375 0.10625
0 0.26875 0.2765625 0.0625 0.0734375
0 0.4296875 0.334375 0.0515625 0.0828125
0 0.3796875 0.4546875 0.16875 0.146875
0 0.38046875 0.41328125 0.0828125 0.0859375
0 0.4875 0.38515625 0.075 0.115625
0 0.73984375 0.55078125 0.0703125 0.115625
0 0.64453125 0.52109375 0.08125 0.10625
0 0.628125 0.46640625 0.0578125 0.0734375
0 0.6515625 0.453125 0.0453125 0.0625
0 0.81953125 0.23515625 0.0578125 0.0921875
0 0.5953125 0.2125 0.0546875 0.0765625
0 0.60078125 0.2875 0.065625 0.09375
0 0.62265625 0.3890625 0.05 0.071875
0 0.69140625 0.2375 0.046875 0.0765625
0 0.615625 0.34765625 0.053125 0.0625
0 0.67421875 0.3984375 0.059375 0.084375
0 0.8984375 0.89296875 0.059375 0.0890625
0 0.94375 0.81953125 0.059375 0.0890625
0 0.2359375 0.1921875 0.071875 0.0640625