0 0.71328125 0.8140625 0.034375 0.040625
0 0.7265625 0.58515625 0.03125 0.046875
0 0.59609375 0.7703125 0.03125 0.0359375
0 0.625 0.7734375 0.0265625 0.03125
0 0.6765625 0.72421875 0.0234375 0.0359375
0 0.6984375 0.69296875 0.0265625 0.0359375
0 0.5234375 0.6109375 0.03125 0.0359375
0 0.575 0.6546875 0.034375 0.040625
0 0.5828125 0.6828125 0.0421875 0.0359375
0 0.57890625 0.47421875 0.0265625 0.040625
0 0.56328125 0.46171875 0.0265625 0.0359375
0 0.5921875 0.4125 0.0375 0.0515625
0 0.540625 0.4125 0.034375 0.040625
0 0.559375 0.34296875 0.0265625 0.0359375
0 0.5515625 0.5671875 0.034375 0.040625
0 0.5734375 0.3890625 0.0375 0.0359375