0 0.11875 0.484375 0.034375 0.0359375
0 0.2140625 0.59140625 0.0296875 0.0359375
0 0.1765625 0.453125 0.0296875 0.03125
0 0.21640625 0.5234375 0.034375 0.0359375
0 0.29453125 0.41953125 0.0359375 0.0390625
0 0.29609375 0.33984375 0.040625 0.040625
0 0.49453125 0.32109375 0.040625 0.040625
0 0.4671875 0.26640625 0.0296875 0.0359375
0 0.35234375 0.2234375 0.034375 0.0359375
0 0.61796875 0.965625 0.0359375 0.0390625
0 0.64453125 0.9359375 0.034375 0.0359375
0 0.71328125 0.86015625 0.040625 0.0359375
0 0.5984375 0.95859375 0.034375 0.03125
0 0.78359375 0.8109375 0.0453125 0.040625
0 0.71328125 0.828125 0.034375 0.03125
0 0.67890625 0.84765625 0.0296875 0.03125
0 0.8234375 0.81640625 0.0296875 0.03125
0 0.8734375 0.815625 0.025 0.034375
0 0.64140625 0.88203125 0.0453125 0.0359375
0 0.709375 0.80078125 0.040625 0.0359375
0 0.6703125 0.8296875 0.0453125 0.0359375
0 0.3078125 0.54296875 0.034375 0.0359375
0 0.49140625 0.24609375 0.034375 0.03125
0 0.48125 0.2609375 0.040625 0.0359375
0 0.52578125 0.24765625 0.034375 0.03125