0 0.45234375 0.86640625 0.065625 0.0765625
0 0.2984375 0.7640625 0.0453125 0.0578125
0 0.62734375 0.3640625 0.059375 0.040625
0 0.54921875 0.3296875 0.0390625 0.0375
0 0.4375 0.4796875 0.040625 0.040625
0 0.61875 0.43671875 0.03125 0.0390625
0 0.62265625 0.4640625 0.04375 0.0375
0 0.49609375 0.4453125 0.05 0.040625
0 0.56171875 0.4296875 0.059375 0.0453125
0 0.24921875 0.83046875 0.0296875 0.03125
0 0.2421875 0.76328125 0.034375 0.03125
0 0.228125 0.734375 0.040625 0.040625
0 0.18984375 0.671875 0.040625 0.0453125
0 0.4015625 0.64453125 0.040625 0.0453125
0 0.4828125 0.72109375 0.05 0.05
0 0.43828125 0.57421875 0.0390625 0.0375
0 0.4421875 0.6546875 0.0453125 0.0453125
0 0.4515625 0.67890625 0.03125 0.04375
0 0.43046875 0.72265625 0.0296875 0.0359375
0 0.45390625 0.71484375 0.03125 0.0390625
0 0.38515625 0.61640625 0.05 0.0453125
0 0.50859375 0.65390625 0.034375 0.0265625
0 0.5046875 0.67109375 0.034375 0.0265625
0 0.5140625 0.69765625 0.0296875 0.03125
0 0.5265625 0.67578125 0.0390625 0.0328125
0 0.53984375 0.6625 0.040625 0.040625
0 0.528125 0.63125 0.0296875 0.0359375
0 0.54296875 0.609375 0.034375 0.0359375
0 0.62734375 0.765625 0.040625 0.040625
0 0.88203125 0.790625 0.0453125 0.040625
0 0.75859375 0.74453125 0.05 0.05
0 0.76328125 0.88125 0.0296875 0.0359375
0 0.571875 0.88671875 0.034375 0.0359375
0 0.78125 0.8359375 0.034375 0.03125
0 0.753125 0.8015625 0.0296875 0.0359375
0 0.6546875 0.721875 0.0453125 0.040625
0 0.7078125 0.73046875 0.034375 0.03125
0 0.68828125 0.7234375 0.034375 0.03125
0 0.7328125 0.7859375 0.040625 0.0453125
0 0.98984375 0.69296875 0.0203125 0.0484375
0 0.86640625 0.6671875 0.059375 0.0453125
0 0.71953125 0.69375 0.0453125 0.0453125
0 0.7421875 0.6796875 0.0359375 0.04375
0 0.57578125 0.66640625 0.025 0.0265625
0 0.5796875 0.6484375 0.034375 0.0265625
0 0.81484375 0.615625 0.0484375 0.0375
0 0.78359375 0.5984375 0.0546875 0.040625
0 0.74453125 0.61875 0.0390625 0.0328125
0 0.890625 0.58046875 0.0546875 0.0453125
0 0.9828125 0.48359375 0.034375 0.0484375
0 0.94140625 0.5203125 0.040625 0.040625
0 0.903125 0.45078125 0.03125 0.0390625
0 0.9671875 0.34453125 0.040625 0.040625
0 0.809375 0.3828125 0.05 0.0453125
0 0.8421875 0.49296875 0.0359375 0.0390625
0 0.86640625 0.49296875 0.034375 0.0359375
0 0.7296875 0.37421875 0.0359375 0.0390625
0 0.7859375 0.33828125 0.0390625 0.0375
0 0.77578125 0.3515625 0.034375 0.0359375
0 0.8203125 0.27890625 0.0484375 0.0328125
0 0.68125 0.48984375 0.034375 0.0359375
0 0.71953125 0.45703125 0.0390625 0.0375
0 0.7171875 0.4296875 0.040625 0.040625
0 0.67578125 0.5125 0.040625 0.040625
0 0.86953125 0.54140625 0.0546875 0.040625
0 0.76875 0.52734375 0.0359375 0.0390625
0 0.62734375 0.596875 0.04375 0.0328125
0 0.7046875 0.57890625 0.040625 0.05
0 0.71328125 0.5421875 0.034375 0.0359375
0 0.665625 0.67890625 0.0453125 0.040625