0 0.1296875 0.309375 0.0390625 0.05625
0 0.33828125 0.35 0.0484375 0.05625
0 0.28203125 0.2296875 0.053125 0.0515625
0 0.4640625 0.709375 0.05 0.0671875
0 0.43671875 0.6890625 0.046875 0.0734375
0 0.53046875 0.56328125 0.034375 0.05625
0 0.525 0.51953125 0.034375 0.05625
0 0.4046875 0.5625 0.03125 0.0609375
0 0.39765625 0.60078125 0.0421875 0.0515625
0 0.73359375 0.475 0.034375 0.0515625
0 0.61171875 0.5859375 0.0375 0.0625
0 0.72578125 0.59765625 0.028125 0.05625
0 0.7203125 0.65 0.034375 0.0515625
0 0.625 0.140625 0.034375 0.0453125
0 0.6296875 0.1765625 0.0296875 0.0515625
0 0.62109375 0.20078125 0.0375 0.0453125
0 0.43046875 0.04921875 0.0453125 0.0625
0 0.3625 0.06875 0.0421875 0.0625
0 0.7625 0.5125 0.046875 0.0625
0 0.37734375 0.03125 0.03125 0.040625
0 0.4078125 0.025 0.0203125 0.0234375