0 0.25859375 0.37421875 0.06875 0.078125
0 0.321875 0.38984375 0.05 0.0734375
0 0.1546875 0.37265625 0.034375 0.0515625
0 0.1484375 0.4109375 0.0390625 0.0609375
0 0.14140625 0.44921875 0.034375 0.0515625
0 0.11484375 0.4265625 0.0296875 0.0515625
0 0.10625 0.78984375 0.0609375 0.078125
0 0.15234375 0.6578125 0.04375 0.0828125
0 0.096875 0.63046875 0.046875 0.078125
0 0.228125 0.74765625 0.0390625 0.0609375
0 0.2453125 0.75625 0.0296875 0.05625
0 0.21015625 0.63984375 0.0453125 0.05625
0 0.38828125 0.7859375 0.0484375 0.0609375
0 0.27734375 0.63671875 0.0421875 0.0671875
0 0.290625 0.88671875 0.0484375 0.0609375
0 0.3625 0.63984375 0.0296875 0.0453125
0 0.41015625 0.66640625 0.0421875 0.0515625
0 0.296875 0.75234375 0.0296875 0.0453125
0 0.2125 0.50078125 0.034375 0.0609375
0 0.2265625 0.471875 0.0390625 0.0453125
0 0.26171875 0.5296875 0.034375 0.0609375
0 0.284375 0.47578125 0.0453125 0.0515625
0 0.43203125 0.36640625 0.034375 0.0515625
0 0.39375 0.53125 0.0421875 0.0671875
0 0.3578125 0.4875 0.034375 0.05625
0 0.33671875 0.50234375 0.0421875 0.0453125
0 0.4375 0.47578125 0.0296875 0.0515625
0 0.4109375 0.49453125 0.0453125 0.05625
0 0.425 0.51953125 0.0390625 0.0515625
0 0.4828125 0.515625 0.040625 0.0734375
0 0.478125 0.55078125 0.0453125 0.0453125
0 0.46953125 0.58359375 0.0515625 0.05625
0 0.50625 0.57890625 0.0453125 0.05625
0 0.5375 0.57265625 0.0359375 0.0734375
0 0.55703125 0.51875 0.05 0.0828125
0 0.57421875 0.57890625 0.0640625 0.0609375
0 0.58203125 0.44296875 0.0421875 0.0609375
0 0.6484375 0.53515625 0.0421875 0.0671875
0 0.59921875 0.32265625 0.040625 0.0734375
0 0.78203125 0.271875 0.046875 0.0890625
0 0.725 0.40703125 0.034375 0.05625
0 0.74609375 0.43203125 0.05 0.0734375
0 0.8140625 0.521875 0.0453125 0.0609375
0 0.63359375 0.46953125 0.0453125 0.05625
0 0.609375 0.38359375 0.0484375 0.0609375
0 0.61875 0.425 0.0421875 0.0453125
0 0.696875 0.55859375 0.046875 0.078125
0 0.7546875 0.5140625 0.0421875 0.0515625
0 0.81484375 0.5984375 0.040625 0.0734375
0 0.1140625 0.7078125 0.0265625 0.0453125
0 0.47578125 0.67109375 0.0484375 0.05625