0 0.7734375 0.04140625 0.0796875 0.0390625
0 0.0578125 0.36796875 0.0453125 0.0390625
0 0.5984375 0.3546875 0.065625 0.0484375
0 0.66484375 0.38671875 0.05 0.0421875
0 0.6234375 0.390625 0.05 0.0421875
0 0.7046875 0.5296875 0.0875 0.05
0 0.475 0.5109375 0.071875 0.053125
0 0.409375 0.5734375 0.065625 0.0515625
0 0.45390625 0.56875 0.0609375 0.040625
0 0.5296875 0.73046875 0.0609375 0.04375
0 0.64296875 0.86875 0.04375 0.03125
0 0.55703125 0.921875 0.0390625 0.0375
0 0.60625 0.8953125 0.0390625 0.03125
0 0.63046875 0.8859375 0.034375 0.0296875
0 0.590625 0.6796875 0.05625 0.046875
0 0.6828125 0.58671875 0.0546875 0.04375
0 0.64765625 0.5984375 0.0484375 0.0359375