0 0.67890625 0.834375 0.0390625 0.04375
0 0.71640625 0.60859375 0.0359375 0.05
0 0.5671875 0.77890625 0.034375 0.0390625
0 0.59609375 0.78515625 0.0296875 0.034375
0 0.65234375 0.74140625 0.0265625 0.0375
0 0.67734375 0.7125 0.0296875 0.0390625
0 0.51171875 0.6125 0.034375 0.0390625
0 0.55859375 0.66171875 0.0390625 0.04375
0 0.56328125 0.690625 0.0453125 0.040625
0 0.58125 0.4828125 0.03125 0.04375
0 0.5671875 0.46875 0.0296875 0.0390625
0 0.60078125 0.42265625 0.0421875 0.0546875
0 0.54921875 0.4171875 0.0390625 0.04375
0 0.57578125 0.35 0.0296875 0.0390625
0 0.54453125 0.571875 0.0390625 0.04375
0 0.584375 0.39765625 0.040625 0.0390625