0 0.95703125 0.140625 0.034375 0.059375
0 0.8734375 0.1171875 0.0296875 0.053125
0 0.90859375 0.1671875 0.034375 0.06875
0 0.853125 0.0828125 0.034375 0.0703125
0 0.940625 0.071875 0.04375 0.06875
0 0.62109375 0.17265625 0.0375 0.059375
0 0.5984375 0.10078125 0.0375 0.053125
0 0.73828125 0.4359375 0.0484375 0.0640625
0 0.70078125 0.21796875 0.034375 0.053125
0 0.68984375 0.25 0.040625 0.053125
0 0.678125 0.21796875 0.040625 0.053125
0 0.53515625 0.24765625 0.0375 0.059375
0 0.56875 0.28203125 0.04375 0.0640625
0 0.6671875 0.35390625 0.040625 0.059375
0 0.675 0.3859375 0.034375 0.059375
0 0.440625 0.2921875 0.0484375 0.0640625
0 0.471875 0.32421875 0.04375 0.0640625
0 0.36953125 0.23125 0.034375 0.046875
0 0.28828125 0.38828125 0.034375 0.0640625
0 0.58515625 0.37734375 0.034375 0.0640625
0 0.62265625 0.37265625 0.025 0.053125
0 0.76171875 0.6359375 0.0375 0.059375
0 0.7234375 0.6328125 0.040625 0.075
0 0.56484375 0.50546875 0.0375 0.0640625
0 0.5671875 0.4625 0.0484375 0.053125
0 0.321875 0.62265625 0.040625 0.053125
0 0.275 0.7875 0.0375 0.0421875
0 0.27109375 0.821875 0.0375 0.046875
0 0.33984375 0.590625 0.040625 0.053125
0 0.4109375 0.6625 0.040625 0.059375
0 0.45703125 0.5875 0.0375 0.046875
0 0.57421875 0.5875 0.0484375 0.046875
0 0.55546875 0.640625 0.040625 0.059375
0 0.46875 0.6671875 0.0375 0.059375
0 0.43515625 0.73671875 0.0375 0.059375
0 0.6453125 0.7078125 0.034375 0.0640625
0 0.5984375 0.81640625 0.0375 0.059375
0 0.57421875 0.73125 0.040625 0.059375
0 0.5015625 0.80078125 0.04375 0.059375
0 0.32734375 0.9625 0.0296875 0.0640625
0 0.47421875 0.97890625 0.040625 0.0421875
0 0.6375 0.94140625 0.0484375 0.053125
0 0.6390625 0.96796875 0.04375 0.0421875
0 0.68984375 0.659375 0.040625 0.0421875
0 0.665625 0.640625 0.053125 0.059375
0 0.77890625 0.90390625 0.040625 0.0421875
0 0.765625 0.93046875 0.0375 0.053125
0 0.753125 0.946875 0.034375 0.053125
0 0.72109375 0.8859375 0.0375 0.046875
0 0.56484375 0.7875 0.0375 0.0421875
0 0.02578125 0.02421875 0.0296875 0.0375