0 0.01875 0.82578125 0.0375 0.0609375
0 0.10078125 0.85546875 0.0328125 0.0546875
0 0.06953125 0.803125 0.0390625 0.071875
0 0.11875 0.89140625 0.0375 0.071875
0 0.03046875 0.89609375 0.05 0.0734375
0 0.35625 0.81796875 0.0421875 0.0625
0 0.37421875 0.89140625 0.040625 0.05625
0 0.2578125 0.54765625 0.053125 0.0671875
0 0.2796875 0.7671875 0.0359375 0.0546875
0 0.29296875 0.7359375 0.04375 0.05625
0 0.30234375 0.76875 0.04375 0.05625
0 0.44765625 0.74921875 0.0421875 0.0625
0 0.41640625 0.7125 0.05 0.0671875
0 0.32265625 0.634375 0.0453125 0.0625
0 0.3171875 0.6015625 0.0390625 0.0609375
0 0.54453125 0.71171875 0.053125 0.0671875
0 0.515625 0.67734375 0.0484375 0.0671875
0 0.61171875 0.77734375 0.0375 0.0484375
0 0.703125 0.6265625 0.0390625 0.065625
0 0.40625 0.61640625 0.0390625 0.065625
0 0.36875 0.61875 0.028125 0.0546875
0 0.2484375 0.34609375 0.0421875 0.0625
0 0.28671875 0.3515625 0.0453125 0.078125
0 0.4359375 0.48984375 0.0421875 0.0671875
0 0.43046875 0.5328125 0.0515625 0.05625
0 0.6859375 0.38984375 0.04375 0.05625
0 0.74453125 0.22890625 0.040625 0.0453125
0 0.75078125 0.19453125 0.040625 0.0515625
0 0.66640625 0.42109375 0.04375 0.05625
0 0.6 0.34375 0.0453125 0.0625
0 0.54921875 0.415625 0.040625 0.0515625
0 0.43203125 0.4078125 0.0515625 0.0515625
0 0.4546875 0.35546875 0.0453125 0.0625
0 0.54296875 0.33515625 0.0421875 0.0625
0 0.58125 0.26875 0.0421875 0.0625
0 0.36953125 0.2828125 0.0390625 0.065625
0 0.42421875 0.17734375 0.0421875 0.0625
0 0.4421875 0.2640625 0.0453125 0.0625
0 0.51953125 0.2 0.0484375 0.0625
0 0.7046875 0.05078125 0.034375 0.065625
0 0.559375 0.02421875 0.04375 0.0453125
0 0.39375 0.05 0.0515625 0.05625
0 0.39375 0.0234375 0.0484375 0.0453125
0 0.321875 0.328125 0.04375 0.0453125
0 0.34453125 0.3484375 0.0578125 0.0625
0 0.25 0.07734375 0.04375 0.0453125
0 0.26484375 0.05234375 0.040625 0.05625
0 0.27890625 0.03671875 0.0375 0.0546875
0 0.30625 0.09921875 0.040625 0.0515625
0 0.45546875 0.20859375 0.040625 0.0453125
0 0.93984375 0.99375 0.0328125 0.0125