0 0.93984375 0.1953125 0.0390625 0.0578125
0 0.96484375 0.2515625 0.046875 0.0734375
0 0.9265625 0.1578125 0.046875 0.075
0 0.99296875 0.16328125 0.0140625 0.0765625
0 0.68125 0.2015625 0.0484375 0.065625
0 0.67265625 0.1265625 0.046875 0.059375
0 0.74609375 0.4828125 0.059375 0.071875
0 0.75078125 0.26171875 0.04375 0.059375
0 0.734375 0.290625 0.05 0.059375
0 0.72890625 0.25703125 0.05 0.059375
0 0.5828125 0.259375 0.0484375 0.065625
0 0.609375 0.29921875 0.0546875 0.071875
0 0.6921875 0.38828125 0.0515625 0.065625
0 0.69375 0.42109375 0.0453125 0.0640625
0 0.48125 0.284375 0.059375 0.071875
0 0.50625 0.321875 0.0546875 0.071875
0 0.4234375 0.2109375 0.0421875 0.053125
0 0.31328125 0.35 0.0453125 0.06875
0 0.60703125 0.39609375 0.0453125 0.06875
0 0.64453125 0.3984375 0.034375 0.05625
0 0.73125 0.68359375 0.0484375 0.065625
0 0.69375 0.67265625 0.0546875 0.08125
0 0.5625 0.51796875 0.0484375 0.0703125
0 0.5734375 0.47578125 0.0578125 0.0609375
0 0.3015625 0.58671875 0.05 0.059375
0 0.22421875 0.7390625 0.0453125 0.0484375
0 0.2140625 0.77265625 0.0453125 0.053125
0 0.32578125 0.55859375 0.05 0.059375
0 0.38125 0.6421875 0.0515625 0.065625
0 0.44140625 0.57734375 0.0453125 0.053125
0 0.55625 0.6 0.05625 0.0546875
0 0.52734375 0.6484375 0.0515625 0.065625
0 0.4375 0.6578125 0.0484375 0.065625
0 0.39140625 0.7203125 0.0484375 0.065625
0 0.603125 0.73203125 0.0453125 0.06875
0 0.5359375 0.8296875 0.0484375 0.065625
0 0.52890625 0.74140625 0.0515625 0.065625
0 0.44453125 0.7953125 0.0546875 0.0671875
0 0.2421875 0.92109375 0.040625 0.06875
0 0.38359375 0.96484375 0.0484375 0.0484375
0 0.55078125 0.959375 0.0578125 0.0609375
0 0.54609375 0.98046875 0.0515625 0.0390625
0 0.65625 0.69296875 0.0484375 0.0484375
0 0.6359375 0.66953125 0.0640625 0.06875
0 0.696875 0.95 0.0484375 0.0484375
0 0.678125 0.971875 0.046875 0.05625
0 0.6625 0.978125 0.04375 0.04375
0 0.64375 0.92109375 0.0453125 0.053125
0 0.50859375 0.79453125 0.0453125 0.0484375