0 0.453125 0.421875 0.034375 0.0453125
0 0.46328125 0.409375 0.0359375 0.0515625
0 0.51875 0.409375 0.0296875 0.04375
0 0.53984375 0.40625 0.0359375 0.0515625
0 0.4375 0.53984375 0.0390625 0.053125
0 0.5421875 0.61875 0.034375 0.0453125
0 0.559375 0.47109375 0.03125 0.05
0 0.609375 0.4453125 0.0296875 0.04375
0 0.66796875 0.559375 0.028125 0.0390625
0 0.48125 0.525 0.0296875 0.04375
0 0.60546875 0.51640625 0.0328125 0.0453125
0 0.60390625 0.63828125 0.0359375 0.040625
0 0.434375 0.61640625 0.0390625 0.053125
0 0.51875 0.49609375 0.0421875 0.053125
0 0.1765625 0.5453125 0.0375 0.046875
0 0.05703125 0.41484375 0.03125 0.0390625
0 0.04609375 0.44140625 0.034375 0.0515625
0 0.165625 0.39296875 0.034375 0.0453125
0 0.09609375 0.50625 0.034375 0.0453125
0 0.1 0.59296875 0.028125 0.0390625
0 0.1484375 0.66640625 0.028125 0.0390625
0 0.21796875 0.6546875 0.028125 0.0390625
0 0.059375 0.55625 0.0375 0.046875
0 0.1375 0.4453125 0.034375 0.0453125
0 0.33203125 0.0515625 0.0359375 0.0515625
0 0.3046875 0.05546875 0.0390625 0.053125
0 0.31484375 0.09453125 0.0484375 0.0640625
0 0.2390625 0.13984375 0.03125 0.0484375
0 0.2234375 0.2375 0.0484375 0.0640625
0 0.13828125 0.60390625 0.0328125 0.0390625
0 0.22734375 0.7203125 0.0234375 0.03125
0 0.246875 0.740625 0.025 0.0375
0 0.03984375 0.7390625 0.0390625 0.053125