0 0.1265625 0.1703125 0.0390625 0.0546875
0 0.13359375 0.02109375 0.0390625 0.0421875
0 0.1640625 0.4109375 0.040625 0.05625
0 0.1390625 0.1140625 0.034375 0.0484375
0 0.17578125 0.06171875 0.0484375 0.0625
0 0.571875 0.09296875 0.0421875 0.05
0 0.48828125 0.128125 0.0421875 0.05
0 0.45390625 0.13671875 0.0390625 0.05
0 0.65 0.52890625 0.0421875 0.05
0 0.3390625 0.82890625 0.0359375 0.0484375
0 0.55546875 0.96171875 0.0453125 0.0515625
0 0.49921875 0.4578125 0.0359375 0.0484375
0 0.4375 0.44296875 0.0390625 0.05
0 0.6421875 0.4171875 0.046875 0.0578125
0 0.77578125 0.45390625 0.0453125 0.0515625
0 0.63046875 0.3296875 0.046875 0.05625
0 0.65 0.19140625 0.0453125 0.0515625
0 0.9875 0.3296875 0.025 0.065625
0 0.99453125 0.36015625 0.0109375 0.0515625
0 0.67265625 0.35703125 0.03125 0.04375
0 0.68125 0.32890625 0.0359375 0.0484375
0 0.79921875 0.29296875 0.0375 0.0546875
0 0.85234375 0.3203125 0.0453125 0.0609375
0 0.73828125 0.29765625 0.05 0.0515625
0 0.73359375 0.27109375 0.046875 0.046875
0 0.73359375 0.1921875 0.04375 0.05625
0 0.7796875 0.22578125 0.0390625 0.053125
0 0.5421875 0.1328125 0.034375 0.0421875
0 0.546875 0.103125 0.0421875 0.05
0 0.39140625 0.29609375 0.05 0.0625
0 0.7046875 0.16796875 0.05 0.0671875
0 0.2953125 0.36484375 0.03125 0.04375
0 0.1984375 0.53203125 0.040625 0.05625
0 0.3109375 0.46953125 0.0375 0.0453125
0 0.4265625 0.10390625 0.0375 0.0546875
0 0.06171875 0.26640625 0.0375 0.0453125
0 0.22109375 0.8984375 0.0359375 0.0546875