0 0.15859375 0.20625 0.05 0.040625
0 0.20234375 0.103125 0.0375 0.034375
0 0.1765625 0.0953125 0.05 0.040625
0 0.134375 0.4078125 0.05625 0.0421875
0 0.33203125 0.15625 0.059375 0.0390625
0 0.42734375 0.15390625 0.05 0.04375
0 0.52890625 0.0765625 0.046875 0.03125
0 0.61484375 0.11875 0.0484375 0.0328125
0 0.63671875 0.16171875 0.0546875 0.0375
0 0.9015625 0.20703125 0.053125 0.03125
0 0.25625 0.459375 0.0484375 0.0328125
0 0.40625 0.3859375 0.0359375 0.028125
0 0.68515625 0.10546875 0.046875 0.03125
0 0.99296875 0.50234375 0.0140625 0.0296875
0 0.73046875 0.27734375 0.040625 0.0296875
0 0.89453125 0.2703125 0.0421875 0.0328125
0 0.7546875 0.62421875 0.0484375 0.0328125
0 0.9421875 0.56015625 0.0609375 0.04375
0 0.909375 0.6234375 0.0546875 0.034375
0 0.94453125 0.25703125 0.0375 0.034375
0 0.8640625 0.4796875 0.0484375 0.0359375
0 0.6703125 0.21484375 0.0421875 0.0328125
0 0.18125 0.33515625 0.0484375 0.0359375
0 0.4203125 0.36171875 0.0421875 0.0328125
0 0.275 0.35625 0.0421875 0.0328125
0 0.43671875 0.49375 0.0421875 0.0328125
0 0.77109375 0.08359375 0.0546875 0.0375
0 0.9234375 0.58046875 0.0421875 0.0359375
0 0.89375 0.60234375 0.0609375 0.04375
0 0.52265625 0.21875 0.05625 0.0453125
0 0.76875 0.70078125 0.05625 0.0421875
0 0.85625 0.74140625 0.05625 0.0421875
0 0.68515625 0.8734375 0.0484375 0.0359375
0 0.67109375 0.88125 0.0484375 0.0359375
0 0.73125 0.484375 0.0421875 0.0359375
0 0.6765625 0.53046875 0.0421875 0.0328125
0 0.33828125 0.425 0.0546875 0.034375
0 0.765625 0.5328125 0.05625 0.0453125
0 0.82890625 0.5125 0.046875 0.03125
0 0.959375 0.35 0.0375 0.03125
0 0.70234375 0.64453125 0.040625 0.0296875
0 0.521875 0.45078125 0.0359375 0.028125
0 0.5703125 0.30078125 0.0484375 0.0328125
0 0.11640625 0.4296875 0.05 0.040625
0 0.7015625 0.58203125 0.05 0.04375
0 0.89375 0.4453125 0.0484375 0.0359375
0 0.73515625 0.203125 0.065625 0.04375
0 0.70859375 0.365625 0.05 0.04375
0 0.428125 0.3078125 0.0484375 0.0328125
0 0.41953125 0.32265625 0.0484375 0.0359375