0 0.26875 0.3609375 0.059375 0.0671875
0 0.3109375 0.55390625 0.0609375 0.0890625
0 0.375 0.59140625 0.065625 0.0734375
0 0.38046875 0.4453125 0.0765625 0.090625
0 0.46875 0.48515625 0.071875 0.084375
0 0.63046875 0.38515625 0.05625 0.071875
0 0.58359375 0.49609375 0.040625 0.059375
0 0.6703125 0.68046875 0.04375 0.053125
0 0.61875 0.65703125 0.0453125 0.0703125
0 0.57578125 0.5859375 0.0453125 0.0703125
0 0.5375 0.44296875 0.053125 0.0703125
0 0.64296875 0.15703125 0.046875 0.059375
0 0.69921875 0.24296875 0.0484375 0.0703125
0 0.68984375 0.30546875 0.05 0.08125
0 0.8953125 0.40859375 0.0484375 0.0703125
0 0.7125 0.14453125 0.059375 0.1203125