0 0.259375 0.4328125 0.08125 0.084375
0 0.43125 0.78359375 0.0671875 0.0859375
0 0.7171875 0.7703125 0.065625 0.0765625
0 0.32578125 0.55546875 0.05625 0.06875
0 0.35 0.51328125 0.071875 0.071875
0 0.44765625 0.41875 0.0796875 0.06875
0 0.42109375 0.49296875 0.0578125 0.075
0 0.42265625 0.5453125 0.065625 0.0765625
0 0.56875 0.43984375 0.0640625 0.0703125
0 0.46171875 0.60546875 0.0515625 0.0828125
0 0.48984375 0.5453125 0.0609375 0.090625
0 0.70078125 0.428125 0.0671875 0.08125
0 0.7984375 0.3796875 0.0703125 0.08125
0 0.7703125 0.45546875 0.0578125 0.075
0 0.82265625 0.5390625 0.0640625 0.0859375
0 0.6984375 0.64140625 0.065625 0.0765625
0 0.83359375 0.28984375 0.059375 0.084375
0 0.51640625 0.60859375 0.0671875 0.08125
0 0.8546875 0.3953125 0.065625 0.090625
0 0.6671875 0.590625 0.0453125 0.0671875