0 0.3265625 0.66640625 0.05 0.078125
0 0.3125 0.765625 0.0625 0.0734375
0 0.4125 0.59921875 0.0734375 0.090625
0 0.42421875 0.290625 0.0421875 0.084375
0 0.45625 0.35859375 0.05 0.0734375
0 0.696875 0.71484375 0.0453125 0.0734375
0 0.728125 0.496875 0.0375 0.078125
0 0.7421875 0.54765625 0.0453125 0.05625
0 0.75234375 0.5140625 0.053125 0.06875
0 0.65625 0.53984375 0.05 0.0734375
0 0.7 0.61328125 0.0453125 0.0734375
0 0.50859375 0.7765625 0.05 0.0734375
0 0.5578125 0.7515625 0.05625 0.1015625
0 0.60859375 0.5171875 0.0453125 0.0734375
0 0.58984375 0.53671875 0.0421875 0.078125
0 0.52109375 0.22890625 0.0453125 0.0734375
0 0.596875 0.12421875 0.0359375 0.078125
0 0.54921875 0.178125 0.0453125 0.084375
0 0.6265625 0.0734375 0.0375 0.06875
0 0.5453125 0.1046875 0.0390625 0.0734375
0 0.49296875 0.4828125 0.0453125 0.0625
0 0.48046875 0.60703125 0.05 0.05
0 0.371875 0.70078125 0.0703125 0.06875
0 0.4734375 0.5734375 0.05 0.0625
0 0.41015625 0.678125 0.05 0.06875
0 0.63359375 0.6328125 0.03125 0.090625
0 0.5984375 0.33046875 0.03125 0.05
0 0.0421875 0.88671875 0.05625 0.078125
0 0.171875 0.84453125 0.034375 0.0625