0 0.12890625 0.40390625 0.0703125 0.103125
0 0.07421875 0.771875 0.06875 0.096875
0 0.13046875 0.634375 0.065625 0.0921875
0 0.18125 0.76484375 0.059375 0.078125
0 0.184375 0.465625 0.0828125 0.1
0 0.15 0.51953125 0.0640625 0.075
0 0.2484375 0.46328125 0.05625 0.078125
0 0.203125 0.40546875 0.046875 0.0765625
0 0.12734375 0.74921875 0.065625 0.0921875
0 0.2375 0.58828125 0.078125 0.09375
0 0.2859375 0.609375 0.0640625 0.103125
0 0.215625 0.6390625 0.059375 0.078125
0 0.3078125 0.665625 0.0703125 0.1203125
0 0.36484375 0.5890625 0.0578125 0.0671875
0 0.39453125 0.56171875 0.06875 0.096875
0 0.33828125 0.69296875 0.0640625 0.06875
0 0.38046875 0.71328125 0.0515625 0.0890625
0 0.55546875 0.46875 0.084375 0.10625
0 0.4875 0.50390625 0.071875 0.115625
0 0.44765625 0.5234375 0.0796875 0.1
0 0.43671875 0.63359375 0.0640625 0.1140625
0 0.3734375 0.6359375 0.0890625 0.1015625
0 0.18125 0.54375 0.0546875 0.0734375
0 0.54453125 0.5328125 0.046875 0.065625
0 0.6109375 0.22734375 0.0703125 0.0875
0 0.57734375 0.2 0.065625 0.0796875
0 0.9734375 0.3515625 0.053125 0.15
0 0.96328125 0.18046875 0.0734375 0.0984375
0 0.8375 0.3171875 0.08125 0.0953125
0 0.7515625 0.48828125 0.0546875 0.1
0 0.29375 0.80859375 0.0609375 0.0734375
0 0.934375 0.484375 0.06875 0.096875