0 0.11875 0.5109375 0.0375 0.0390625
0 0.22109375 0.6109375 0.0328125 0.0375
0 0.17421875 0.47578125 0.03125 0.0328125
0 0.21875 0.54375 0.0375 0.0390625
0 0.28984375 0.434375 0.0375 0.0421875
0 0.28515625 0.35390625 0.04375 0.0421875
0 0.48203125 0.321875 0.04375 0.0421875
0 0.45078125 0.26953125 0.0328125 0.0375
0 0.33359375 0.234375 0.0375 0.0390625
0 0.65 0.95625 0.0375 0.0421875
0 0.675 0.925 0.0375 0.0390625
0 0.7375 0.84453125 0.04375 0.0390625
0 0.63046875 0.95 0.0359375 0.034375
0 0.80390625 0.78984375 0.0484375 0.04375
0 0.7359375 0.8125 0.0359375 0.034375
0 0.70234375 0.834375 0.03125 0.0328125
0 0.8453125 0.79296875 0.03125 0.0328125
0 0.89453125 0.78828125 0.028125 0.0375
0 0.6671875 0.87109375 0.0484375 0.040625
0 0.7296875 0.7859375 0.04375 0.0390625
0 0.69296875 0.8171875 0.0484375 0.040625
0 0.31171875 0.55625 0.0375 0.0390625
0 0.47421875 0.246875 0.0359375 0.034375
0 0.4640625 0.2625 0.04375 0.0375
0 0.5078125 0.24609375 0.0359375 0.034375