0 0.12265625 0.43046875 0.0609375 0.0875
0 0.0234375 0.57578125 0.046875 0.0640625
0 0.13984375 0.53203125 0.053125 0.05625
0 0.0984375 0.57265625 0.04375 0.0484375
0 0.08125 0.59609375 0.05 0.05625
0 0.0203125 0.64765625 0.0375 0.0421875
0 0.0515625 0.67109375 0.04375 0.0484375
0 0.15234375 0.7296875 0.0546875 0.0609375
0 0.12265625 0.7671875 0.05 0.05625
0 0.18671875 0.73203125 0.0515625 0.065625
0 0.2484375 0.54765625 0.0375 0.075
0 0.27890625 0.53203125 0.0421875 0.0703125
0 0.19453125 0.55625 0.040625 0.0640625
0 0.278125 0.5734375 0.0453125 0.0640625
0 0.21328125 0.59453125 0.0359375 0.0578125
0 0.31015625 0.65 0.0390625 0.0546875
0 0.32890625 0.59453125 0.046875 0.0484375
0 0.38359375 0.49140625 0.046875 0.0484375
0 0.33984375 0.47734375 0.0453125 0.0640625
0 0.46796875 0.52890625 0.05 0.05625
0 0.41484375 0.5546875 0.040625 0.0640625
0 0.365625 0.58046875 0.05 0.05625
0 0.44921875 0.6 0.040625 0.059375
0 0.48828125 0.58359375 0.05 0.0703125
0 0.43984375 0.784375 0.04375 0.0546875
0 0.55078125 0.65078125 0.04375 0.0546875
0 0.55625 0.50546875 0.04375 0.0484375
0 0.9109375 0.90546875 0.059375 0.078125
0 0.596875 0.73671875 0.046875 0.0703125
0 0.78046875 0.69921875 0.05 0.0765625
0 0.7984375 0.64140625 0.046875 0.0765625
0 0.78203125 0.596875 0.053125 0.0703125
0 0.89609375 0.79296875 0.046875 0.0546875
0 0.87109375 0.7421875 0.0453125 0.059375
0 0.9546875 0.61953125 0.0328125 0.040625
0 0.871875 0.6484375 0.0375 0.0375
0 0.96875 0.50859375 0.0390625 0.0484375
0 0.628125 0.5703125 0.05 0.05
0 0.71640625 0.46171875 0.059375 0.071875
0 0.6515625 0.46640625 0.03125 0.053125
0 0.66640625 0.4296875 0.05625 0.05625
0 0.85703125 0.459375 0.04375 0.0484375
0 0.74296875 0.37421875 0.034375 0.053125
0 0.5453125 0.38828125 0.0390625 0.0484375
0 0.75859375 0.33515625 0.053125 0.05
0 0.42109375 0.3953125 0.0578125 0.065625
0 0.42265625 0.29375 0.0484375 0.059375
0 0.52734375 0.29375 0.05 0.05625
0 0.48515625 0.39609375 0.0484375 0.059375
0 0.57578125 0.18828125 0.046875 0.0703125
0 0.34140625 0.38671875 0.0359375 0.0578125
0 0.28984375 0.43203125 0.046875 0.0546875
0 0.22109375 0.47734375 0.0390625 0.0546875
0 0.24140625 0.446875 0.04375 0.0546875