0 0.3109375 0.59453125 0.04375 0.0640625
0 0.18984375 0.53203125 0.05625 0.0765625
0 0.23359375 0.4453125 0.0484375 0.0640625
0 0.24765625 0.6078125 0.04375 0.0640625
0 0.46015625 0.5546875 0.053125 0.065625
0 0.41484375 0.5546875 0.04375 0.059375
0 0.3171875 0.4859375 0.04375 0.0484375
0 0.2890625 0.46640625 0.04375 0.059375
0 0.3515625 0.2171875 0.053125 0.0765625
0 0.41171875 0.328125 0.0421875 0.0796875
0 0.46796875 0.35703125 0.0359375 0.0390625
0 0.58671875 0.7484375 0.04375 0.0546875
0 0.64453125 0.66953125 0.0484375 0.059375
0 0.6484375 0.56875 0.0375 0.059375
0 0.678125 0.0609375 0.04375 0.059375
0 0.65390625 0.096875 0.04375 0.0546875
0 0.721875 0.10859375 0.053125 0.05625
0 0.65390625 0.31015625 0.04375 0.0484375
0 0.62421875 0.2828125 0.040625 0.0640625
0 0.4828125 0.240625 0.040625 0.059375
0 0.4453125 0.27578125 0.053125 0.05625
0 0.73125 0.4640625 0.0421875 0.0796875
0 0.5234375 0.55703125 0.053125 0.065625
0 0.61875 0.46484375 0.0484375 0.059375
0 0.57421875 0.48046875 0.05625 0.065625
0 0.51953125 0.371875 0.0484375 0.0640625
0 0.5625 0.2171875 0.0375 0.0640625
0 0.7078125 0.14375 0.0484375 0.0484375
0 0.84140625 0.64765625 0.0375 0.059375
0 0.5921875 0.3953125 0.040625 0.075