0 0.5515625 0.7546875 0.040625 0.028125
0 0.56953125 0.79375 0.046875 0.028125
0 0.5203125 0.621875 0.0515625 0.0234375
0 0.5875 0.51328125 0.0515625 0.03125
0 0.4328125 0.53125 0.040625 0.028125
0 0.29375 0.4265625 0.0515625 0.0421875
0 0.27578125 0.228125 0.05625 0.0375
0 0.825 0.2140625 0.040625 0.028125
0 0.87109375 0.140625 0.040625 0.034375
0 0.6671875 0.09453125 0.025 0.028125
0 0.68046875 0.10625 0.03125 0.034375
0 0.778125 0.859375 0.040625 0.034375
0 0.86328125 0.7125 0.0359375 0.034375
0 0.21171875 0.73203125 0.040625 0.01875
0 0.190625 0.7203125 0.040625 0.034375
0 0.35546875 0.859375 0.0515625 0.034375
0 0.353125 0.14453125 0.0359375 0.028125
0 0.25 0.5640625 0.0359375 0.0234375
0 0.06171875 0.70625 0.040625 0.03125
0 0.0359375 0.69921875 0.040625 0.03125
0 0.90234375 0.6390625 0.040625 0.028125
0 0.8890625 0.6796875 0.046875 0.03125
0 0.734375 0.70625 0.0359375 0.0234375
0 0.6984375 0.753125 0.0359375 0.03125
0 0.7734375 0.13515625 0.040625 0.03125