0 0.31875 0.9125 0.0359375 0.046875
0 0.20703125 0.90078125 0.03125 0.034375
0 0.20703125 0.928125 0.0359375 0.046875
0 0.51875 0.8765625 0.0375 0.053125
0 0.2203125 0.7609375 0.034375 0.0578125
0 0.190625 0.6703125 0.0390625 0.046875
0 0.08671875 0.596875 0.025 0.0453125
0 0.1015625 0.5015625 0.028125 0.0453125
0 0.13671875 0.46796875 0.0328125 0.0515625
0 0.10234375 0.2015625 0.0265625 0.0515625
0 0.53203125 0.7453125 0.028125 0.0453125
0 0.41796875 0.6234375 0.025 0.034375
0 0.06875 0.43828125 0.025 0.0453125
0 0.35703125 0.021875 0.0265625 0.0234375
0 0.21953125 0.3453125 0.025 0.0390625
0 0.16484375 0.18984375 0.028125 0.0390625
0 0.54453125 0.2203125 0.028125 0.0453125
0 0.428125 0.059375 0.0375 0.0578125
0 0.4984375 0.07265625 0.0296875 0.0515625
0 0.1375 0.14609375 0.03125 0.034375
0 0.37421875 0.1578125 0.0328125 0.046875
0 0.178125 0.42109375 0.028125 0.0390625
0 0.43515625 0.853125 0.0328125 0.046875
0 0.39140625 0.6171875 0.028125 0.0390625
0 0.428125 0.75703125 0.028125 0.0390625
0 0.5125 0.5625 0.028125 0.0390625
0 0.021875 0.3625 0.0328125 0.0515625
0 0.1328125 0.05234375 0.0390625 0.046875
0 0.453125 0.07109375 0.03125 0.0390625
0 0.4828125 0.09375 0.0375 0.0578125
0 0.22421875 0.56015625 0.040625 0.053125
0 0.61328125 0.184375 0.0375 0.053125
0 0.62734375 0.0890625 0.0375 0.053125
0 0.803125 0.2140625 0.03125 0.0453125
0 0.81484375 0.225 0.03125 0.0453125
0 0.4171875 0.28359375 0.03125 0.0390625
0 0.47734375 0.32265625 0.028125 0.0390625
0 0.47578125 0.6765625 0.0296875 0.0515625
0 0.453125 0.23671875 0.040625 0.053125
0 0.415625 0.18203125 0.025 0.0453125
0 0.22265625 0.1046875 0.028125 0.034375
0 0.57890625 0.2640625 0.025 0.0390625
0 0.446875 0.49375 0.025 0.034375
0 0.2890625 0.490625 0.028125 0.0453125
0 0.54453125 0.8875 0.0359375 0.046875
0 0.51953125 0.28359375 0.0390625 0.046875
0 0.3328125 0.13984375 0.03125 0.0453125
0 0.14765625 0.3625 0.0375 0.0625
0 0.31015625 0.33984375 0.0390625 0.046875
0 0.33671875 0.625 0.028125 0.0453125
0 0.35390625 0.62890625 0.03125 0.0453125