0 0.10234375 0.1625 0.05 0.0828125
0 0.4109375 0.68046875 0.0578125 0.0890625
0 0.31328125 0.49921875 0.0484375 0.09375
0 0.45078125 0.446875 0.046875 0.075
0 0.70390625 0.9046875 0.053125 0.0765625
0 0.5796875 0.7890625 0.046875 0.075
0 0.55859375 0.65078125 0.0375 0.0796875
0 0.52265625 0.5328125 0.0453125 0.0640625
0 0.51796875 0.75625 0.0546875 0.0890625
0 0.5328125 0.8625 0.046875 0.075
0 0.53671875 0.97265625 0.0390625 0.0453125
0 0.69921875 0.61015625 0.0515625 0.0640625
0 0.7234375 0.4140625 0.0484375 0.0640625
0 0.67265625 0.55390625 0.0421875 0.0640625
0 0.67578125 0.45703125 0.05 0.0765625
0 0.53828125 0.38984375 0.034375 0.0578125
0 0.64140625 0.70546875 0.0375 0.0578125
0 0.63828125 0.66953125 0.040625 0.0578125
0 0.50234375 0.6140625 0.05 0.0765625
0 0.61015625 0.3765625 0.0484375 0.0640625
0 0.6375 0.3515625 0.046875 0.059375
0 0.60703125 0.0390625 0.0484375 0.078125
0 0.525 0.24375 0.0421875 0.0640625
0 0.55078125 0.2703125 0.0453125 0.0640625
0 0.45859375 0.35 0.04375 0.075
0 0.40625 0.19453125 0.0421875 0.0640625
0 0.38359375 0.23359375 0.03125 0.0625
0 0.39296875 0.21484375 0.0453125 0.053125
0 0.56953125 0.553125 0.0390625 0.06875