0 0.46484375 0.36171875 0.0765625 0.040625
0 0.59296875 0.67421875 0.059375 0.046875
0 0.5875 0.81484375 0.071875 0.0375
0 0.7375 0.70703125 0.065625 0.040625
0 0.84453125 0.70546875 0.071875 0.04375
0 0.63125 0.4671875 0.071875 0.046875
0 0.58984375 0.4015625 0.065625 0.040625
0 0.53515625 0.36875 0.0546875 0.0328125
0 0.4234375 0.43125 0.0375 0.046875
0 0.44296875 0.434375 0.04375 0.040625
0 0.52734375 0.41484375 0.0375 0.0375
0 0.55703125 0.4765625 0.04375 0.028125
0 0.55703125 0.46015625 0.04375 0.025