0 0.26015625 0.19921875 0.03125 0.040625
0 0.3015625 0.16875 0.03125 0.040625
0 0.240625 0.1546875 0.03125 0.040625
0 0.26875 0.1671875 0.03125 0.040625
0 0.271875 0.52109375 0.03125 0.040625
0 0.259375 0.4875 0.03125 0.040625
0 0.2265625 0.49140625 0.03125 0.040625
0 0.228125 0.3921875 0.03125 0.040625
0 0.09921875 0.3078125 0.03125 0.040625
0 0.81171875 0.7375 0.03125 0.040625
0 0.81484375 0.88203125 0.03125 0.040625
0 0.34921875 0.4953125 0.03125 0.0453125
0 0.4890625 0.88125 0.0265625 0.040625
0 0.6078125 0.790625 0.0375 0.046875
0 0.6328125 0.6890625 0.034375 0.040625
0 0.54140625 0.86953125 0.0234375 0.034375
0 0.5171875 0.41484375 0.0265625 0.034375
0 0.4765625 0.39375 0.03125 0.040625
0 0.3265625 0.4328125 0.03125 0.0453125
0 0.42265625 0.5765625 0.0265625 0.0453125
0 0.3578125 0.4671875 0.0234375 0.034375
0 0.4546875 0.56953125 0.0265625 0.040625
0 0.35703125 0.29609375 0.0265625 0.034375
0 0.309375 0.2578125 0.0265625 0.040625
0 0.359375 0.5484375 0.0265625 0.040625
0 0.3328125 0.496875 0.034375 0.040625
0 0.153125 0.41875 0.0265625 0.034375
0 0.1140625 0.371875 0.0234375 0.0453125
0 0.20390625 0.24375 0.03125 0.0453125
0 0.23671875 0.2734375 0.0265625 0.0453125
0 0.28984375 0.253125 0.0234375 0.034375
0 0.40859375 0.28828125 0.034375 0.046875
0 0.23359375 0.33125 0.0265625 0.028125
0 0.3890625 0.42734375 0.03125 0.040625
0 0.7484375 0.7203125 0.03125 0.0453125
0 0.50859375 0.58125 0.0265625 0.0453125
0 0.5765625 0.7890625 0.034375 0.046875
0 0.5109375 0.37265625 0.0234375 0.040625