0 0.303125 0.825 0.0359375 0.04375
0 0.278125 0.596875 0.0328125 0.046875
0 0.41796875 0.775 0.0328125 0.0375
0 0.38984375 0.7796875 0.028125 0.0328125
0 0.33515625 0.7328125 0.025 0.0375
0 0.31171875 0.703125 0.028125 0.0375
0 0.48203125 0.61171875 0.0328125 0.0375
0 0.4328125 0.65859375 0.0359375 0.04375
0 0.4265625 0.68671875 0.04375 0.0375
0 0.41953125 0.478125 0.028125 0.0421875
0 0.43515625 0.46484375 0.028125 0.0375
0 0.403125 0.4171875 0.040625 0.053125
0 0.4546875 0.41484375 0.0359375 0.04375
0 0.4328125 0.34609375 0.028125 0.0375
0 0.45234375 0.56953125 0.0359375 0.04375
0 0.42109375 0.39296875 0.040625 0.0375