0 0.27578125 0.3828125 0.0203125 0.0328125
0 0.396875 0.30078125 0.0203125 0.0328125
0 0.39453125 0.24765625 0.0203125 0.0328125
0 0.265625 0.25625 0.0203125 0.028125
0 0.3109375 0.59921875 0.0234375 0.0390625
0 0.2828125 0.44609375 0.028125 0.0328125
0 0.23984375 0.3734375 0.0234375 0.0328125
0 0.24765625 0.4484375 0.0234375 0.0328125
0 0.41640625 0.48046875 0.03125 0.0390625
0 0.47109375 0.4421875 0.028125 0.0328125
0 0.5921875 0.4203125 0.028125 0.04375
0 0.57890625 0.17578125 0.028125 0.05
0 0.4703125 0.24921875 0.03125 0.04375
0 0.36640625 0.17578125 0.03125 0.028125
0 0.584375 0.5515625 0.028125 0.0390625
0 0.8734375 0.32421875 0.03125 0.04375
0 0.7015625 0.57578125 0.03125 0.04375
0 0.6671875 0.38125 0.0203125 0.028125
0 0.5734375 0.26796875 0.0265625 0.028125
0 0.53359375 0.49609375 0.0359375 0.0390625
0 0.71796875 0.66953125 0.03125 0.0390625
0 0.3375 0.25 0.0234375 0.0328125
0 0.465625 0.3296875 0.028125 0.04375