0 0.28828125 0.58125 0.0453125 0.028125
0 0.31953125 0.5390625 0.05 0.028125
0 0.26015625 0.6671875 0.05625 0.03125
0 0.34765625 0.66171875 0.05 0.034375
0 0.4125 0.63359375 0.0453125 0.028125
0 0.27109375 0.48203125 0.0453125 0.021875
0 0.384375 0.47890625 0.05625 0.028125
0 0.440625 0.4453125 0.0453125 0.025
0 0.37578125 0.45234375 0.0625 0.025
0 0.31328125 0.45234375 0.0625 0.025
0 0.44609375 0.54765625 0.05625 0.03125
0 0.3703125 0.5125 0.040625 0.025
0 0.53984375 0.40859375 0.040625 0.021875
0 0.3984375 0.40859375 0.05 0.021875
0 0.45234375 0.40703125 0.0453125 0.025
0 0.3671875 0.553125 0.034375 0.021875
0 0.5 0.43515625 0.040625 0.025
0 0.4578125 0.4578125 0.034375 0.028125
0 0.48046875 0.4609375 0.0453125 0.028125
0 0.4234375 0.5 0.034375 0.028125