0 0.74921875 0.79296875 0.0421875 0.0328125
0 0.7875 0.7578125 0.0421875 0.0328125
0 0.7890625 0.82109375 0.0421875 0.0328125
0 0.7828125 0.790625 0.0421875 0.0328125
0 0.4359375 0.71953125 0.0421875 0.0328125
0 0.46640625 0.73828125 0.0421875 0.0328125
0 0.45625 0.7703125 0.0421875 0.0328125
0 0.55390625 0.7875 0.0421875 0.0328125
0 0.6125 0.9296875 0.0421875 0.034375
0 0.32578125 0.14921875 0.0421875 0.0328125
0 0.18515625 0.11796875 0.0421875 0.0328125
0 0.47578125 0.64921875 0.046875 0.034375
0 0.1234375 0.4375 0.0421875 0.0296875
0 0.23515625 0.3390625 0.0484375 0.0421875
0 0.33984375 0.33359375 0.04375 0.0359375
0 0.14453125 0.38828125 0.0359375 0.0265625
0 0.58671875 0.49921875 0.0359375 0.0296875
0 0.6 0.54296875 0.0421875 0.0328125
0 0.5328125 0.6828125 0.046875 0.034375
0 0.41015625 0.56171875 0.046875 0.03125
0 0.5046875 0.64609375 0.0359375 0.0265625
0 0.4234375 0.53125 0.0421875 0.0296875
0 0.67265625 0.67890625 0.0359375 0.0296875
0 0.7015625 0.73359375 0.0421875 0.0296875
0 0.42578125 0.62890625 0.0421875 0.0296875
0 0.47109375 0.66484375 0.04375 0.0359375
0 0.5140625 0.85625 0.0359375 0.0296875
0 0.55234375 0.903125 0.046875 0.028125
0 0.6953125 0.83984375 0.046875 0.0359375
0 0.671875 0.8015625 0.046875 0.03125
0 0.7015625 0.753125 0.0359375 0.0265625
0 0.690625 0.63046875 0.0484375 0.0375
0 0.61484375 0.79375 0.03125 0.028125
0 0.55 0.62265625 0.0421875 0.0328125
0 0.33125 0.2140625 0.046875 0.034375
0 0.421875 0.4765625 0.046875 0.03125
0 0.23125 0.36953125 0.0484375 0.0375
0 0.6265625 0.5140625 0.0421875 0.0265625