0 0.65546875 0.68359375 0.0578125 0.0828125
0 0.65859375 0.78359375 0.0703125 0.0796875
0 0.5765625 0.6078125 0.0828125 0.0984375
0 0.596875 0.3 0.05 0.0890625
0 0.55859375 0.3640625 0.0578125 0.078125
0 0.28203125 0.69296875 0.053125 0.078125
0 0.2734375 0.47265625 0.0453125 0.08125
0 0.25390625 0.521875 0.0515625 0.0609375
0 0.24765625 0.4875 0.059375 0.0734375
0 0.340625 0.5234375 0.0578125 0.078125
0 0.2890625 0.59140625 0.053125 0.078125
0 0.4625 0.77421875 0.0578125 0.078125
0 0.41640625 0.74453125 0.0671875 0.10625
0 0.38984375 0.50546875 0.053125 0.078125
0 0.40703125 0.52734375 0.05 0.0828125
0 0.50703125 0.228125 0.053125 0.078125
0 0.44296875 0.11640625 0.04375 0.08125
0 0.484375 0.175 0.053125 0.0890625
0 0.41875 0.0625 0.04375 0.071875
0 0.49609375 0.10234375 0.046875 0.0765625
0 0.50859375 0.48359375 0.0515625 0.0671875
0 0.50859375 0.60859375 0.0546875 0.0546875
0 0.60625 0.71328125 0.0765625 0.075
0 0.51875 0.57578125 0.05625 0.0671875
0 0.57109375 0.68671875 0.05625 0.0734375
0 0.353125 0.61796875 0.040625 0.09375
0 0.41953125 0.32109375 0.0359375 0.053125
0 0.91484375 0.9328125 0.0640625 0.0828125
0 0.790625 0.8765625 0.040625 0.065625