0 0.4265625 0.8625 0.0609375 0.071875
0 0.28046875 0.74921875 0.0421875 0.0546875
0 0.63671875 0.3734375 0.05625 0.0375
0 0.5609375 0.33359375 0.0375 0.034375
0 0.4390625 0.475 0.0375 0.0375
0 0.62265625 0.4453125 0.028125 0.0375
0 0.625 0.47265625 0.0421875 0.034375
0 0.5 0.4453125 0.046875 0.0375
0 0.56640625 0.434375 0.05625 0.0421875
0 0.2265625 0.8125 0.028125 0.0296875
0 0.22421875 0.74453125 0.0328125 0.0296875
0 0.2125 0.71484375 0.0375 0.0375
0 0.17890625 0.65 0.0375 0.0421875
0 0.39140625 0.6375 0.0375 0.0421875
0 0.4671875 0.71953125 0.046875 0.046875
0 0.43359375 0.56953125 0.0375 0.034375
0 0.43125 0.65 0.0421875 0.0421875
0 0.4390625 0.675 0.028125 0.0421875
0 0.41484375 0.7171875 0.028125 0.034375
0 0.4390625 0.7109375 0.028125 0.0375
0 0.37734375 0.6078125 0.046875 0.0421875
0 0.49765625 0.65390625 0.0328125 0.025
0 0.49296875 0.67109375 0.0328125 0.025
0 0.5 0.6984375 0.028125 0.0296875
0 0.5140625 0.67734375 0.0375 0.0296875
0 0.528125 0.66484375 0.0375 0.0375
0 0.51875 0.6328125 0.028125 0.034375
0 0.53515625 0.61171875 0.0328125 0.034375
0 0.60859375 0.77421875 0.0375 0.0375
0 0.8609375 0.81640625 0.0421875 0.0375
0 0.740625 0.76171875 0.046875 0.046875
0 0.7359375 0.8984375 0.028125 0.034375
0 0.54453125 0.890625 0.0328125 0.034375
0 0.75703125 0.8546875 0.0328125 0.0296875
0 0.73125 0.81875 0.028125 0.034375
0 0.6390625 0.73203125 0.0421875 0.0375
0 0.69140625 0.74453125 0.0328125 0.0296875
0 0.671875 0.7359375 0.0328125 0.0296875
0 0.7125 0.8015625 0.0375 0.0421875
0 0.98359375 0.728125 0.0328125 0.046875
0 0.85390625 0.6921875 0.05625 0.0421875
0 0.70546875 0.70859375 0.0421875 0.0421875
0 0.72890625 0.69609375 0.0328125 0.0421875
0 0.5640625 0.67109375 0.0234375 0.025
0 0.56875 0.65390625 0.0328125 0.025
0 0.80625 0.6375 0.046875 0.034375
0 0.77578125 0.61796875 0.0515625 0.0375
0 0.7359375 0.63515625 0.0375 0.0296875
0 0.884375 0.6078125 0.0515625 0.0421875
0 0.98359375 0.5171875 0.0328125 0.046875
0 0.9390625 0.55078125 0.0375 0.0375
0 0.90546875 0.47890625 0.028125 0.0375
0 0.9765625 0.37734375 0.0375 0.0375
0 0.81640625 0.4046875 0.046875 0.0421875
0 0.8421875 0.5171875 0.0328125 0.0375
0 0.865625 0.51875 0.0328125 0.034375
0 0.73828125 0.390625 0.0328125 0.0375
0 0.796875 0.35859375 0.0375 0.034375
0 0.78515625 0.37109375 0.0328125 0.034375
0 0.83515625 0.3015625 0.046875 0.0296875
0 0.68125 0.50234375 0.0328125 0.034375
0 0.721875 0.47265625 0.0375 0.034375
0 0.721875 0.4453125 0.0375 0.0375
0 0.67421875 0.525 0.0375 0.0375
0 0.865625 0.5671875 0.0515625 0.0375
0 0.76640625 0.54609375 0.0328125 0.0375
0 0.6203125 0.60546875 0.0421875 0.0296875
0 0.6984375 0.59296875 0.0375 0.046875
0 0.71015625 0.55703125 0.0328125 0.034375
0 0.653125 0.68984375 0.0421875 0.0375