0 0.3 0.31953125 0.053125 0.0625
0 0.3046875 0.5171875 0.0546875 0.084375
0 0.359375 0.56640625 0.0609375 0.06875
0 0.39296875 0.4234375 0.0703125 0.0859375
0 0.471875 0.4796875 0.065625 0.0796875
0 0.65 0.4125 0.0515625 0.06875
0 0.5828125 0.5125 0.0359375 0.05625
0 0.6328125 0.709375 0.0390625 0.0515625
0 0.58671875 0.6765625 0.040625 0.0671875
0 0.55859375 0.5984375 0.040625 0.0671875
0 0.54765625 0.45078125 0.046875 0.0671875
0 0.70546875 0.190625 0.0421875 0.05625
0 0.74453125 0.2859375 0.04375 0.0671875
0 0.7234375 0.3453125 0.04375 0.078125
0 0.90546875 0.4859375 0.04375 0.0671875
0 0.7765625 0.19140625 0.05 0.1171875