0 0.25 0.48828125 0.0734375 0.075
0 0.496875 0.79140625 0.0578125 0.0796875
0 0.77265625 0.71484375 0.05625 0.06875
0 0.34296875 0.59296875 0.0484375 0.0640625
0 0.35703125 0.54609375 0.0640625 0.0640625
0 0.43046875 0.4328125 0.071875 0.0609375
0 0.42109375 0.5109375 0.0484375 0.06875
0 0.43515625 0.56171875 0.05625 0.06875
0 0.55390625 0.4265625 0.05625 0.0640625
0 0.48671875 0.61171875 0.0421875 0.0796875
0 0.5 0.54609375 0.05 0.084375
0 0.6796875 0.38515625 0.0578125 0.0734375
0 0.7640625 0.315625 0.0609375 0.0734375
0 0.75390625 0.39609375 0.0484375 0.06875
0 0.8234375 0.465625 0.053125 0.0796875
0 0.725 0.59296875 0.05625 0.06875
0 0.778125 0.21953125 0.05 0.0796875
0 0.540625 0.6015625 0.0578125 0.0734375
0 0.821875 0.31796875 0.053125 0.084375
0 0.6828125 0.55078125 0.0359375 0.0640625