0 0.16328125 0.43125 0.0875 0.10625
0 0.30625 0.12109375 0.0578125 0.078125
0 0.93515625 0.1828125 0.0953125 0.1296875
0 0.8890625 0.1609375 0.0515625 0.0671875
0 0.78515625 0.1484375 0.0671875 0.084375
0 0.59453125 0.16171875 0.0671875 0.084375
0 0.615625 0.228125 0.065625 0.1015625
0 0.9703125 0.39765625 0.059375 0.1421875
0 0.9625 0.465625 0.075 0.15
0 0.796875 0.359375 0.0890625 0.1
0 0.828125 0.50390625 0.096875 0.1140625
0 0.60625 0.3765625 0.0875 0.09375
0 0.92421875 0.434375 0.0828125 0.0875
0 0.88125 0.3234375 0.05 0.0703125
0 0.709375 0.28203125 0.05625 0.071875
0 0.82421875 0.22265625 0.065625 0.0734375
0 0.775 0.24453125 0.0671875 0.0796875
0 0.8984375 0.584375 0.0765625 0.109375
0 0.74296875 0.5484375 0.0703125 0.1140625
0 0.675 0.45625 0.059375 0.0890625
0 0.6953125 0.5171875 0.09375 0.1140625
0 0.578125 0.5015625 0.084375 0.1265625
0 0.48671875 0.4796875 0.0953125 0.134375
0 0.5703125 0.25234375 0.0484375 0.059375
0 0.45390625 0.48125 0.0625 0.0890625
0 0.42734375 0.41875 0.0859375 0.0890625
0 0.2515625 0.51875 0.0828125 0.0875
0 0.37109375 0.51171875 0.0765625 0.0921875
0 0.37421875 0.58359375 0.0875 0.09375
0 0.340625 0.26015625 0.0453125 0.065625
0 0.33359375 0.39609375 0.0453125 0.065625
0 0.15 0.55078125 0.109375 0.1171875
0 0.1 0.68125 0.0515625 0.0671875
0 0.078125 0.51796875 0.0421875 0.046875
0 0.096875 0.4984375 0.0515625 0.0609375
0 0.01875 0.790625 0.0375 0.08125
0 0.18984375 0.8078125 0.059375 0.1
0 0.1609375 0.67890625 0.059375 0.115625
0 0.8375 0.58359375 0.0859375 0.1
0 0.81640625 0.76171875 0.0875 0.10625
0 0.71328125 0.66171875 0.0765625 0.0921875