0 0.3140625 0.6296875 0.05 0.0375
0 0.334375 0.58125 0.0546875 0.0390625
0 0.3078125 0.7203125 0.0625 0.04375
0 0.39140625 0.69375 0.05625 0.0453125
0 0.44765625 0.65078125 0.05 0.0375
0 0.2734375 0.53828125 0.05 0.0328125
0 0.3828125 0.5078125 0.0609375 0.040625
0 0.42890625 0.4609375 0.05 0.0359375
0 0.36796875 0.48359375 0.0671875 0.0390625
0 0.30703125 0.49921875 0.0671875 0.0390625
0 0.459375 0.559375 0.0625 0.04375
0 0.37734375 0.54375 0.0453125 0.034375
0 0.51640625 0.4015625 0.0453125 0.03125
0 0.3796875 0.4359375 0.053125 0.0328125
0 0.43125 0.42109375 0.05 0.0359375
0 0.384375 0.58359375 0.0390625 0.0296875
0 0.484375 0.43671875 0.0453125 0.034375
0 0.44921875 0.46953125 0.040625 0.0359375
0 0.471875 0.4671875 0.05 0.0375
0 0.42578125 0.51875 0.040625 0.0359375