0 0.8734375 0.31640625 0.0390625 0.0546875
0 0.66484375 0.35234375 0.0484375 0.05625
0 0.72265625 0.23359375 0.0515625 0.0515625
0 0.5328125 0.709375 0.0484375 0.0671875
0 0.559375 0.690625 0.0453125 0.071875
0 0.46796875 0.56328125 0.034375 0.0546875
0 0.47421875 0.51953125 0.034375 0.0546875
0 0.59375 0.5640625 0.0296875 0.059375
0 0.6 0.60234375 0.0421875 0.05
0 0.26640625 0.47109375 0.034375 0.05
0 0.38671875 0.584375 0.0390625 0.059375
0 0.27265625 0.59375 0.0265625 0.0546875
0 0.2765625 0.64609375 0.034375 0.05
0 0.38125 0.1390625 0.0328125 0.04375
0 0.3765625 0.17421875 0.0296875 0.05
0 0.38359375 0.19921875 0.0375 0.04375
0 0.57734375 0.05 0.0453125 0.059375
0 0.64453125 0.07109375 0.0421875 0.059375