0 0.5953125 0.09453125 0.0609375 0.0484375
0 0.60625 0.30625 0.0625 0.0578125
0 0.709375 0.2234375 0.059375 0.059375
0 0.28828125 0.515625 0.0734375 0.059375
0 0.30078125 0.48515625 0.0796875 0.0578125
0 0.4453125 0.5453125 0.0609375 0.04375
0 0.48671875 0.52890625 0.0609375 0.04375
0 0.41640625 0.42265625 0.0640625 0.040625
0 0.378125 0.425 0.0578125 0.05
0 0.58046875 0.72109375 0.05625 0.0421875
0 0.44375 0.6296875 0.065625 0.0484375
0 0.459375 0.74296875 0.059375 0.0359375
0 0.4078125 0.75078125 0.05625 0.0421875
0 0.87890625 0.534375 0.05 0.040625
0 0.8453125 0.546875 0.0546875 0.0375
0 0.81953125 0.5453125 0.05 0.0453125
0 0.92109375 0.3234375 0.0671875 0.0546875
0 0.8859375 0.2625 0.0671875 0.0515625