0 0.76328125 0.453125 0.0640625 0.0953125
0 0.8796875 0.30703125 0.05625 0.0890625
0 0.85625 0.22109375 0.0578125 0.09375
0 0.88515625 0.12890625 0.05 0.0765625
0 0.9265625 0.1375 0.0640625 0.090625
0 0.615625 0.66640625 0.0609375 0.0953125
0 0.57265625 0.6578125 0.0671875 0.096875
0 0.6015625 0.6078125 0.059375 0.084375
0 0.5515625 0.56328125 0.065625 0.0859375
0 0.5875 0.53515625 0.05 0.0765625
0 0.60390625 0.5 0.0515625 0.0671875
0 0.665625 0.384375 0.05625 0.0890625
0 0.59140625 0.1484375 0.0515625 0.0828125
0 0.56171875 0.15 0.05 0.0765625
0 0.50859375 0.38203125 0.059375 0.084375
0 0.31953125 0.86640625 0.05 0.071875
0 0.33828125 0.7453125 0.0578125 0.078125
0 0.28046875 0.846875 0.0609375 0.0734375
0 0.28828125 0.79609375 0.0515625 0.0671875
0 0.228125 0.665625 0.0578125 0.078125
0 0.271875 0.60234375 0.05 0.0765625
0 0.1875 0.6125 0.059375 0.0890625
0 0.2140625 0.48046875 0.053125 0.071875
0 0.18125 0.42421875 0.0453125 0.0703125
0 0.2890625 0.36328125 0.0640625 0.075
0 0.246875 0.2671875 0.0640625 0.0796875