0 0.62890625 0.5609375 0.053125 0.0828125
0 0.346875 0.37578125 0.0578125 0.06875
0 0.2078125 0.35390625 0.05 0.0765625
0 0.3421875 0.22734375 0.0515625 0.071875
0 0.3640625 0.12265625 0.05625 0.078125
0 0.55703125 0.37734375 0.0609375 0.078125
0 0.6140625 0.43046875 0.0515625 0.071875
0 0.63515625 0.490625 0.0421875 0.059375
0 0.553125 0.58828125 0.0546875 0.046875
0 0.55390625 0.56875 0.046875 0.05
0 0.5890625 0.4890625 0.04375 0.0453125
0 0.53359375 0.4484375 0.0375 0.0484375
0 0.55 0.4515625 0.034375 0.0484375