0 0.1046875 0.28359375 0.04375 0.0328125
0 0.1265625 0.1734375 0.0328125 0.028125
0 0.09921875 0.17109375 0.04375 0.0328125
0 0.1234375 0.4859375 0.05 0.0328125
0 0.2640625 0.1984375 0.0546875 0.028125
0 0.35703125 0.1765625 0.04375 0.0359375
0 0.43984375 0.0796875 0.04375 0.021875
0 0.5328125 0.103125 0.04375 0.025
0 0.56328125 0.140625 0.05 0.028125
0 0.83203125 0.1296875 0.05 0.021875
0 0.253125 0.5109375 0.04375 0.025
0 0.384375 0.4078125 0.0328125 0.021875
0 0.59921875 0.07578125 0.04375 0.021875
0 0.9890625 0.39921875 0.021875 0.025
0 0.67890625 0.234375 0.0375 0.021875
0 0.83828125 0.19296875 0.0375 0.025
0 0.775 0.56875 0.04375 0.025
0 0.9453125 0.4671875 0.0546875 0.0328125
0 0.92578125 0.5359375 0.05 0.025
0 0.884375 0.16953125 0.0328125 0.028125
0 0.8515625 0.4046875 0.04375 0.028125
0 0.60703125 0.1859375 0.0375 0.025
0 0.15390625 0.4046875 0.04375 0.028125
0 0.39296875 0.38125 0.0375 0.025
0 0.25 0.40625 0.0375 0.025
0 0.43671875 0.50703125 0.0375 0.025
0 0.67890625 0.0359375 0.05 0.028125
0 0.978125 0.1734375 0.04375 0.0359375
0 0.93125 0.490625 0.0375 0.028125
0 0.90625 0.51796875 0.0546875 0.0328125
0 0.4640625 0.2203125 0.05 0.0359375
0 0.8046875 0.640625 0.05 0.0328125
0 0.8984375 0.6625 0.05 0.0328125
0 0.75859375 0.8265625 0.04375 0.028125
0 0.746875 0.8375 0.04375 0.028125
0 0.72265625 0.43671875 0.0375 0.028125
0 0.67890625 0.49296875 0.0375 0.025
0 0.3265625 0.46015625 0.05 0.025
0 0.76640625 0.4765625 0.05 0.0359375
0 0.82421875 0.44375 0.04375 0.021875
0 0.91796875 0.2578125 0.0328125 0.025
0 0.728125 0.59921875 0.0375 0.021875
0 0.5109375 0.44765625 0.0328125 0.021875
0 0.52734375 0.290625 0.04375 0.025
0 0.11015625 0.5109375 0.04375 0.0328125
0 0.7140625 0.53828125 0.04375 0.0359375
0 0.8734375 0.36484375 0.04375 0.028125
0 0.66796875 0.1609375 0.059375 0.0328125
0 0.67578125 0.325 0.04375 0.0359375
0 0.38984375 0.3265625 0.04375 0.025
0 0.384375 0.34296875 0.04375 0.028125