0 0.225 0.33671875 0.1140625 0.115625
0 0.309375 0.4109375 0.078125 0.1015625
0 0.25625 0.41640625 0.096875 0.0984375
0 0.353125 0.515625 0.0671875 0.0796875
0 0.2875 0.4828125 0.0609375 0.0828125
0 0.328125 0.4578125 0.0890625 0.096875
0 0.2953125 0.31484375 0.0921875 0.09375
0 0.43046875 0.534375 0.053125 0.0625
0 0.359375 0.596875 0.0453125 0.0625
0 0.58984375 0.559375 0.0328125 0.0453125
0 0.5015625 0.5703125 0.040625 0.05
0 0.61953125 0.57890625 0.0359375 0.0453125
0 0.5671875 0.634375 0.0484375 0.05625
0 0.378125 0.46484375 0.06875 0.065625