0 0.3375 0.28515625 0.0640625 0.0703125
0 0.3046875 0.4796875 0.06875 0.090625
0 0.34921875 0.53828125 0.071875 0.078125
0 0.409375 0.40390625 0.0828125 0.0953125
0 0.4765625 0.475 0.0796875 0.0890625
0 0.6640625 0.44296875 0.0609375 0.075
0 0.57890625 0.528125 0.0453125 0.0609375
0 0.590625 0.73125 0.0484375 0.0578125
0 0.5515625 0.68984375 0.0515625 0.0734375
0 0.53828125 0.6078125 0.0515625 0.0734375
0 0.55625 0.4609375 0.0578125 0.075
0 0.7609375 0.2359375 0.053125 0.0625
0 0.78046875 0.33671875 0.0546875 0.0734375
0 0.7484375 0.390625 0.0578125 0.084375
0 0.90078125 0.56328125 0.0546875 0.0734375
0 0.83046875 0.25 0.0703125 0.1234375