0 0.67734375 0.1234375 0.0546875 0.0375
0 0.64453125 0.3328125 0.0546875 0.046875
0 0.7625 0.27265625 0.05 0.05
0 0.28984375 0.47109375 0.065625 0.046875
0 0.30859375 0.44375 0.071875 0.04375
0 0.4375 0.5328125 0.0546875 0.0328125
0 0.48125 0.52578125 0.0546875 0.0328125
0 0.434375 0.40703125 0.059375 0.028125
0 0.39609375 0.4015625 0.05 0.040625
0 0.5328125 0.7328125 0.05 0.0328125
0 0.41796875 0.61484375 0.059375 0.0375
0 0.41015625 0.72890625 0.0546875 0.025
0 0.3578125 0.72578125 0.05 0.0328125
0 0.86328125 0.6125 0.04375 0.0328125
0 0.828125 0.61796875 0.05 0.028125
0 0.803125 0.6109375 0.04375 0.0375
0 0.9484375 0.41484375 0.059375 0.04375
0 0.9265625 0.34765625 0.059375 0.040625