0 0.3484375 0.92421875 0.0390625 0.0484375
0 0.2359375 0.9203125 0.034375 0.0375
0 0.2375 0.94765625 0.0390625 0.0484375
0 0.5453125 0.87421875 0.040625 0.053125
0 0.2390625 0.78046875 0.0375 0.0578125
0 0.203125 0.6921875 0.0421875 0.0484375
0 0.09453125 0.625 0.028125 0.046875
0 0.103125 0.5296875 0.03125 0.046875
0 0.13515625 0.49375 0.0359375 0.053125
0 0.08203125 0.2296875 0.0296875 0.0515625
0 0.54921875 0.7421875 0.03125 0.046875
0 0.42734375 0.62890625 0.0265625 0.0359375
0 0.065625 0.46875 0.028125 0.046875
0 0.32421875 0.0328125 0.028125 0.025
0 0.209375 0.36484375 0.028125 0.040625
0 0.14375 0.2140625 0.03125 0.0421875
0 0.525 0.21796875 0.03125 0.046875
0 0.39765625 0.065625 0.040625 0.059375
0 0.46875 0.07421875 0.0328125 0.053125
0 0.11328125 0.171875 0.034375 0.0375
0 0.35078125 0.16796875 0.0359375 0.0484375
0 0.1734375 0.44375 0.03125 0.0421875
0 0.46015625 0.85703125 0.0359375 0.0484375
0 0.39921875 0.62421875 0.03125 0.0421875
0 0.446875 0.76171875 0.03125 0.0421875
0 0.5171875 0.56171875 0.03125 0.0421875
0 0.015625 0.3953125 0.03125 0.053125
0 0.10234375 0.07890625 0.0421875 0.0484375
0 0.4234375 0.07578125 0.034375 0.0421875
0 0.45390625 0.09609375 0.040625 0.059375
0 0.2296875 0.57890625 0.04375 0.0546875
0 0.59140625 0.17734375 0.040625 0.053125
0 0.5984375 0.08125 0.040625 0.053125
0 0.78203125 0.19375 0.0359375 0.0484375
0 0.79453125 0.203125 0.0359375 0.0484375
0 0.40234375 0.28984375 0.034375 0.0421875
0 0.46484375 0.32421875 0.03125 0.0421875
0 0.4875 0.67734375 0.0328125 0.053125
0 0.43515625 0.240625 0.04375 0.0546875
0 0.39375 0.18828125 0.028125 0.046875
0 0.1953125 0.125 0.0296875 0.0359375
0 0.5625 0.259375 0.028125 0.040625
0 0.446875 0.49765625 0.0265625 0.0359375
0 0.2890625 0.50546875 0.03125 0.046875
0 0.571875 0.88359375 0.0390625 0.0484375
0 0.5046875 0.2828125 0.0421875 0.0484375
0 0.3078125 0.15234375 0.0359375 0.0484375
0 0.1390625 0.3875 0.0421875 0.0640625
0 0.3 0.35390625 0.0421875 0.0484375
0 0.34609375 0.6359375 0.03125 0.046875
0 0.36328125 0.6390625 0.0359375 0.0484375