0 0.325 0.45859375 0.1015625 0.04375
0 0.3546875 0.39765625 0.096875 0.0421875
0 0.42109375 0.3359375 0.065625 0.0421875
0 0.3125 0.23125 0.071875 0.0359375
0 0.31875 0.18046875 0.071875 0.0421875
0 0.3796875 0.11171875 0.0921875 0.05
0 0.4171875 0.56640625 0.065625 0.0421875
0 0.3 0.58125 0.0859375 0.0578125
0 0.05703125 0.30703125 0.0765625 0.04375
0 0.11171875 0.1421875 0.0859375 0.0578125
0 0.4421875 0.28671875 0.071875 0.0421875
0 0.17265625 0.33125 0.0796875 0.0515625
0 0.4875 0.59921875 0.065625 0.0390625
0 0.5234375 0.61328125 0.065625 0.0328125
0 0.6125 0.6453125 0.065625 0.0359375
0 0.4828125 0.4328125 0.053125 0.03125
0 0.4875 0.39609375 0.053125 0.034375
0 0.475 0.52578125 0.046875 0.0359375
0 0.35703125 0.525 0.059375 0.0375
0 0.61640625 0.43828125 0.059375 0.034375
0 0.26484375 0.54609375 0.0546875 0.0515625
0 0.67890625 0.66328125 0.065625 0.0359375
0 0.16015625 0.22734375 0.0671875 0.053125
0 0.15 0.1046875 0.0671875 0.05
0 0.221875 0.10390625 0.059375 0.040625
0 0.50703125 0.28984375 0.0546875 0.0453125
0 0.52578125 0.26484375 0.059375 0.040625
0 0.76015625 0.78515625 0.059375 0.03125
0 0.73671875 0.703125 0.078125 0.04375
0 0.4625 0.75703125 0.065625 0.0359375
0 0.39296875 0.68515625 0.059375 0.0375
0 0.46796875 0.7125 0.078125 0.0375
0 0.5015625 0.66484375 0.0578125 0.028125
0 0.50625 0.68125 0.0578125 0.028125
0 0.8265625 0.77890625 0.0671875 0.04375
0 0.76953125 0.759375 0.059375 0.040625
0 0.5625 0.72734375 0.059375 0.034375
0 0.6171875 0.9140625 0.065625 0.034375
0 0.64375 0.97578125 0.059375 0.03125
0 0.70625 0.95078125 0.053125 0.0390625
0 0.51171875 0.93984375 0.071875 0.034375
0 0.03203125 0.77109375 0.0640625 0.0359375
0 0.0453125 0.709375 0.065625 0.0359375
0 0.0953125 0.7296875 0.071875 0.034375
0 0.11796875 0.79453125 0.059375 0.03125
0 0.12109375 0.75390625 0.0546875 0.0484375
0 0.05859375 0.7984375 0.040625 0.0328125
0 0.0875 0.821875 0.053125 0.034375