0 0.17265625 0.2421875 0.0484375 0.0625
0 0.36953125 0.321875 0.0578125 0.0640625
0 0.3375 0.19296875 0.0609375 0.0609375
0 0.42421875 0.6984375 0.0625 0.075
0 0.40234375 0.67421875 0.059375 0.0796875
0 0.51796875 0.56796875 0.04375 0.0609375
0 0.52109375 0.52421875 0.04375 0.0609375
0 0.39453125 0.54296875 0.0421875 0.0640625
0 0.38046875 0.57890625 0.0515625 0.0578125
0 0.734375 0.5203125 0.04375 0.05625
0 0.59375 0.60546875 0.0484375 0.0671875
0 0.703125 0.6390625 0.0375 0.059375
0 0.68828125 0.6890625 0.04375 0.05625
0 0.69140625 0.17109375 0.0421875 0.05
0 0.6890625 0.20703125 0.0390625 0.0546875
0 0.6765625 0.2296875 0.0453125 0.05
0 0.51796875 0.04375 0.05625 0.06875
0 0.44765625 0.05 0.053125 0.06875
0 0.7546875 0.56171875 0.0578125 0.0703125
0 0.46875 0.01953125 0.0375 0.0390625
0 0.5 0.015625 0.0234375 0.0265625