0 0.69765625 0.6375 0.0609375 0.084375
0 0.7265625 0.7328125 0.0734375 0.0828125
0 0.6015625 0.584375 0.0859375 0.1015625
0 0.5421875 0.28125 0.0546875 0.090625
0 0.52109375 0.353125 0.0609375 0.0796875
0 0.3390625 0.74296875 0.05625 0.0796875
0 0.27421875 0.5328125 0.05 0.0828125
0 0.26796875 0.58515625 0.053125 0.0625
0 0.253125 0.553125 0.0625 0.0765625
0 0.3515625 0.5640625 0.0609375 0.0796875
0 0.3203125 0.64296875 0.05625 0.0796875
0 0.53515625 0.77421875 0.0609375 0.0796875
0 0.48203125 0.7578125 0.071875 0.109375
0 0.3953125 0.53359375 0.05625 0.0796875
0 0.4171875 0.55 0.053125 0.084375
0 0.43671875 0.23515625 0.05625 0.0796875
0 0.3453125 0.14375 0.0484375 0.0828125
0 0.40078125 0.18984375 0.0578125 0.090625
0 0.30859375 0.0984375 0.0484375 0.0734375
0 0.39375 0.11640625 0.05 0.078125
0 0.50390625 0.48203125 0.0546875 0.06875
0 0.5359375 0.60234375 0.0578125 0.0578125
0 0.6578125 0.678125 0.0796875 0.078125
0 0.5375 0.56875 0.059375 0.0703125
0 0.61640625 0.66171875 0.059375 0.075
0 0.3890625 0.65234375 0.0453125 0.09375
0 0.3765625 0.34765625 0.0390625 0.0546875
0 0.9890625 0.81015625 0.021875 0.0859375
0 0.878125 0.7890625 0.04375 0.0671875