0 0.66171875 0.6953125 0.034375 0.0234375
0 0.71640625 0.559375 0.034375 0.0234375
0 0.76875 0.55078125 0.034375 0.0234375
0 0.78671875 0.678125 0.0296875 0.0234375
0 0.4421875 0.70546875 0.040625 0.028125
0 0.59765625 0.7015625 0.034375 0.0296875
0 0.67734375 0.728125 0.034375 0.0265625
0 0.603125 0.7359375 0.034375 0.0265625
0 0.53671875 0.578125 0.0421875 0.0359375
0 0.5625 0.51640625 0.034375 0.0296875
0 0.559375 0.39296875 0.046875 0.03125
0 0.80078125 0.35546875 0.0515625 0.0328125
0 0.7515625 0.4765625 0.0484375 0.0359375
0 0.84453125 0.56328125 0.03125 0.0328125
0 0.43203125 0.42890625 0.040625 0.03125
0 0.59453125 0.0984375 0.0484375 0.0359375
0 0.384375 0.31796875 0.0484375 0.0359375
0 0.58203125 0.31171875 0.0296875 0.0234375
0 0.71171875 0.38046875 0.0296875 0.028125
0 0.496875 0.46640625 0.0421875 0.0390625
0 0.2890625 0.321875 0.0421875 0.0359375
0 0.778125 0.60703125 0.034375 0.0265625
0 0.6734375 0.4984375 0.046875 0.03125