0 0.1625 0.45078125 0.0390625 0.065625
0 0.175 0.3234375 0.0328125 0.046875
0 0.2875 0.59609375 0.04375 0.05625
0 0.2234375 0.71953125 0.040625 0.0546875
0 0.26171875 0.7703125 0.0328125 0.046875
0 0.10078125 0.74296875 0.0359375 0.0484375
0 0.20078125 0.8484375 0.0375 0.0484375
0 0.33125 0.7890625 0.040625 0.0546875
0 0.29296875 0.8625 0.0328125 0.053125
0 0.3875 0.790625 0.0375 0.0546875
0 0.3125 0.9515625 0.0421875 0.059375
0 0.31875 0.9390625 0.0375 0.0484375
0 0.48359375 0.85390625 0.0453125 0.059375
0 0.31328125 0.8765625 0.0328125 0.053125
0 0.45546875 0.7671875 0.0328125 0.053125
0 0.41328125 0.81640625 0.040625 0.0484375
0 0.37578125 0.8765625 0.0390625 0.04375
0 0.41328125 0.9140625 0.0375 0.0546875
0 0.43359375 0.871875 0.040625 0.0546875
0 0.475 0.9 0.0328125 0.046875
0 0.4625 0.9 0.0359375 0.04375
0 0.53203125 0.83984375 0.0375 0.0484375
0 0.53125 0.80390625 0.03125 0.0421875
0 0.60078125 0.82578125 0.0328125 0.053125
0 0.58046875 0.83203125 0.0328125 0.046875
0 0.63046875 0.78046875 0.03125 0.0421875
0 0.51796875 0.7453125 0.0328125 0.053125
0 0.48515625 0.759375 0.0296875 0.046875
0 0.58359375 0.725 0.0328125 0.046875
0 0.60234375 0.67734375 0.0296875 0.046875
0 0.63125 0.64140625 0.03125 0.0421875
0 0.628125 0.65625 0.0296875 0.046875
0 0.66484375 0.63515625 0.0375 0.0640625
0 0.70546875 0.62578125 0.0421875 0.059375
0 0.64296875 0.53359375 0.0375 0.0640625
0 0.7765625 0.6328125 0.025 0.0421875
0 0.80078125 0.59453125 0.0296875 0.053125
0 0.55859375 0.58515625 0.034375 0.0578125
0 0.53828125 0.64609375 0.028125 0.0421875
0 0.51796875 0.69765625 0.0375 0.0484375
0 0.51015625 0.6625 0.03125 0.0421875
0 0.7375 0.54453125 0.034375 0.04375
0 0.7203125 0.43046875 0.028125 0.0421875
0 0.68515625 0.40625 0.040625 0.0484375
0 0.35546875 0.4109375 0.040625 0.0546875
0 0.475 0.6296875 0.025 0.0421875
0 0.315625 0.546875 0.0359375 0.04375
0 0.3328125 0.4796875 0.0296875 0.046875
0 0.521875 0.48203125 0.0265625 0.053125
0 0.50703125 0.5078125 0.028125 0.0421875
0 0.5734375 0.5515625 0.034375 0.04375
0 0.59140625 0.51171875 0.0296875 0.046875
0 0.578125 0.49765625 0.0296875 0.046875
0 0.56953125 0.51875 0.03125 0.0421875
0 0.4453125 0.58515625 0.025 0.0421875
0 0.43828125 0.55546875 0.0265625 0.0359375
0 0.3875 0.53671875 0.04375 0.05
0 0.60859375 0.41640625 0.0359375 0.04375
0 0.59140625 0.3359375 0.0390625 0.04375
0 0.4421875 0.5046875 0.040625 0.0484375
0 0.41015625 0.46015625 0.0375 0.0484375
0 0.66953125 0.48671875 0.0328125 0.046875
0 0.725 0.37109375 0.0328125 0.0375
0 0.56796875 0.68046875 0.03125 0.0421875
0 0.6921875 0.5578125 0.034375 0.04375
0 0.7203125 0.71171875 0.0328125 0.046875
0 0.6484375 0.771875 0.034375 0.04375
0 0.28828125 0.403125 0.040625 0.0484375
0 0.30703125 0.50078125 0.034375 0.0375
0 0.48359375 0.396875 0.0265625 0.0359375
0 0.54765625 0.37421875 0.0328125 0.046875
0 0.49921875 0.43359375 0.0328125 0.046875
0 0.5140625 0.4140625 0.0296875 0.0359375
0 0.38984375 0.4078125 0.0375 0.0484375
0 0.45625 0.41796875 0.0328125 0.046875
0 0.63515625 0.38671875 0.0328125 0.0375
0 0.71484375 0.81328125 0.0265625 0.0359375
0 0.34921875 0.725 0.025 0.0421875
0 0.384375 0.71015625 0.0265625 0.0359375
0 0.4015625 0.74375 0.028125 0.0421875
0 0.37890625 0.64453125 0.0234375 0.0359375