0 0.44140625 0.56953125 0.0421875 0.028125
0 0.42578125 0.5640625 0.0484375 0.028125
0 0.40859375 0.51171875 0.0421875 0.0234375
0 0.3984375 0.49296875 0.0484375 0.028125
0 0.5578125 0.54609375 0.0484375 0.03125
0 0.5984375 0.42109375 0.0421875 0.028125
0 0.45390625 0.453125 0.0484375 0.0234375
0 0.4125 0.41484375 0.0421875 0.0234375
0 0.5015625 0.321875 0.0359375 0.0234375
0 0.5296875 0.509375 0.0421875 0.0234375
0 0.48125 0.39453125 0.0421875 0.028125
0 0.59765625 0.35703125 0.0359375 0.0296875
0 0.63203125 0.5234375 0.0484375 0.03125
0 0.48984375 0.48359375 0.0484375 0.034375
0 0.64765625 0.79140625 0.0421875 0.03125
0 0.56328125 0.946875 0.0359375 0.0265625
0 0.5921875 0.9484375 0.0484375 0.028125
0 0.50703125 0.85078125 0.0421875 0.028125
0 0.63671875 0.8796875 0.0421875 0.028125
0 0.71875 0.8484375 0.0359375 0.0234375
0 0.771875 0.77890625 0.0359375 0.0234375
0 0.73828125 0.715625 0.0359375 0.0234375
0 0.69609375 0.8984375 0.0421875 0.03125
0 0.565625 0.86015625 0.0421875 0.028125
0 0.13046875 0.8046875 0.0484375 0.028125
0 0.14296875 0.8296875 0.0484375 0.03125
0 0.1765625 0.80703125 0.059375 0.0390625
0 0.24453125 0.8640625 0.0484375 0.0234375
0 0.34140625 0.846875 0.059375 0.0390625
0 0.715625 0.80859375 0.0359375 0.0265625
0 0.79765625 0.6859375 0.0296875 0.01875
0 0.809375 0.6609375 0.0359375 0.0203125
0 0.93359375 0.89921875 0.0546875 0.03125
0 0.87578125 0.8578125 0.0484375 0.03125