0 0.44140625 0.71875 0.0328125 0.0484375
0 0.4796875 0.68359375 0.0328125 0.053125
0 0.35859375 0.75625 0.0375 0.059375
0 0.35546875 0.66875 0.0390625 0.053125
0 0.3765625 0.60078125 0.0328125 0.0484375
0 0.5421875 0.72578125 0.0265625 0.046875
0 0.5328125 0.6125 0.034375 0.059375
0 0.5609375 0.553125 0.0296875 0.0484375
0 0.56015625 0.61875 0.03125 0.0640625
0 0.5671875 0.68046875 0.03125 0.0640625
0 0.45859375 0.55859375 0.0375 0.059375
0 0.50078125 0.63046875 0.0296875 0.04375
0 0.58671875 0.45078125 0.0265625 0.0421875
0 0.6015625 0.59140625 0.0265625 0.0515625
0 0.59765625 0.5375 0.0296875 0.0484375
0 0.4609375 0.6375 0.025 0.0359375
0 0.56484375 0.49296875 0.0296875 0.04375
0 0.54609375 0.5375 0.03125 0.0375
0 0.540625 0.515625 0.0328125 0.0484375
0 0.5078125 0.57578125 0.03125 0.0375