0 0.18828125 0.08125 0.046875 0.08125
0 0.37265625 0.65625 0.0546875 0.0859375
0 0.31796875 0.45703125 0.0453125 0.0921875
0 0.4640625 0.4375 0.04375 0.075
0 0.60703125 0.93984375 0.05 0.075
0 0.5125 0.8 0.0421875 0.075
0 0.52265625 0.66015625 0.0328125 0.0796875
0 0.51484375 0.5375 0.040625 0.0625
0 0.46015625 0.75390625 0.0515625 0.0859375
0 0.45078125 0.86015625 0.04375 0.075
0 0.42890625 0.96875 0.0375 0.0453125
0 0.66953125 0.65234375 0.0484375 0.0625
0 0.7375 0.46640625 0.04375 0.0625
0 0.65625 0.59140625 0.0390625 0.0625
0 0.68046875 0.49765625 0.046875 0.075
0 0.56171875 0.40078125 0.03125 0.05625
0 0.5921875 0.73203125 0.034375 0.0578125
0 0.596875 0.696875 0.0390625 0.0578125
0 0.4765625 0.61171875 0.046875 0.075
0 0.63515625 0.4046875 0.0453125 0.0625
0 0.66796875 0.3859375 0.04375 0.0578125
0 0.71015625 0.0671875 0.0453125 0.0921875
0 0.58203125 0.25625 0.0390625 0.0625
0 0.60078125 0.2875 0.0421875 0.0625
0 0.49296875 0.34375 0.040625 0.0734375
0 0.47734375 0.18125 0.0390625 0.0625
0 0.446875 0.21484375 0.028125 0.0609375
0 0.46015625 0.19765625 0.0453125 0.0515625
0 0.55625 0.56796875 0.0359375 0.0671875