0 0.09609375 0.16953125 0.053125 0.0828125
0 0.4140625 0.68203125 0.059375 0.0890625
0 0.31328125 0.50234375 0.0515625 0.09375
0 0.45 0.44765625 0.0484375 0.0765625
0 0.7109375 0.90078125 0.0546875 0.078125
0 0.584375 0.78828125 0.046875 0.0765625
0 0.5609375 0.65 0.0390625 0.08125
0 0.5234375 0.5328125 0.0453125 0.0640625
0 0.52265625 0.75625 0.05625 0.0890625
0 0.5390625 0.86171875 0.0484375 0.0765625
0 0.54453125 0.971875 0.040625 0.046875
0 0.7015625 0.60625 0.053125 0.065625
0 0.72265625 0.41015625 0.0484375 0.0640625
0 0.6734375 0.55078125 0.04375 0.0640625
0 0.675 0.45390625 0.0515625 0.078125
0 0.5359375 0.3890625 0.034375 0.0578125
0 0.6453125 0.703125 0.0375 0.059375
0 0.64140625 0.6671875 0.0421875 0.059375
0 0.5046875 0.6140625 0.0515625 0.078125
0 0.60859375 0.37421875 0.05 0.065625
0 0.63515625 0.34921875 0.046875 0.059375
0 0.59921875 0.03828125 0.0515625 0.0765625
0 0.5203125 0.24375 0.04375 0.0640625
0 0.546875 0.26953125 0.046875 0.0640625
0 0.45546875 0.35078125 0.0453125 0.075
0 0.4015625 0.19609375 0.04375 0.0640625
0 0.37890625 0.2359375 0.0328125 0.0625
0 0.3875 0.21640625 0.0484375 0.0546875
0 0.57109375 0.55234375 0.0390625 0.06875