0 0.6484375 0.3109375 0.059375 0.084375
0 0.6484375 0.2109375 0.0734375 0.08125
0 0.57265625 0.38984375 0.0859375 0.1
0 0.60390625 0.696875 0.053125 0.0890625
0 0.56328125 0.63359375 0.059375 0.0796875
0 0.275 0.31484375 0.0546875 0.0796875
0 0.27421875 0.53515625 0.0484375 0.0828125
0 0.25390625 0.48671875 0.053125 0.0625
0 0.2484375 0.52109375 0.0609375 0.075
0 0.33984375 0.48203125 0.059375 0.0796875
0 0.2859375 0.415625 0.0546875 0.0796875
0 0.453125 0.22734375 0.059375 0.0796875
0 0.4078125 0.25859375 0.0703125 0.1078125
0 0.38984375 0.4984375 0.0546875 0.0796875
0 0.40625 0.47578125 0.053125 0.084375
0 0.5171875 0.77109375 0.0546875 0.0796875
0 0.45625 0.8859375 0.0453125 0.0828125
0 0.49609375 0.82578125 0.05625 0.090625
0 0.434375 0.93984375 0.046875 0.071875
0 0.51015625 0.89765625 0.0484375 0.078125
0 0.509375 0.51640625 0.053125 0.06875
0 0.5046875 0.39140625 0.05625 0.0578125
0 0.59921875 0.28359375 0.0796875 0.0765625
0 0.51640625 0.4234375 0.0578125 0.06875
0 0.5640625 0.3109375 0.0578125 0.0734375
0 0.34921875 0.38671875 0.04375 0.09375
0 0.42578125 0.68125 0.0375 0.0546875
0 0.89921875 0.053125 0.0671875 0.0859375
0 0.77734375 0.11328125 0.04375 0.0671875