0 0.1171875 0.3359375 0.0390625 0.05625
0 0.328125 0.36171875 0.05 0.05625
0 0.26328125 0.2453125 0.053125 0.0515625
0 0.478125 0.7109375 0.05 0.0671875
0 0.45078125 0.69296875 0.046875 0.071875
0 0.53515625 0.5609375 0.034375 0.05625
0 0.5265625 0.51796875 0.034375 0.05625
0 0.409375 0.56875 0.03125 0.0609375
0 0.40546875 0.60703125 0.0421875 0.05
0 0.73125 0.459375 0.034375 0.05
0 0.61796875 0.578125 0.0390625 0.0609375
0 0.73203125 0.58203125 0.028125 0.05625
0 0.73046875 0.634375 0.034375 0.05
0 0.6 0.1328125 0.034375 0.0453125
0 0.60625 0.16796875 0.03125 0.05
0 0.6 0.19296875 0.0375 0.0453125
0 0.39921875 0.0546875 0.0453125 0.0609375
0 0.3328125 0.07890625 0.0421875 0.0609375