0 0.6234375 0.10234375 0.059375 0.0453125
0 0.61953125 0.3140625 0.0609375 0.0546875
0 0.728125 0.23828125 0.05625 0.05625
0 0.2875 0.50078125 0.071875 0.05625
0 0.30234375 0.47109375 0.0765625 0.053125
0 0.44296875 0.54140625 0.059375 0.040625
0 0.48515625 0.528125 0.059375 0.040625
0 0.421875 0.4171875 0.0625 0.0359375
0 0.38359375 0.4171875 0.0546875 0.046875
0 0.56484375 0.72578125 0.0546875 0.0390625
0 0.434375 0.625 0.0640625 0.0453125
0 0.44296875 0.7390625 0.0578125 0.0328125
0 0.390625 0.74375 0.0546875 0.0390625
0 0.87578125 0.5609375 0.0484375 0.0390625
0 0.84140625 0.57109375 0.053125 0.034375
0 0.815625 0.56796875 0.0484375 0.04375
0 0.93203125 0.353125 0.065625 0.0515625
0 0.9015625 0.28984375 0.0640625 0.0484375