0 0.70234375 0.36953125 0.0640625 0.0859375
0 0.734375 0.275 0.0765625 0.084375
0 0.6046875 0.41953125 0.0890625 0.103125
0 0.534375 0.7203125 0.0578125 0.090625
0 0.515625 0.646875 0.0625 0.08125
0 0.34765625 0.2515625 0.0578125 0.08125
0 0.27578125 0.459375 0.053125 0.084375
0 0.27109375 0.40703125 0.0546875 0.0640625
0 0.2546875 0.43828125 0.065625 0.078125
0 0.35390625 0.43125 0.0625 0.08125
0 0.325 0.35078125 0.0578125 0.08125
0 0.54453125 0.2265625 0.0625 0.08125
0 0.49140625 0.2421875 0.075 0.1109375
0 0.396875 0.4625 0.0578125 0.08125
0 0.41875 0.446875 0.05625 0.0859375
0 0.42734375 0.76171875 0.0578125 0.08125
0 0.3328125 0.85078125 0.05 0.084375
0 0.390625 0.80625 0.0609375 0.0921875
0 0.29453125 0.89453125 0.0515625 0.075
0 0.38046875 0.8796875 0.053125 0.0796875
0 0.50390625 0.51796875 0.05625 0.0703125
0 0.53984375 0.3984375 0.059375 0.059375
0 0.6640625 0.32734375 0.0828125 0.08125
0 0.53984375 0.4328125 0.0609375 0.0703125
0 0.621875 0.3421875 0.0625 0.0765625
0 0.39453125 0.34375 0.0484375 0.0953125
0 0.37109375 0.64765625 0.040625 0.05625
0 0.8875 0.22421875 0.046875 0.06875