0 0.92734375 0.8203125 0.046875 0.0828125
0 0.67734375 0.0734375 0.0421875 0.046875
0 0.634375 0.61328125 0.0546875 0.0703125
0 0.5953125 0.67578125 0.046875 0.053125
0 0.59609375 0.63359375 0.046875 0.053125
0 0.44921875 0.7 0.0578125 0.0890625
0 0.4921875 0.47421875 0.059375 0.075
0 0.4359375 0.4015625 0.059375 0.0703125
0 0.4359375 0.44765625 0.0453125 0.0625
0 0.26796875 0.50546875 0.0484375 0.0625
0 0.11875 0.603125 0.0359375 0.046875
0 0.075 0.5125 0.040625 0.0421875
0 0.09609375 0.5640625 0.034375 0.040625
0 0.10234375 0.58984375 0.034375 0.0359375
0 0.31171875 0.57109375 0.0515625 0.059375
0 0.39453125 0.67265625 0.046875 0.0578125
0 0.38671875 0.63671875 0.040625 0.053125