0 0.71328125 0.1859375 0.034375 0.040625
0 0.7265625 0.41484375 0.03125 0.046875
0 0.59609375 0.2296875 0.03125 0.0359375
0 0.625 0.2265625 0.0265625 0.03125
0 0.6765625 0.27578125 0.0234375 0.0359375
0 0.6984375 0.30703125 0.0265625 0.0359375
0 0.5234375 0.3890625 0.03125 0.0359375
0 0.575 0.3453125 0.034375 0.040625
0 0.5828125 0.3171875 0.0421875 0.0359375
0 0.57890625 0.52578125 0.0265625 0.040625
0 0.56328125 0.53828125 0.0265625 0.0359375
0 0.5921875 0.5875 0.0375 0.0515625
0 0.540625 0.5875 0.034375 0.040625
0 0.559375 0.65703125 0.0265625 0.0359375
0 0.5515625 0.4328125 0.034375 0.040625
0 0.5734375 0.6109375 0.0375 0.0359375