0 0.87265625 0.41875 0.0359375 0.0375
0 0.796875 0.540625 0.03125 0.0375
0 0.81015625 0.39765625 0.03125 0.0328125
0 0.78359375 0.47421875 0.0359375 0.0375
0 0.68828125 0.38515625 0.0359375 0.040625
0 0.67265625 0.30703125 0.040625 0.040625
0 0.47421875 0.32265625 0.040625 0.040625
0 0.49140625 0.2640625 0.03125 0.0375
0 0.59765625 0.20234375 0.0359375 0.0375
0 0.46484375 0.97890625 0.0359375 0.040625
0 0.4328125 0.9546875 0.0359375 0.0375
0 0.35234375 0.89140625 0.040625 0.0375
0 0.4828125 0.96875 0.0359375 0.0328125
0 0.275 0.85546875 0.046875 0.0421875
0 0.346875 0.86015625 0.0359375 0.0328125
0 0.384375 0.8734375 0.03125 0.0328125
0 0.2359375 0.86796875 0.03125 0.0328125
0 0.18671875 0.87578125 0.0265625 0.0359375
0 0.42734375 0.90078125 0.046875 0.0390625
0 0.34609375 0.8328125 0.040625 0.0375
0 0.38984375 0.85390625 0.046875 0.0390625
0 0.696875 0.509375 0.0359375 0.0375
0 0.4640625 0.2484375 0.0359375 0.0328125
0 0.47734375 0.2609375 0.040625 0.0375
0 0.43125 0.25625 0.0359375 0.0328125