0 0.7453125 0.6171875 0.065625 0.0765625
0 0.68203125 0.60390625 0.046875 0.071875
0 0.84921875 0.61484375 0.0328125 0.05
0 0.8546875 0.5765625 0.0375 0.0609375
0 0.86015625 0.53828125 0.0328125 0.05
0 0.8875 0.56015625 0.028125 0.05
0 0.88359375 0.196875 0.0578125 0.0765625
0 0.8421875 0.33046875 0.040625 0.08125
0 0.8984375 0.35546875 0.04375 0.0765625
0 0.76328125 0.24296875 0.0375 0.059375
0 0.7453125 0.23515625 0.028125 0.0546875
0 0.78515625 0.35 0.04375 0.0546875
0 0.6015625 0.21015625 0.046875 0.059375
0 0.71796875 0.35546875 0.040625 0.065625
0 0.69609375 0.10625 0.046875 0.059375
0 0.6328125 0.35546875 0.028125 0.04375
0 0.58359375 0.33046875 0.040625 0.05
0 0.69453125 0.240625 0.028125 0.04375
0 0.7875 0.4890625 0.0328125 0.059375
0 0.77421875 0.51875 0.0375 0.04375
0 0.73671875 0.46171875 0.0328125 0.059375
0 0.71640625 0.51640625 0.04375 0.05
0 0.57265625 0.63125 0.0328125 0.05
0 0.60546875 0.46484375 0.040625 0.065625
0 0.6421875 0.5078125 0.0328125 0.0546875
0 0.66328125 0.4921875 0.040625 0.04375
0 0.56328125 0.521875 0.028125 0.05
0 0.5890625 0.50234375 0.04375 0.0546875
0 0.57421875 0.478125 0.0375 0.05
0 0.51640625 0.48359375 0.0375 0.071875
0 0.5203125 0.4484375 0.04375 0.04375
0 0.52734375 0.415625 0.05 0.0546875
0 0.490625 0.42109375 0.04375 0.0546875
0 0.46015625 0.42890625 0.0328125 0.071875
0 0.4421875 0.48359375 0.046875 0.08125
0 0.4234375 0.4234375 0.0625 0.059375
0 0.4203125 0.56015625 0.040625 0.059375
0 0.35078125 0.4703125 0.040625 0.065625
0 0.40703125 0.68046875 0.0375 0.071875
0 0.22578125 0.7375 0.04375 0.0875
0 0.278125 0.60078125 0.0328125 0.0546875
0 0.25625 0.5765625 0.046875 0.071875
0 0.18515625 0.4890625 0.04375 0.059375
0 0.3671875 0.53515625 0.04375 0.0546875
0 0.39453125 0.6203125 0.046875 0.059375
0 0.38359375 0.57890625 0.040625 0.04375
0 0.3015625 0.4484375 0.04375 0.0765625
0 0.2453125 0.49453125 0.040625 0.05
0 0.18203125 0.4125 0.0375 0.071875
0 0.878125 0.27890625 0.025 0.04375
0 0.51796875 0.328125 0.046875 0.0546875