0 0.87890625 0.4578125 0.0328125 0.034375
0 0.79140625 0.57109375 0.028125 0.034375
0 0.81953125 0.43046875 0.028125 0.0296875
0 0.784375 0.50390625 0.0328125 0.034375
0 0.69921875 0.40546875 0.0328125 0.0375
0 0.6921875 0.32578125 0.0375 0.0375
0 0.49296875 0.32109375 0.0375 0.0375
0 0.51640625 0.26484375 0.028125 0.034375
0 0.628125 0.2140625 0.0328125 0.034375
0 0.41484375 0.97265625 0.0328125 0.0375
0 0.3859375 0.9453125 0.0328125 0.034375
0 0.3125 0.87421875 0.0375 0.034375
0 0.43359375 0.9640625 0.0328125 0.0296875
0 0.2390625 0.8296875 0.04375 0.0375
0 0.31015625 0.8421875 0.0328125 0.0296875
0 0.34609375 0.859375 0.028125 0.0296875
0 0.19921875 0.83828125 0.028125 0.0296875
0 0.14921875 0.840625 0.0234375 0.034375
0 0.3859375 0.890625 0.04375 0.034375
0 0.3125 0.81484375 0.0375 0.034375
0 0.353125 0.840625 0.04375 0.034375
0 0.69453125 0.5296875 0.0328125 0.034375
0 0.490625 0.24609375 0.0328125 0.0296875
0 0.50234375 0.26015625 0.0375 0.034375
0 0.45703125 0.25 0.0328125 0.0296875