0 0.35703125 0.8515625 0.0421875 0.046875
0 0.29609375 0.63046875 0.0390625 0.0515625
0 0.4625 0.784375 0.0375 0.0421875
0 0.434375 0.79375 0.0328125 0.0359375
0 0.37421875 0.75625 0.0296875 0.040625
0 0.34609375 0.7296875 0.0328125 0.040625
0 0.5 0.61328125 0.0375 0.0421875
0 0.45859375 0.6671875 0.0421875 0.046875
0 0.45703125 0.69609375 0.0484375 0.04375
0 0.4171875 0.49140625 0.034375 0.0453125
0 0.43046875 0.47578125 0.0328125 0.040625
0 0.39140625 0.43359375 0.0484375 0.0578125
0 0.4421875 0.42265625 0.0421875 0.046875
0 0.409375 0.35859375 0.0328125 0.040625
0 0.46328125 0.5765625 0.0421875 0.046875
0 0.40546875 0.40703125 0.0453125 0.04375