0 0.5234375 0.1171875 0.0953125 0.053125
0 0.1515625 0.13359375 0.0890625 0.053125
0 0.29765625 0.1625 0.084375 0.05
0 0.17890625 0.2375 0.071875 0.046875
0 0.4734375 0.18359375 0.0890625 0.0671875
0 0.4140625 0.16015625 0.065625 0.053125
0 0.48828125 0.24609375 0.071875 0.04375
0 0.5359375 0.190625 0.071875 0.034375
0 0.184375 0.18203125 0.084375 0.05
0 0.36328125 0.259375 0.084375 0.0625
0 0.3515625 0.3109375 0.0953125 0.046875
0 0.309375 0.24765625 0.071875 0.046875
0 0.30078125 0.34296875 0.1125 0.05
0 0.38671875 0.384375 0.059375 0.046875
0 0.41953125 0.4078125 0.0890625 0.053125
0 0.2796875 0.378125 0.059375 0.053125
0 0.26796875 0.4234375 0.084375 0.0375
0 0.54140625 0.5484375 0.0953125 0.0671875
0 0.49375 0.48828125 0.10625 0.053125
0 0.4671875 0.453125 0.0890625 0.0625
0 0.35703125 0.46328125 0.10625 0.04375
0 0.3421875 0.4015625 0.0890625 0.0734375
0 0.39609375 0.1953125 0.065625 0.04375
0 0.4765625 0.55 0.059375 0.0375
0 0.7890625 0.55703125 0.078125 0.05625
0 0.809375 0.51875 0.071875 0.053125
0 0.73828125 0.95 0.14375 0.053125
0 0.9015625 0.89453125 0.0890625 0.05625
0 0.74375 0.79609375 0.084375 0.0671875
0 0.559375 0.74453125 0.0953125 0.0375
0 0.1578125 0.35625 0.065625 0.05
0 0.5984375 0.9234375 0.0890625 0.053125
0 0.21015625 0.11875 0.06484375 0.04921875
0 0.39609375 0.22734375 0.0484375 0.02734375
0 0.43515625 0.58671875 0.0828125 0.0453125
0 0.40546875 0.5453125 0.059375 0.0453125
0 0.509375 0.915625 0.06875 0.0359375
0 0.7765625 0.60078125 0.04375 0.04296875