0 0.3078125 0.64375 0.059375 0.084375
0 0.28125 0.740625 0.0703125 0.08125
0 0.40078125 0.5875 0.084375 0.0984375
0 0.45 0.2828125 0.0515625 0.0890625
0 0.4734375 0.3546875 0.0578125 0.0796875
0 0.66953125 0.7375 0.0546875 0.078125
0 0.7265625 0.525 0.046875 0.0828125
0 0.734375 0.5765625 0.0515625 0.0609375
0 0.7484375 0.54453125 0.0609375 0.075
0 0.65 0.55859375 0.0578125 0.0796875
0 0.684375 0.63671875 0.0546875 0.078125
0 0.475 0.77578125 0.0578125 0.0796875
0 0.5265625 0.75703125 0.06875 0.1078125
0 0.60546875 0.53046875 0.0546875 0.078125
0 0.584375 0.54765625 0.0515625 0.0828125
0 0.55390625 0.23359375 0.0546875 0.078125
0 0.6421875 0.1390625 0.0453125 0.08125
0 0.58828125 0.18671875 0.0546875 0.0890625
0 0.67734375 0.0921875 0.0453125 0.0734375
0 0.59296875 0.11328125 0.0484375 0.078125
0 0.4953125 0.48203125 0.053125 0.0671875
0 0.4671875 0.60390625 0.05625 0.05625
0 0.3484375 0.68359375 0.078125 0.0765625
0 0.46484375 0.56953125 0.0578125 0.06875
0 0.3890625 0.665625 0.0578125 0.075
0 0.61640625 0.6484375 0.0421875 0.09375
0 0.61875 0.34375 0.0375 0.053125
0 0.015625 0.828125 0.03125 0.084375
0 0.13203125 0.80234375 0.0421875 0.065625