0 0.46875 0.290625 0.0703125 0.0546875
0 0.565625 0.19453125 0.084375 0.0703125
0 0.634375 0.26328125 0.071875 0.059375
0 0.47578125 0.2265625 0.0703125 0.0546875
0 0.4609375 0.4453125 0.0734375 0.0640625
0 0.47421875 0.4015625 0.065625 0.0546875
0 0.56953125 0.33046875 0.05625 0.0515625
0 0.596875 0.31015625 0.065625 0.0546875
0 0.81484375 0.44609375 0.084375 0.0671875
0 0.690625 0.46953125 0.0859375 0.05625
0 0.64609375 0.5140625 0.0453125 0.0421875
0 0.2375 0.50546875 0.0625 0.053125
0 0.29453125 0.58515625 0.0671875 0.059375
0 0.38828125 0.61953125 0.0640625 0.0484375
0 0.8625 0.8046875 0.065625 0.0546875
0 0.8359375 0.77109375 0.0625 0.053125
0 0.803125 0.83203125 0.0640625 0.0625
0 0.6328125 0.7046875 0.05625 0.0515625
0 0.66796875 0.68515625 0.0703125 0.053125
0 0.75234375 0.56328125 0.065625 0.0515625
0 0.7296875 0.5171875 0.0640625 0.0625
0 0.4625 0.73125 0.0859375 0.05625
0 0.4390625 0.5046875 0.0734375 0.0640625
0 0.496875 0.6234375 0.0671875 0.059375
0 0.4953125 0.5765625 0.0734375 0.0671875
0 0.615625 0.55859375 0.071875 0.059375
0 0.74921875 0.646875 0.06875 0.05
0 0.77421875 0.80703125 0.05625 0.05625
0 0.25390625 0.77890625 0.0640625 0.0484375
0 0.57109375 0.6203125 0.08125 0.0546875