0 0.68125 0.99140625 0.08125 0.0171875
0 0.040625 0.5453125 0.0453125 0.0375
0 0.56875 0.6609375 0.065625 0.046875
0 0.640625 0.6421875 0.05 0.0421875
0 0.6 0.63125 0.05 0.0421875
0 0.70625 0.51015625 0.0859375 0.05
0 0.478125 0.484375 0.0703125 0.053125
0 0.425 0.41015625 0.065625 0.0515625
0 0.46796875 0.4234375 0.059375 0.0390625
0 0.5734375 0.2796875 0.059375 0.0421875
0 0.71015625 0.165625 0.04375 0.03125
0 0.63671875 0.096875 0.0390625 0.0375
0 0.6796875 0.13203125 0.0375 0.03125
0 0.7015625 0.14609375 0.0328125 0.03125
0 0.62265625 0.340625 0.0546875 0.046875
0 0.69609375 0.45 0.0546875 0.0421875
0 0.66328125 0.43125 0.05 0.0359375