0 0.43359375 0.43671875 0.121875 0.1390625
0 0.303125 0.37421875 0.0875 0.1140625
0 0.4265625 0.3515625 0.0875 0.109375
0 0.60234375 0.47109375 0.0796875 0.0984375
0 0.23671875 0.31015625 0.08125 0.109375
0 0.1734375 0.259375 0.084375 0.1203125
0 0.10703125 0.20390625 0.090625 0.1
0 0.80859375 0.5578125 0.0703125 0.08125
0 0.6875 0.5765625 0.0984375 0.115625
0 0.5203125 0.50390625 0.0875 0.1203125
0 0.5734375 0.53046875 0.065625 0.1125
0 0.58828125 0.41171875 0.0890625 0.0890625
0 0.0859375 0.1046875 0.0609375 0.090625
0 0.7984375 0.62421875 0.0875 0.1140625
0 0.0453125 0.10390625 0.0671875 0.0765625