0 0.29140625 0.46484375 0.05625 0.071875
0 0.19375 0.56015625 0.06875 0.084375
0 0.2609375 0.63046875 0.059375 0.071875
0 0.22734375 0.4703125 0.05625 0.071875
0 0.4453125 0.459375 0.0625 0.0734375
0 0.40234375 0.47265625 0.0546875 0.065625
0 0.32890625 0.56640625 0.0515625 0.05625
0 0.30859375 0.59375 0.0546875 0.065625
0 0.440625 0.81328125 0.065625 0.0828125
0 0.46640625 0.690625 0.05625 0.0859375
0 0.51171875 0.64609375 0.0421875 0.04375
0 0.51015625 0.2375 0.053125 0.0609375
0 0.58828125 0.29609375 0.0578125 0.0671875
0 0.621875 0.390625 0.046875 0.0640625
0 0.7984375 0.86796875 0.0546875 0.065625
0 0.765625 0.840625 0.053125 0.0609375
0 0.8265625 0.809375 0.0609375 0.0625
0 0.70234375 0.63671875 0.0515625 0.05625
0 0.68203125 0.67109375 0.0515625 0.0703125
0 0.559375 0.753125 0.05 0.065625
0 0.51328125 0.73046875 0.0609375 0.0625
0 0.73125 0.46640625 0.05625 0.0859375
0 0.50546875 0.4390625 0.0625 0.0734375
0 0.6234375 0.49921875 0.0578125 0.0671875
0 0.5765625 0.496875 0.065625 0.0734375
0 0.55625 0.61640625 0.059375 0.071875
0 0.6421875 0.7515625 0.0484375 0.06875
0 0.80234375 0.7796875 0.05625 0.0578125
0 0.7828125 0.25859375 0.046875 0.0640625
0 0.61875 0.5734375 0.0546875 0.0796875