0 0.759375 0.434375 0.059375 0.09375
0 0.865625 0.28046875 0.0515625 0.0875
0 0.8359375 0.196875 0.0515625 0.0921875
0 0.85859375 0.103125 0.046875 0.075
0 0.90078125 0.10859375 0.059375 0.0875
0 0.6265625 0.65859375 0.05625 0.0921875
0 0.58359375 0.65234375 0.0625 0.09375
0 0.60859375 0.60078125 0.0546875 0.08125
0 0.55546875 0.56015625 0.0609375 0.0828125
0 0.58984375 0.52890625 0.046875 0.075
0 0.60390625 0.4921875 0.0484375 0.065625
0 0.6578125 0.37265625 0.0515625 0.0875
0 0.5671875 0.1421875 0.046875 0.08125
0 0.53671875 0.14609375 0.046875 0.075
0 0.5 0.38203125 0.0546875 0.08125
0 0.34609375 0.878125 0.0453125 0.0703125
0 0.35625 0.75625 0.053125 0.0765625
0 0.30546875 0.86171875 0.05625 0.071875
0 0.309375 0.81015625 0.0484375 0.065625
0 0.240625 0.684375 0.053125 0.0765625
0 0.2796875 0.61796875 0.046875 0.075
0 0.19609375 0.634375 0.0546875 0.0875
0 0.21328125 0.50078125 0.0484375 0.0703125
0 0.1765625 0.446875 0.0421875 0.0703125
0 0.28046875 0.378125 0.059375 0.071875
0 0.23125 0.28515625 0.0609375 0.078125