0 0.509375 0.86953125 0.071875 0.08125
0 0.67265625 0.78359375 0.0515625 0.0609375
0 0.3875 0.3515625 0.0625 0.046875
0 0.46875 0.32578125 0.0421875 0.0390625
0 0.5640625 0.4859375 0.04375 0.04375
0 0.3890625 0.425 0.034375 0.0421875
0 0.38203125 0.4515625 0.046875 0.040625
0 0.509375 0.44609375 0.053125 0.0453125
0 0.44609375 0.42421875 0.0625 0.0515625
0 0.71484375 0.85546875 0.0328125 0.034375
0 0.72890625 0.7890625 0.0375 0.034375
0 0.74609375 0.76171875 0.04375 0.04375
0 0.78984375 0.703125 0.04375 0.0484375
0 0.5828125 0.65390625 0.04375 0.0484375
0 0.49453125 0.721875 0.0546875 0.053125
0 0.553125 0.5796875 0.0421875 0.0390625
0 0.54140625 0.659375 0.0484375 0.0484375
0 0.5296875 0.6828125 0.034375 0.046875
0 0.54609375 0.72890625 0.0328125 0.0375
0 0.5234375 0.71796875 0.034375 0.0421875
0 0.60234375 0.62734375 0.053125 0.05
0 0.47578125 0.65234375 0.0359375 0.0296875
0 0.47734375 0.66953125 0.0359375 0.0296875
0 0.465625 0.6953125 0.0328125 0.034375
0 0.45546875 0.671875 0.0421875 0.0359375
0 0.44375 0.6578125 0.04375 0.04375
0 0.45859375 0.62734375 0.0328125 0.0375
0 0.44609375 0.60390625 0.0375 0.0390625
0 0.3453125 0.7515625 0.04375 0.04375
0 0.08984375 0.74921875 0.0484375 0.0453125
0 0.21796875 0.715625 0.0546875 0.053125
0 0.1984375 0.8515625 0.0328125 0.0375
0 0.38828125 0.87734375 0.0375 0.0390625
0 0.18515625 0.8046875 0.0375 0.034375
0 0.2171875 0.7734375 0.0328125 0.0375
0 0.32265625 0.7046875 0.0484375 0.0453125
0 0.26875 0.7078125 0.0375 0.034375
0 0.28984375 0.70234375 0.0375 0.034375
0 0.23828125 0.76015625 0.04375 0.0484375
0 0.11796875 0.628125 0.0625 0.0515625
0 0.26171875 0.66953125 0.0484375 0.0484375
0 0.240625 0.653125 0.0390625 0.046875
0 0.40703125 0.65703125 0.028125 0.028125
0 0.40546875 0.63984375 0.0359375 0.0296875
0 0.17421875 0.58203125 0.0515625 0.040625
0 0.2078125 0.56796875 0.0578125 0.046875
0 0.24453125 0.5921875 0.0421875 0.0359375
0 0.103125 0.5390625 0.0578125 0.05
0 0.02109375 0.4328125 0.040625 0.0515625
0 0.05859375 0.4734375 0.04375 0.04375
0 0.1046875 0.40859375 0.034375 0.0421875
0 0.05234375 0.29609375 0.04375 0.04375
0 0.2046875 0.3515625 0.053125 0.05
0 0.16015625 0.4578125 0.0390625 0.04375
0 0.13671875 0.4546875 0.0375 0.0390625
0 0.284375 0.35078125 0.0390625 0.04375
0 0.23203125 0.309375 0.0421875 0.0390625
0 0.24140625 0.3234375 0.0375 0.0390625
0 0.2046875 0.24609375 0.0515625 0.0375
0 0.32109375 0.47109375 0.0375 0.0390625
0 0.2859375 0.434375 0.0421875 0.0390625
0 0.290625 0.4078125 0.04375 0.04375
0 0.32421875 0.49453125 0.04375 0.04375
0 0.128125 0.50234375 0.0578125 0.046875
0 0.2296875 0.49921875 0.0390625 0.04375
0 0.36328125 0.5828125 0.046875 0.0359375
0 0.28828125 0.55703125 0.0453125 0.0515625
0 0.2828125 0.51953125 0.0375 0.0390625
0 0.31640625 0.66015625 0.0484375 0.0453125