0 0.49765625 0.76015625 0.0453125 0.0359375
0 0.50703125 0.8015625 0.0515625 0.0375
0 0.49453125 0.6234375 0.0546875 0.034375
0 0.5828125 0.53125 0.05625 0.040625
0 0.428125 0.51640625 0.0453125 0.0359375
0 0.31328125 0.38515625 0.059375 0.0515625
0 0.3375 0.1875 0.0625 0.0484375
0 0.87734375 0.2875 0.0453125 0.0359375
0 0.9375 0.22578125 0.046875 0.0421875
0 0.74765625 0.13828125 0.0296875 0.0328125
0 0.75859375 0.15234375 0.0375 0.040625
0 0.69765625 0.909375 0.046875 0.0421875
0 0.8109375 0.78359375 0.0421875 0.040625
0 0.16953125 0.6671875 0.04375 0.0265625
0 0.1515625 0.6515625 0.046875 0.0421875
0 0.28359375 0.82109375 0.0578125 0.04375
0 0.43046875 0.121875 0.040625 0.034375
0 0.2421875 0.5109375 0.040625 0.0296875
0 0.028125 0.6109375 0.046875 0.0390625
0 0.0140625 0.59765625 0.028125 0.0390625
0 0.86484375 0.71953125 0.0453125 0.0359375
0 0.84296875 0.75703125 0.053125 0.040625
0 0.68671875 0.75078125 0.040625 0.0296875
0 0.64140625 0.7890625 0.0421875 0.0375
0 0.84296875 0.2 0.046875 0.0390625