0 0.496875 0.84921875 0.0640625 0.05625
0 0.53359375 0.7890625 0.06875 0.059375
0 0.42109375 0.74453125 0.065625 0.071875
0 0.4296875 0.69765625 0.053125 0.0484375
0 0.48125 0.6921875 0.053125 0.0640625
0 0.49921875 0.53671875 0.059375 0.0328125
0 0.4953125 0.51953125 0.0734375 0.03125
0 0.48984375 0.4984375 0.084375 0.034375
0 0.465625 0.48203125 0.0484375 0.0359375
0 0.49296875 0.465625 0.053125 0.0359375
0 0.5546875 0.515625 0.059375 0.0328125
0 0.5609375 0.46640625 0.04375 0.04375
0 0.64609375 0.48515625 0.0484375 0.040625
0 0.6359375 0.471875 0.059375 0.04375
0 0.634375 0.4296875 0.0484375 0.04375
0 0.5328125 0.415625 0.04375 0.040625
0 0.440625 0.44453125 0.04375 0.0359375
0 0.4375 0.41953125 0.0484375 0.0328125
0 0.4625 0.39375 0.0484375 0.0359375
0 0.46171875 0.36796875 0.0484375 0.040625
0 0.48203125 0.3328125 0.0484375 0.0328125
0 0.4953125 0.29375 0.059375 0.05625
0 0.33828125 0.44765625 0.053125 0.0515625
0 0.421875 0.32265625 0.053125 0.040625
0 0.38046875 0.31875 0.053125 0.0359375
0 0.346875 0.484375 0.0796875 0.0421875
0 0.54296875 0.2609375 0.04375 0.040625
0 0.5625 0.23515625 0.04375 0.04375
0 0.5890625 0.2515625 0.04375 0.040625
0 0.525 0.184375 0.053125 0.0484375
0 0.6140625 0.15078125 0.059375 0.05625