0 0.6734375 0.66640625 0.05 0.078125
0 0.6875 0.765625 0.0625 0.0734375
0 0.5875 0.59921875 0.0734375 0.090625
0 0.57578125 0.290625 0.0421875 0.084375
0 0.54375 0.35859375 0.05 0.0734375
0 0.303125 0.71484375 0.0453125 0.0734375
0 0.271875 0.496875 0.0375 0.078125
0 0.2578125 0.54765625 0.0453125 0.05625
0 0.24765625 0.5140625 0.053125 0.06875
0 0.34375 0.53984375 0.05 0.0734375
0 0.3 0.61328125 0.0453125 0.0734375
0 0.49140625 0.7765625 0.05 0.0734375
0 0.4421875 0.7515625 0.05625 0.1015625
0 0.39140625 0.5171875 0.0453125 0.0734375
0 0.41015625 0.53671875 0.0421875 0.078125
0 0.47890625 0.22890625 0.0453125 0.0734375
0 0.403125 0.12421875 0.0359375 0.078125
0 0.45078125 0.178125 0.0453125 0.084375
0 0.3734375 0.0734375 0.0375 0.06875
0 0.4546875 0.1046875 0.0390625 0.0734375
0 0.50703125 0.4828125 0.0453125 0.0625
0 0.51953125 0.60703125 0.05 0.05
0 0.628125 0.70078125 0.0703125 0.06875
0 0.5265625 0.5734375 0.05 0.0625
0 0.58984375 0.678125 0.05 0.06875
0 0.36640625 0.6328125 0.03125 0.090625
0 0.4015625 0.33046875 0.03125 0.05
0 0.9578125 0.88671875 0.05625 0.078125
0 0.828125 0.84453125 0.034375 0.0625