0 0.43125 0.440625 0.0265625 0.0421875
0 0.4375 0.425 0.0265625 0.046875
0 0.48984375 0.40859375 0.021875 0.0421875
0 0.50859375 0.3984375 0.0265625 0.046875
0 0.453125 0.55703125 0.0296875 0.046875
0 0.57734375 0.6 0.0265625 0.0421875
0 0.54765625 0.4546875 0.0234375 0.046875
0 0.58671875 0.4140625 0.021875 0.0421875
0 0.678125 0.5046875 0.021875 0.0359375
0 0.48984375 0.5296875 0.021875 0.0421875
0 0.60546875 0.4828125 0.0265625 0.0421875
0 0.64140625 0.6 0.0296875 0.0359375
0 0.47421875 0.63125 0.0296875 0.046875
0 0.51640625 0.490625 0.034375 0.0484375
0 0.20625 0.64296875 0.0296875 0.0421875
0 0.05234375 0.55546875 0.0265625 0.0359375
0 0.05 0.584375 0.0265625 0.046875
0 0.1484375 0.5015625 0.0265625 0.0421875
0 0.11796875 0.63046875 0.0265625 0.0421875
0 0.1484375 0.7125 0.021875 0.0359375
0 0.21640625 0.76640625 0.021875 0.0359375
0 0.2796875 0.734375 0.021875 0.0359375
0 0.0984375 0.6890625 0.0296875 0.0421875
0 0.13828125 0.559375 0.0265625 0.0421875
0 0.2015625 0.125 0.0265625 0.046875
0 0.1765625 0.1375 0.0296875 0.046875
0 0.1984375 0.171875 0.0375 0.059375
0 0.140625 0.23828125 0.0234375 0.046875
0 0.15546875 0.3359375 0.0375 0.059375
0 0.18828125 0.71015625 0.0265625 0.0359375
0 0.30859375 0.79375 0.01875 0.0296875
0 0.33359375 0.80703125 0.01875 0.0359375
0 0.09375 0.9265625 0.0296875 0.053125
0 0.1359375 0.86953125 0.0296875 0.046875