0 0.64921875 0.975 0.0546875 0.0375
0 0.4453125 0.84296875 0.0546875 0.0359375
0 0.70546875 0.984375 0.0484375 0.03125
0 0.76875 0.97421875 0.0609375 0.046875
0 0.9015625 0.6 0.0484375 0.040625
0 0.834375 0.6625 0.0484375 0.040625
0 0.81328125 0.68984375 0.0484375 0.0375
0 0.534375 0.3515625 0.0484375 0.040625
0 0.134375 0.51328125 0.046875 0.0328125
0 0.10078125 0.26171875 0.05 0.04375
0 0.53828125 0.51796875 0.046875 0.0328125
0 0.52734375 0.58046875 0.0484375 0.0359375
0 0.63359375 0.40390625 0.05625 0.0453125
0 0.6546875 0.2671875 0.05 0.04375
0 0.70859375 0.45 0.05625 0.0453125
0 0.84296875 0.48828125 0.05 0.04375
0 0.85625 0.11640625 0.0625 0.034375
0 0.8359375 0.08671875 0.05 0.046875
0 0.70078125 0.40078125 0.040625 0.028125
0 0.73046875 0.40390625 0.046875 0.0328125
0 0.8109375 0.3109375 0.053125 0.0328125
0 0.80703125 0.25078125 0.059375 0.0421875
0 0.78203125 0.36484375 0.05 0.046875
0 0.8046875 0.3796875 0.04375 0.046875
0 0.8765625 0.41171875 0.0546875 0.040625
0 0.8640625 0.35546875 0.0546875 0.0359375
0 0.85234375 0.6109375 0.040625 0.03125
0 0.88125 0.61875 0.0484375 0.040625
0 0.6421875 0.68203125 0.0609375 0.046875
0 0.88671875 0.4484375 0.065625 0.046875
0 0.540625 0.7421875 0.040625 0.028125
0 0.3484375 0.7625 0.0546875 0.0359375
0 0.45078125 0.68515625 0.0421875 0.034375
0 0.88671875 0.98828125 0.0484375 0.0234375
0 0.83203125 0.728125 0.053125 0.034375
0 0.53515625 0.9890625 0.0421875 0.021875
0 0.02421875 0.59296875 0.0484375 0.0328125