0 0.2046875 0.6234375 0.1 0.103125
0 0.29921875 0.56171875 0.065625 0.09375
0 0.246875 0.54921875 0.084375 0.0875
0 0.35703125 0.4640625 0.0578125 0.071875
0 0.2875 0.4875 0.05 0.078125
0 0.32421875 0.51796875 0.078125 0.0875
0 0.271875 0.6546875 0.08125 0.0828125
0 0.4359375 0.45625 0.046875 0.05625
0 0.37421875 0.384375 0.0375 0.05625
0 0.596875 0.45390625 0.028125 0.040625
0 0.51171875 0.43046875 0.034375 0.046875
0 0.6296875 0.43828125 0.03125 0.040625
0 0.58515625 0.3765625 0.0421875 0.0515625
0 0.37421875 0.51796875 0.0625 0.05625