0 0.765625 0.03671875 0.08125 0.0375
0 0.05546875 0.37578125 0.04375 0.0375
0 0.59609375 0.353125 0.065625 0.046875
0 0.66328125 0.384375 0.05 0.04375
0 0.62109375 0.38828125 0.05 0.04375
0 0.7046875 0.52578125 0.0859375 0.05
0 0.47578125 0.5109375 0.0703125 0.053125
0 0.41015625 0.575 0.065625 0.0515625
0 0.45546875 0.56953125 0.0609375 0.0390625
0 0.534375 0.7296875 0.0609375 0.04375
0 0.64921875 0.865625 0.04375 0.03125
0 0.5640625 0.9203125 0.0390625 0.0375
0 0.61328125 0.89375 0.0375 0.03125
0 0.6375 0.88359375 0.0328125 0.03125
0 0.59375 0.678125 0.0546875 0.046875
0 0.684375 0.58359375 0.0546875 0.04375
0 0.64921875 0.59609375 0.05 0.0359375