0 0.171875 0.1171875 0.06875 0.0765625
0 0.2140625 0.075 0.0484375 0.046875
0 0.4890625 0.28046875 0.0796875 0.109375
0 0.240625 0.24921875 0.0671875 0.0828125
0 0.2625 0.22109375 0.0609375 0.0703125
0 0.59921875 0.07265625 0.053125 0.0734375
0 0.7015625 0.053125 0.05625 0.0640625
0 0.828125 0.1703125 0.0484375 0.05625
0 0.81875 0.19296875 0.0421875 0.0609375
0 0.4890625 0.15078125 0.05 0.0625
0 0.4015625 0.17265625 0.0578125 0.075
0 0.36640625 0.1953125 0.0703125 0.0734375
0 0.39375 0.12421875 0.05625 0.0640625
0 0.41640625 0.278125 0.0640625 0.071875
0 0.29140625 0.36015625 0.0734375 0.0828125
0 0.3671875 0.290625 0.0546875 0.059375
0 0.4625 0.365625 0.065625 0.065625
0 0.4234375 0.3359375 0.05625 0.0640625
0 0.390625 0.321875 0.05625 0.0640625
0 0.071875 0.465625 0.0578125 0.059375
0 0.553125 0.48125 0.0640625 0.0703125
0 0.5421875 0.51796875 0.0671875 0.071875
0 0.84765625 0.37734375 0.06875 0.0765625
0 0.82890625 0.4203125 0.05 0.0828125
0 0.7984375 0.41171875 0.05 0.0625
0 0.77734375 0.43359375 0.0515625 0.0734375
0 0.775 0.64765625 0.071875 0.078125
0 0.67265625 0.42890625 0.075 0.1046875
0 0.696875 0.49296875 0.053125 0.0625
0 0.70390625 0.58125 0.053125 0.0625
0 0.7109375 0.61640625 0.05 0.0671875
0 0.76796875 0.54609375 0.0421875 0.065625
0 0.74375 0.453125 0.0453125 0.0609375
0 0.59375 0.5609375 0.0546875 0.06875
0 0.54296875 0.71171875 0.05 0.071875
0 0.51640625 0.628125 0.0453125 0.0609375
0 0.5625 0.6390625 0.05625 0.0640625
0 0.6421875 0.65625 0.05 0.065625
0 0.65078125 0.73515625 0.0828125 0.090625
0 0.853125 0.525 0.0578125 0.0703125
0 0.6671875 0.55390625 0.05 0.0578125
0 0.6515625 0.603125 0.05 0.0671875
0 0.47109375 0.48203125 0.0640625 0.0953125
0 0.4546875 0.528125 0.0484375 0.0765625
0 0.428125 0.4140625 0.05625 0.0640625
0 0.39296875 0.43125 0.05625 0.078125
0 0.34609375 0.49296875 0.059375 0.0796875
0 0.3703125 0.371875 0.0421875 0.05
0 0.2671875 0.6421875 0.0734375 0.103125
0 0.23671875 0.4953125 0.0515625 0.0625
0 0.28359375 0.4640625 0.0484375 0.0578125
0 0.3 0.496875 0.05625 0.053125
0 0.53203125 0.90625 0.0578125 0.075
0 0.17421875 0.96796875 0.0609375 0.0640625
0 0.25546875 0.9796875 0.0546875 0.040625
0 0.29609375 0.98203125 0.0796875 0.0359375
0 0.41875 0.84375 0.0453125 0.0703125