0 0.21171875 0.6390625 0.1046875 0.1078125
0 0.30234375 0.571875 0.0703125 0.096875
0 0.25 0.5625 0.0890625 0.0921875
0 0.35546875 0.471875 0.0609375 0.075
0 0.2875 0.4984375 0.0546875 0.08125
0 0.32578125 0.52734375 0.0828125 0.0921875
0 0.28046875 0.66640625 0.0859375 0.0875
0 0.43359375 0.459375 0.05 0.059375
0 0.36796875 0.39140625 0.040625 0.0578125
0 0.59453125 0.44921875 0.0296875 0.0421875
0 0.5078125 0.4296875 0.0375 0.0484375
0 0.6265625 0.43125 0.0328125 0.0421875
0 0.57890625 0.37265625 0.0453125 0.053125
0 0.375 0.52421875 0.065625 0.059375