0 0.88828125 0.17890625 0.0765625 0.06875
0 0.9296875 0.22109375 0.0453125 0.0484375
0 0.71953125 0.49296875 0.109375 0.078125
0 0.75546875 0.2453125 0.08125 0.065625
0 0.7828125 0.2671875 0.06875 0.059375
0 0.92578125 0.60703125 0.0734375 0.0546875
0 0.94375 0.709375 0.0625 0.0546875
0 0.82421875 0.834375 0.0578125 0.0484375
0 0.8015625 0.82421875 0.059375 0.0390625
0 0.84921875 0.4953125 0.0625 0.0484375
0 0.82890625 0.40703125 0.0734375 0.0578125
0 0.80703125 0.37109375 0.0703125 0.0703125
0 0.878125 0.4 0.0625 0.0546875
0 0.72265625 0.4203125 0.06875 0.0625
0 0.64296875 0.29375 0.0828125 0.071875
0 0.71171875 0.37109375 0.0578125 0.053125
0 0.634375 0.46484375 0.065625 0.065625
0 0.66484375 0.4265625 0.0625 0.0546875
0 0.6796875 0.39375 0.0625 0.0546875
0 0.54140625 0.07265625 0.059375 0.05625
0 0.51796875 0.55390625 0.06875 0.0625
0 0.48125 0.5421875 0.0703125 0.0671875
0 0.6171875 0.85 0.0765625 0.06875
0 0.5734375 0.83046875 0.08125 0.0484375
0 0.5828125 0.8 0.0625 0.0484375
0 0.56171875 0.778125 0.071875 0.0515625
0 0.346875 0.77265625 0.0765625 0.0703125
0 0.56796875 0.67421875 0.103125 0.075
0 0.50390625 0.696875 0.0625 0.0515625
0 0.41484375 0.70234375 0.0625 0.0515625
0 0.3796875 0.70859375 0.065625 0.05
0 0.44921875 0.7671875 0.0640625 0.040625
0 0.54296875 0.74453125 0.0609375 0.04375
0 0.4375 0.59296875 0.0671875 0.053125
0 0.2875 0.5390625 0.071875 0.0515625
0 0.371875 0.5140625 0.0609375 0.04375
0 0.36015625 0.56015625 0.0625 0.0546875
0 0.34140625 0.6390625 0.065625 0.05
0 0.26171875 0.64609375 0.0890625 0.08125
0 0.46953125 0.85234375 0.0671875 0.05625
0 0.44296875 0.66640625 0.0578125 0.0515625
0 0.39453125 0.64921875 0.065625 0.05
0 0.51796875 0.471875 0.0953125 0.0625
0 0.47265625 0.45390625 0.078125 0.0484375
0 0.5875 0.4296875 0.0625 0.0546875
0 0.57109375 0.39375 0.0796875 0.05625
0 0.509375 0.34609375 0.0796875 0.059375
0 0.63046875 0.37265625 0.05 0.0421875
0 0.36171875 0.26484375 0.103125 0.0703125
0 0.50859375 0.23671875 0.0625 0.0515625
0 0.53984375 0.28359375 0.0578125 0.0484375
0 0.50703125 0.3 0.053125 0.05625
0 0.09375 0.525 0.0734375 0.0578125
0 0.034375 0.165625 0.06875 0.059375
0 0.02109375 0.246875 0.0421875 0.053125
0 0.01875 0.2875 0.0375 0.078125
0 0.1578125 0.41328125 0.0703125 0.0421875