0 0.25 0.7859375 0.0390625 0.0453125
0 0.26484375 0.55703125 0.0375 0.05
0 0.371875 0.75625 0.0359375 0.0390625
0 0.34296875 0.75625 0.0296875 0.034375
0 0.29765625 0.70078125 0.028125 0.0390625
0 0.2796875 0.6671875 0.03125 0.0390625
0 0.46328125 0.60703125 0.0359375 0.0390625
0 0.40703125 0.64453125 0.0390625 0.0453125
0 0.3953125 0.67109375 0.046875 0.040625
0 0.425 0.46484375 0.03125 0.0453125
0 0.4421875 0.45390625 0.03125 0.0390625
0 0.41953125 0.4015625 0.0453125 0.05625
0 0.4703125 0.4078125 0.0390625 0.0453125
0 0.46015625 0.33671875 0.03125 0.0390625
0 0.440625 0.56015625 0.0390625 0.0453125
0 0.440625 0.38125 0.04375 0.040625