0 0.353125 0.8390625 0.075 0.0828125
0 0.23359375 0.6984375 0.053125 0.0625
0 0.66015625 0.4046875 0.0625 0.0484375
0 0.59453125 0.35 0.04375 0.0421875
0 0.4453125 0.4625 0.04375 0.04375
0 0.63125 0.471875 0.0359375 0.0421875
0 0.628125 0.49921875 0.0484375 0.0421875
0 0.51171875 0.446875 0.053125 0.046875
0 0.57890625 0.45 0.0640625 0.053125
0 0.1671875 0.7484375 0.034375 0.034375
0 0.1796875 0.68203125 0.0375 0.0359375
0 0.17421875 0.65 0.04375 0.04375
0 0.1546875 0.5796875 0.0453125 0.0484375
0 0.36484375 0.61171875 0.0453125 0.0484375
0 0.421875 0.7078125 0.05625 0.05625
0 0.4203125 0.55390625 0.04375 0.0421875
0 0.4015625 0.6328125 0.05 0.05
0 0.40390625 0.65859375 0.0359375 0.046875
0 0.371875 0.69453125 0.034375 0.0390625
0 0.396875 0.69375 0.0359375 0.0421875
0 0.3578125 0.5796875 0.0546875 0.0515625
0 0.465625 0.65 0.0375 0.03125
0 0.4578125 0.665625 0.0375 0.03125
0 0.45859375 0.69375 0.034375 0.034375
0 0.4765625 0.6765625 0.0421875 0.0375
0 0.49296875 0.6671875 0.04375 0.04375
0 0.490625 0.63359375 0.034375 0.0390625
0 0.5109375 0.61640625 0.0390625 0.040625
0 0.54921875 0.790625 0.04375 0.04375
0 0.7875 0.884375 0.0484375 0.0453125
0 0.68125 0.80625 0.05625 0.05625
0 0.64765625 0.9390625 0.034375 0.0390625
0 0.4625 0.89140625 0.0390625 0.040625
0 0.67734375 0.9 0.0375 0.0359375
0 0.66015625 0.86015625 0.034375 0.0390625
0 0.5875 0.75625 0.0484375 0.0453125
0 0.63671875 0.77890625 0.0375 0.0359375
0 0.61875 0.76640625 0.0375 0.0359375
0 0.6453125 0.8390625 0.0453125 0.0484375
0 0.92578125 0.8234375 0.0421875 0.053125
0 0.80625 0.76171875 0.0640625 0.053125
0 0.6578125 0.746875 0.05 0.05
0 0.6828125 0.7390625 0.040625 0.0484375
0 0.52734375 0.68046875 0.028125 0.0296875
0 0.53515625 0.66484375 0.0375 0.03125
0 0.77109375 0.6984375 0.053125 0.04375
0 0.7453125 0.67265625 0.0578125 0.046875
0 0.70234375 0.68125 0.0421875 0.0375
0 0.85390625 0.68515625 0.059375 0.0515625
0 0.96953125 0.6171875 0.0421875 0.053125
0 0.91875 0.640625 0.04375 0.04375
0 0.90078125 0.56328125 0.0359375 0.0421875
0 0.984375 0.478125 0.03125 0.04375
0 0.8296875 0.47265625 0.0546875 0.0515625
0 0.83125 0.58828125 0.040625 0.04375
0 0.85390625 0.59453125 0.0390625 0.040625
0 0.75546875 0.4421875 0.040625 0.04375
0 0.81953125 0.4234375 0.04375 0.0421875
0 0.80546875 0.4328125 0.0390625 0.040625
0 0.86875 0.37578125 0.0515625 0.0390625
0 0.6765625 0.53984375 0.0390625 0.040625
0 0.72265625 0.51953125 0.04375 0.0421875
0 0.728125 0.49296875 0.04375 0.04375
0 0.66484375 0.5609375 0.04375 0.04375
0 0.84375 0.64140625 0.0578125 0.046875
0 0.75078125 0.60078125 0.040625 0.04375
0 0.59609375 0.628125 0.046875 0.0375
0 0.675 0.63203125 0.046875 0.053125
0 0.69375 0.59921875 0.0390625 0.040625
0 0.61015625 0.7171875 0.0484375 0.0453125