0 0.15625 0.503125 0.06875 0.09375
0 0.23203125 0.16953125 0.04375 0.0703125
0 0.859375 0.09921875 0.071875 0.1171875
0 0.81015625 0.0875 0.040625 0.059375
0 0.70546875 0.096875 0.053125 0.075
0 0.521875 0.14921875 0.053125 0.075
0 0.55625 0.21015625 0.046875 0.09375
0 0.94765625 0.30078125 0.05 0.134375
0 0.95234375 0.36875 0.0609375 0.140625
0 0.7609375 0.30078125 0.071875 0.0875
0 0.821875 0.4359375 0.078125 0.1
0 0.578125 0.35703125 0.071875 0.08125
0 0.9015625 0.34765625 0.06875 0.075
0 0.8359375 0.2484375 0.0375 0.0640625
0 0.659375 0.24296875 0.04375 0.0640625
0 0.759375 0.1609375 0.053125 0.0640625
0 0.715625 0.19296875 0.053125 0.0703125
0 0.90703125 0.5 0.0578125 0.1
0 0.74765625 0.496875 0.05 0.10625
0 0.6625 0.42109375 0.04375 0.08125
0 0.69453125 0.4765625 0.075 0.1
0 0.5765625 0.48515625 0.0609375 0.1171875
0 0.4828125 0.4828125 0.071875 0.121875
0 0.5171875 0.24296875 0.0375 0.053125
0 0.45078125 0.49140625 0.046875 0.08125
0 0.41171875 0.4359375 0.071875 0.075
0 0.2609375 0.5703125 0.06875 0.075
0 0.3765625 0.53828125 0.0609375 0.08125
0 0.39453125 0.6078125 0.071875 0.08125
0 0.29453125 0.2984375 0.034375 0.059375
0 0.315625 0.4328125 0.034375 0.059375
0 0.16796875 0.62265625 0.090625 0.1
0 0.14609375 0.76015625 0.040625 0.059375
0 0.09140625 0.60546875 0.034375 0.040625
0 0.10546875 0.58203125 0.040625 0.053125
0 0.084375 0.8859375 0.034375 0.075
0 0.2609375 0.865625 0.040625 0.09375
0 0.20546875 0.7453125 0.0375 0.1109375
0 0.84765625 0.51171875 0.06875 0.0875
0 0.8640625 0.68984375 0.06875 0.09375
0 0.7421875 0.6140625 0.0609375 0.08125