0 0.30625 0.584375 0.040625 0.0625
0 0.18828125 0.515625 0.053125 0.0734375
0 0.23671875 0.43125 0.0453125 0.0625
0 0.2421875 0.59453125 0.040625 0.0625
0 0.45703125 0.55234375 0.05 0.0625
0 0.41171875 0.55 0.040625 0.0578125
0 0.31796875 0.4765625 0.040625 0.046875
0 0.29140625 0.45546875 0.040625 0.0578125
0 0.36640625 0.21015625 0.05 0.0734375
0 0.42109375 0.3234375 0.0375 0.078125
0 0.47578125 0.35546875 0.034375 0.0375
0 0.5734375 0.75234375 0.040625 0.053125
0 0.63515625 0.6765625 0.0453125 0.0578125
0 0.64453125 0.5765625 0.034375 0.0578125
0 0.70078125 0.07109375 0.040625 0.0578125
0 0.675 0.10546875 0.040625 0.053125
0 0.7421875 0.12109375 0.05 0.053125
0 0.66328125 0.31875 0.040625 0.046875
0 0.63515625 0.28984375 0.0375 0.0625
0 0.49609375 0.23984375 0.0375 0.0578125
0 0.45703125 0.2734375 0.05 0.053125
0 0.7328125 0.4765625 0.0375 0.078125
0 0.5203125 0.5578125 0.05 0.0625
0 0.6203125 0.47109375 0.0453125 0.0578125
0 0.575 0.484375 0.053125 0.0625
0 0.5265625 0.3734375 0.0453125 0.0625
0 0.57734375 0.22109375 0.034375 0.0625
0 0.72578125 0.15546875 0.0453125 0.046875
0 0.8328125 0.665625 0.034375 0.0578125
0 0.59765625 0.4 0.0375 0.0734375