0 0.33359375 0.91875 0.0375 0.046875
0 0.22109375 0.91015625 0.0328125 0.0359375
0 0.22265625 0.9375 0.0375 0.046875
0 0.53203125 0.87578125 0.0390625 0.053125
0 0.2296875 0.77109375 0.0359375 0.0578125
0 0.19609375 0.68125 0.040625 0.0484375
0 0.08984375 0.6109375 0.0265625 0.0453125
0 0.10234375 0.515625 0.0296875 0.046875
0 0.1359375 0.48125 0.0359375 0.053125
0 0.0921875 0.215625 0.028125 0.0515625
0 0.540625 0.74375 0.0296875 0.046875
0 0.42265625 0.62578125 0.025 0.0359375
0 0.0671875 0.453125 0.0265625 0.0453125
0 0.340625 0.0265625 0.028125 0.025
0 0.21484375 0.3546875 0.0265625 0.0421875
0 0.15390625 0.2015625 0.0296875 0.0421875
0 0.534375 0.21875 0.0296875 0.046875
0 0.41328125 0.06171875 0.0390625 0.0578125
0 0.48359375 0.07265625 0.03125 0.053125
0 0.125 0.15859375 0.0328125 0.0359375
0 0.3625 0.1625 0.034375 0.046875
0 0.175 0.43203125 0.0296875 0.0421875
0 0.44765625 0.85546875 0.034375 0.046875
0 0.3953125 0.62109375 0.0296875 0.0421875
0 0.4375 0.759375 0.0296875 0.0421875
0 0.51484375 0.56171875 0.0296875 0.0421875
0 0.01796875 0.37890625 0.0359375 0.053125
0 0.11796875 0.065625 0.040625 0.0484375
0 0.43828125 0.0734375 0.0328125 0.040625
0 0.46796875 0.09453125 0.0390625 0.0578125
0 0.2265625 0.56953125 0.0421875 0.0546875
0 0.60234375 0.18046875 0.0390625 0.053125
0 0.6125 0.084375 0.0390625 0.053125
0 0.79296875 0.20390625 0.034375 0.046875
0 0.8046875 0.2140625 0.034375 0.046875
0 0.41015625 0.28671875 0.034375 0.0421875
0 0.47109375 0.3234375 0.0296875 0.0421875
0 0.48125 0.67734375 0.03125 0.053125
0 0.44453125 0.23828125 0.0421875 0.0546875
0 0.4046875 0.18515625 0.0265625 0.0453125
0 0.20859375 0.11484375 0.028125 0.0359375
0 0.5703125 0.26171875 0.0265625 0.0421875
0 0.446875 0.4953125 0.025 0.0359375
0 0.2890625 0.4984375 0.0296875 0.046875
0 0.55859375 0.8859375 0.0375 0.046875
0 0.51171875 0.2828125 0.040625 0.0484375
0 0.3203125 0.14609375 0.034375 0.046875
0 0.14296875 0.37421875 0.040625 0.0640625
0 0.3046875 0.346875 0.040625 0.0484375
0 0.34140625 0.63046875 0.0296875 0.046875
0 0.35859375 0.63359375 0.034375 0.046875