0 0.43203125 0.56171875 0.13125 0.1125
0 0.3609375 0.6875 0.109375 0.0796875
0 0.346875 0.56328125 0.103125 0.0796875
0 0.478125 0.39609375 0.09375 0.071875
0 0.2921875 0.74921875 0.103125 0.071875
0 0.2375 0.809375 0.115625 0.0765625
0 0.17734375 0.87109375 0.09375 0.084375
0 0.57890625 0.19609375 0.0765625 0.065625
0 0.58984375 0.31796875 0.109375 0.090625
0 0.50546875 0.4796875 0.115625 0.0796875
0 0.53515625 0.42890625 0.109375 0.0578125
0 0.41796875 0.40546875 0.08125 0.084375
0 0.0765625 0.88515625 0.0875 0.0546875
0 0.64453125 0.2109375 0.109375 0.0796875
0 0.0734375 0.92578125 0.071875 0.0625