0 0.44375 0.76171875 0.09375 0.0609375
0 0.29375 0.87265625 0.0875 0.0546875
0 0.20859375 0.84609375 0.09375 0.0546875
0 0.115625 0.87265625 0.0765625 0.0484375
0 0.1234375 0.9140625 0.0875 0.0609375
0 0.6625 0.62109375 0.09375 0.0578125
0 0.6546875 0.578125 0.0953125 0.0640625
0 0.60390625 0.60546875 0.0828125 0.05625
0 0.56171875 0.553125 0.084375 0.0625
0 0.53203125 0.5890625 0.0765625 0.05
0 0.49609375 0.60390625 0.065625 0.05
0 0.37890625 0.66171875 0.0875 0.0546875
0 0.1453125 0.57890625 0.08125 0.05
0 0.14765625 0.54921875 0.0765625 0.05
0 0.38203125 0.50390625 0.0828125 0.05625
0 0.87265625 0.3328125 0.071875 0.0484375
0 0.75078125 0.346875 0.078125 0.05625
0 0.8546875 0.29296875 0.0734375 0.0578125
0 0.803125 0.29921875 0.065625 0.05
0 0.675 0.234375 0.078125 0.05625
0 0.61015625 0.27578125 0.0765625 0.05
0 0.6234375 0.1921875 0.0875 0.0578125
0 0.490625 0.21328125 0.071875 0.0515625
0 0.43515625 0.17890625 0.0703125 0.04375
0 0.37109375 0.28515625 0.0734375 0.0609375
0 0.2765625 0.2390625 0.0796875 0.0625