0 0.4390625 0.43203125 0.0265625 0.0421875
0 0.446875 0.41796875 0.028125 0.0484375
0 0.50078125 0.4078125 0.0234375 0.0421875
0 0.52109375 0.40078125 0.028125 0.0484375
0 0.44609375 0.55078125 0.03125 0.0484375
0 0.5640625 0.60859375 0.0265625 0.0421875
0 0.553125 0.4609375 0.0234375 0.046875
0 0.596875 0.425 0.0234375 0.0421875
0 0.67578125 0.5265625 0.0234375 0.0359375
0 0.4859375 0.528125 0.0234375 0.0421875
0 0.60703125 0.49609375 0.0265625 0.0421875
0 0.628125 0.61640625 0.0296875 0.0359375
0 0.45859375 0.62734375 0.03125 0.0484375
0 0.51796875 0.49296875 0.034375 0.0484375
0 0.19140625 0.60625 0.0296875 0.0421875
0 0.04921875 0.50078125 0.0265625 0.0359375
0 0.04296875 0.52890625 0.028125 0.0484375
0 0.1515625 0.45859375 0.0265625 0.0421875
0 0.1046875 0.5828125 0.0265625 0.0421875
0 0.125 0.66796875 0.0234375 0.0359375
0 0.1859375 0.73046875 0.0234375 0.0359375
0 0.253125 0.70625 0.0234375 0.0359375
0 0.078125 0.6390625 0.0296875 0.0421875
0 0.134375 0.51484375 0.0265625 0.0421875
0 0.25 0.09140625 0.028125 0.0484375
0 0.2234375 0.10078125 0.03125 0.0484375
0 0.24140625 0.1375 0.0390625 0.059375
0 0.175 0.19609375 0.0234375 0.046875
0 0.178125 0.2953125 0.0390625 0.059375
0 0.16484375 0.67109375 0.0265625 0.0359375
0 0.27421875 0.76875 0.01875 0.0296875
0 0.29765625 0.784375 0.0203125 0.0359375
0 0.04453125 0.87421875 0.03125 0.0546875
0 0.09375 0.82265625 0.03125 0.0484375