0 0.33828125 0.678125 0.0546875 0.08125
0 0.33125 0.778125 0.0671875 0.078125
0 0.41953125 0.60546875 0.0796875 0.0953125
0 0.41015625 0.29609375 0.0484375 0.0875
0 0.446875 0.36171875 0.0546875 0.0765625
0 0.71171875 0.70078125 0.05 0.0765625
0 0.72734375 0.48125 0.0421875 0.08125
0 0.7453125 0.53046875 0.0484375 0.059375
0 0.75234375 0.49609375 0.0578125 0.071875
0 0.65859375 0.52890625 0.0546875 0.0765625
0 0.70703125 0.59921875 0.05 0.0765625
0 0.528125 0.775 0.0546875 0.0765625
0 0.575 0.746875 0.0625 0.1046875
0 0.609375 0.509375 0.05 0.0765625
0 0.5921875 0.53046875 0.046875 0.08125
0 0.50234375 0.228125 0.05 0.0765625
0 0.5703125 0.11875 0.040625 0.0796875
0 0.5265625 0.17578125 0.0515625 0.0875
0 0.596875 0.065625 0.0421875 0.071875
0 0.51796875 0.10234375 0.04375 0.0765625
0 0.49140625 0.48359375 0.05 0.065625
0 0.48828125 0.6078125 0.053125 0.053125
0 0.3859375 0.709375 0.075 0.0734375
0 0.47890625 0.575 0.0546875 0.065625
0 0.42265625 0.68359375 0.0546875 0.071875
0 0.6421875 0.6234375 0.0375 0.0921875
0 0.58671875 0.32421875 0.034375 0.0515625
0 0.0703125 0.91796875 0.0609375 0.08125
0 0.196875 0.86640625 0.0390625 0.0640625