0 0.1875 0.36484375 0.034375 0.0640625
0 0.23203125 0.2453125 0.028125 0.0453125
0 0.2703125 0.53828125 0.040625 0.053125
0 0.1765625 0.640625 0.0375 0.053125
0 0.2 0.7 0.028125 0.0453125
0 0.0515625 0.63203125 0.03125 0.0453125
0 0.1203125 0.759375 0.0328125 0.046875
0 0.2625 0.7359375 0.0375 0.053125
0 0.20546875 0.796875 0.0296875 0.0515625
0 0.0171875 0.9015625 0.025 0.040625
0 0.31640625 0.7515625 0.034375 0.053125
0 0.2015625 0.8875 0.0375 0.0578125
0 0.21171875 0.87734375 0.0328125 0.046875
0 0.39296875 0.83828125 0.040625 0.0578125
0 0.221875 0.815625 0.0296875 0.0515625
0 0.3875 0.746875 0.0296875 0.0515625
0 0.334375 0.78359375 0.0359375 0.046875
0 0.2828125 0.83125 0.0359375 0.0421875
0 0.309375 0.878125 0.034375 0.053125
0 0.33984375 0.8421875 0.0375 0.053125
0 0.37265625 0.88046875 0.028125 0.0453125
0 0.36015625 0.8765625 0.0328125 0.0421875
0 0.44296875 0.83671875 0.0328125 0.046875
0 0.4515625 0.8015625 0.028125 0.040625
0 0.51328125 0.840625 0.0296875 0.0515625
0 0.4921875 0.84140625 0.028125 0.0453125
0 0.553125 0.8046875 0.028125 0.040625
0 0.45390625 0.74140625 0.0296875 0.0515625
0 0.41875 0.746875 0.025 0.0453125
0 0.521875 0.7390625 0.028125 0.0453125
0 0.553125 0.69765625 0.025 0.0453125
0 0.58984375 0.6703125 0.028125 0.040625
0 0.58359375 0.68359375 0.025 0.0453125
0 0.62421875 0.6734375 0.0328125 0.0609375
0 0.665625 0.67421875 0.0375 0.0578125
0 0.6296875 0.56953125 0.0328125 0.0609375
0 0.7328125 0.7 0.021875 0.040625
0 0.765625 0.66875 0.0265625 0.0515625
0 0.534375 0.596875 0.0296875 0.05625
0 0.49921875 0.6515625 0.025 0.040625
0 0.46640625 0.6953125 0.0328125 0.046875
0 0.46796875 0.659375 0.028125 0.040625
0 0.7171875 0.6046875 0.03125 0.040625
0 0.73046875 0.48984375 0.025 0.040625
0 0.703125 0.45703125 0.0359375 0.046875
0 0.38359375 0.3765625 0.0375 0.053125
0 0.4421875 0.61875 0.021875 0.040625
0 0.309375 0.49765625 0.0328125 0.0421875
0 0.34375 0.43671875 0.025 0.0453125
0 0.52578125 0.48828125 0.0234375 0.0515625
0 0.5046875 0.509375 0.025 0.040625
0 0.5578125 0.56875 0.03125 0.040625
0 0.5859375 0.53515625 0.025 0.0453125
0 0.57578125 0.51796875 0.025 0.0453125
0 0.56171875 0.5359375 0.028125 0.040625
0 0.425 0.56796875 0.021875 0.040625
0 0.42578125 0.5375 0.025 0.034375
0 0.38203125 0.50625 0.0390625 0.046875
0 0.62578125 0.44765625 0.0328125 0.0421875
0 0.63125 0.365625 0.0359375 0.0421875
0 0.44296875 0.48984375 0.0359375 0.046875
0 0.4234375 0.43828125 0.0328125 0.046875
0 0.6671875 0.53125 0.028125 0.0453125
0 0.75078125 0.43359375 0.03125 0.034375
0 0.51953125 0.6921875 0.028125 0.040625
0 0.6703125 0.60625 0.03125 0.040625
0 0.65859375 0.76171875 0.028125 0.0453125
0 0.5734375 0.8015625 0.03125 0.040625
0 0.32109375 0.3515625 0.0359375 0.046875
0 0.3140625 0.45078125 0.0328125 0.0359375
0 0.5109375 0.39609375 0.025 0.034375
0 0.57890625 0.390625 0.028125 0.0453125
0 0.51640625 0.4359375 0.028125 0.0453125
0 0.5359375 0.42109375 0.028125 0.034375
0 0.41796875 0.38203125 0.0328125 0.046875
0 0.47890625 0.409375 0.028125 0.0453125
0 0.66015625 0.42578125 0.03125 0.034375
0 0.6265625 0.85859375 0.025 0.034375
0 0.29609375 0.678125 0.021875 0.040625
0 0.334375 0.67265625 0.025 0.034375
0 0.3421875 0.709375 0.025 0.040625
0 0.3453125 0.6078125 0.021875 0.034375