0 0.3921875 0.8015625 0.1078125 0.1046875
0 0.44921875 0.70390625 0.096875 0.0703125
0 0.4640625 0.75546875 0.0921875 0.0890625
0 0.54375 0.640625 0.075 0.0609375
0 0.5234375 0.71171875 0.08125 0.0546875
0 0.49140625 0.6765625 0.0921875 0.0828125
0 0.3578125 0.7359375 0.0875 0.0859375
0 0.546875 0.56171875 0.059375 0.05
0 0.621875 0.61953125 0.0578125 0.040625
0 0.540625 0.40078125 0.0421875 0.0296875
0 0.56875 0.484375 0.0484375 0.0375
0 0.5546875 0.3671875 0.0421875 0.0328125
0 0.61875 0.40859375 0.053125 0.0453125
0 0.48828125 0.6265625 0.059375 0.065625