0 0.8765625 0.32265625 0.0375 0.0546875
0 0.6671875 0.35546875 0.046875 0.0546875
0 0.72734375 0.2375 0.05 0.05
0 0.52890625 0.71015625 0.046875 0.065625
0 0.55625 0.69140625 0.04375 0.071875
0 0.4671875 0.5625 0.0328125 0.0546875
0 0.47421875 0.51875 0.0328125 0.0546875
0 0.59296875 0.565625 0.028125 0.059375
0 0.5984375 0.60390625 0.040625 0.05
0 0.2671875 0.4671875 0.0328125 0.05
0 0.38515625 0.58203125 0.0375 0.059375
0 0.27109375 0.58984375 0.025 0.0546875
0 0.27421875 0.6421875 0.0328125 0.05
0 0.3875 0.13671875 0.0328125 0.04375
0 0.38203125 0.171875 0.028125 0.05
0 0.3890625 0.196875 0.0375 0.04375
0 0.58515625 0.0515625 0.04375 0.059375
0 0.65234375 0.0734375 0.040625 0.059375