0 0.60703125 0.8234375 0.059375 0.028125
0 0.73046875 0.7890625 0.04375 0.025
0 0.4421875 0.72578125 0.05 0.0359375
0 0.33203125 0.81015625 0.05 0.0328125
0 0.275 0.78125 0.04375 0.025
0 0.3296875 0.93515625 0.04375 0.028125
0 0.20859375 0.85546875 0.04375 0.028125
0 0.24453125 0.71640625 0.05 0.0328125
0 0.17890625 0.7671875 0.05 0.025
0 0.0578125 0.94609375 0.0375 0.021875
0 0.23359375 0.6609375 0.05 0.028125
0 0.08828125 0.76328125 0.0546875 0.0328125
0 0.09921875 0.7546875 0.04375 0.028125
0 0.15390625 0.57734375 0.0546875 0.0359375
0 0.16171875 0.74921875 0.05 0.025
0 0.24453125 0.590625 0.05 0.025
0 0.203125 0.640625 0.04375 0.0328125
0 0.15078125 0.6875 0.0375 0.0328125
0 0.10703125 0.65703125 0.05 0.028125
0 0.1453125 0.6296875 0.05 0.0328125
0 0.11015625 0.59375 0.04375 0.025
0 0.1125 0.60625 0.0375 0.0296875
0 0.159375 0.52734375 0.04375 0.028125
0 0.1953125 0.521875 0.0375 0.025
0 0.16171875 0.45703125 0.05 0.025
0 0.159375 0.478125 0.04375 0.025
0 0.20078125 0.4203125 0.0375 0.025
0 0.25546875 0.525 0.05 0.025
0 0.246875 0.559375 0.04375 0.021875
0 0.2640625 0.45703125 0.04375 0.025
0 0.3078125 0.4296875 0.04375 0.021875
0 0.33828125 0.3953125 0.0375 0.025
0 0.32421875 0.40078125 0.04375 0.021875
0 0.33828125 0.3609375 0.059375 0.028125
0 0.340625 0.31953125 0.0546875 0.0328125
0 0.4421875 0.36484375 0.059375 0.028125
0 0.32109375 0.25078125 0.0375 0.01875
0 0.3546875 0.2203125 0.05 0.021875
0 0.40625 0.45703125 0.0546875 0.025
0 0.34921875 0.4875 0.0375 0.021875
0 0.30234375 0.51640625 0.04375 0.028125
0 0.33828125 0.51796875 0.0375 0.025
0 0.41484375 0.27421875 0.0375 0.028125
0 0.53046875 0.27109375 0.0375 0.021875
0 0.56015625 0.3015625 0.04375 0.0328125
0 0.6125 0.6265625 0.05 0.0328125
0 0.3765625 0.546875 0.0375 0.01875
0 0.4859375 0.68984375 0.0375 0.028125
0 0.54921875 0.6609375 0.04375 0.021875
0 0.5140625 0.475 0.05 0.01875
0 0.49140625 0.49453125 0.0375 0.021875
0 0.43671875 0.43671875 0.0375 0.028125
0 0.47265625 0.41171875 0.04375 0.021875
0 0.4890625 0.42265625 0.04375 0.021875
0 0.46953125 0.43515625 0.0375 0.025
0 0.42578125 0.56875 0.0375 0.01875
0 0.45625 0.5703125 0.0328125 0.021875
0 0.48359375 0.6171875 0.04375 0.0359375
0 0.56328125 0.37890625 0.0375 0.028125
0 0.6453125 0.38125 0.0375 0.0328125
0 0.50546875 0.5578125 0.04375 0.0328125
0 0.5546875 0.58125 0.04375 0.028125
0 0.48359375 0.33046875 0.04375 0.025
0 0.58828125 0.25625 0.0328125 0.028125
0 0.31015625 0.4640625 0.0375 0.025
0 0.409375 0.32109375 0.0375 0.028125
0 0.253125 0.31953125 0.04375 0.025
0 0.20625 0.40078125 0.0375 0.028125
0 0.63203125 0.69140625 0.04375 0.0328125
0 0.5328125 0.68984375 0.0328125 0.028125
0 0.6046875 0.4984375 0.0328125 0.021875
0 0.615625 0.43125 0.04375 0.025
0 0.565625 0.4890625 0.04375 0.025
0 0.58203125 0.47109375 0.0328125 0.025
0 0.61015625 0.5921875 0.04375 0.028125
0 0.58828125 0.52890625 0.04375 0.025
0 0.58828125 0.346875 0.0328125 0.028125
0 0.15390625 0.34296875 0.0328125 0.021875
0 0.3046875 0.6875 0.0375 0.01875
0 0.31328125 0.65 0.0328125 0.021875
0 0.27734375 0.6390625 0.0375 0.021875
0 0.37890625 0.64453125 0.0328125 0.01875