0 0.44453125 0.4265625 0.1234375 0.140625
0 0.325 0.3453125 0.0890625 0.115625
0 0.45 0.3421875 0.0890625 0.109375
0 0.60546875 0.4875 0.0796875 0.1
0 0.26953125 0.27109375 0.0828125 0.109375
0 0.21484375 0.21171875 0.0859375 0.121875
0 0.15859375 0.14609375 0.0921875 0.1
0 0.79609375 0.60546875 0.071875 0.08125
0 0.6734375 0.60546875 0.1 0.1171875
0 0.51953125 0.50703125 0.0890625 0.121875
0 0.56796875 0.54140625 0.0671875 0.1140625
0 0.6015625 0.4265625 0.090625 0.0890625
0 0.153125 0.0453125 0.0625 0.090625
0 0.775 0.66953125 0.0890625 0.115625
0 0.11328125 0.03828125 0.06875 0.0765625