0 0.7875 0.75546875 0.0390625 0.028125
0 0.8203125 0.715625 0.0390625 0.028125
0 0.83125 0.77734375 0.0390625 0.028125
0 0.8203125 0.7484375 0.0390625 0.028125
0 0.4671875 0.7265625 0.0390625 0.028125
0 0.5 0.740625 0.0390625 0.028125
0 0.49453125 0.7734375 0.0390625 0.028125
0 0.59375 0.77734375 0.0390625 0.028125
0 0.67109375 0.91015625 0.0390625 0.0296875
0 0.27890625 0.1765625 0.0390625 0.028125
0 0.13515625 0.165625 0.0390625 0.028125
0 0.496875 0.65078125 0.04375 0.028125
0 0.11875 0.490625 0.0390625 0.025
0 0.215625 0.37734375 0.04375 0.0359375
0 0.31796875 0.3578125 0.0390625 0.03125
0 0.1328125 0.4390625 0.0328125 0.021875
0 0.5859375 0.4875 0.0328125 0.025
0 0.6046875 0.52890625 0.0390625 0.028125
0 0.5578125 0.6765625 0.04375 0.028125
0 0.41953125 0.5734375 0.04375 0.025
0 0.525 0.64375 0.0328125 0.021875
0 0.428125 0.54140625 0.0390625 0.025
0 0.69609375 0.653125 0.0328125 0.025
0 0.73203125 0.703125 0.0390625 0.025
0 0.44453125 0.63828125 0.0390625 0.025
0 0.49453125 0.6671875 0.0390625 0.03125
0 0.56328125 0.85078125 0.0328125 0.025
0 0.6078125 0.8921875 0.04375 0.021875
0 0.740625 0.809375 0.04375 0.0296875
0 0.7125 0.775 0.04375 0.025
0 0.73515625 0.72265625 0.0328125 0.021875
0 0.70703125 0.60234375 0.04375 0.03125
0 0.6546875 0.775 0.028125 0.025
0 0.56640625 0.61484375 0.0390625 0.028125
0 0.29296875 0.240625 0.04375 0.028125
0 0.41953125 0.4875 0.04375 0.025
0 0.215625 0.40859375 0.04375 0.03125
0 0.62734375 0.49609375 0.0390625 0.021875