0 0.12109375 0.54375 0.0390625 0.040625
0 0.23203125 0.63515625 0.034375 0.0390625
0 0.17265625 0.50390625 0.034375 0.0359375
0 0.2234375 0.56796875 0.0390625 0.040625
0 0.284375 0.45234375 0.040625 0.04375
0 0.2734375 0.3734375 0.0453125 0.0453125
0 0.46640625 0.32421875 0.0453125 0.0453125
0 0.43125 0.27421875 0.034375 0.0390625
0 0.3109375 0.25 0.0390625 0.040625
0 0.6890625 0.94140625 0.040625 0.04375
0 0.7109375 0.90859375 0.0390625 0.040625
0 0.7671875 0.82265625 0.0453125 0.040625
0 0.66875 0.9375 0.0390625 0.0359375
0 0.828125 0.7625 0.05 0.046875
0 0.76171875 0.790625 0.0390625 0.0359375
0 0.73046875 0.815625 0.034375 0.0359375
0 0.86953125 0.76171875 0.034375 0.0359375
0 0.91875 0.753125 0.0296875 0.0375
0 0.69921875 0.8546875 0.05 0.0421875
0 0.75390625 0.76484375 0.0453125 0.040625
0 0.71953125 0.79921875 0.05 0.0421875
0 0.3171875 0.57265625 0.0390625 0.040625
0 0.45234375 0.25078125 0.0390625 0.0359375
0 0.44375 0.2671875 0.0453125 0.040625
0 0.4859375 0.246875 0.0390625 0.0359375