0 0.41875 0.71171875 0.028125 0.0453125
0 0.4609375 0.68046875 0.028125 0.05
0 0.3328125 0.73984375 0.03125 0.05625
0 0.33828125 0.65234375 0.034375 0.05
0 0.36640625 0.5875 0.028125 0.0453125
0 0.51796875 0.72890625 0.021875 0.0453125
0 0.52109375 0.615625 0.028125 0.05625
0 0.5546875 0.559375 0.025 0.0453125
0 0.54765625 0.62421875 0.025 0.0625
0 0.54765625 0.68671875 0.025 0.0625
0 0.45234375 0.55390625 0.03125 0.05625
0 0.4875 0.6296875 0.025 0.040625
0 0.59140625 0.46015625 0.021875 0.040625
0 0.59140625 0.6015625 0.021875 0.05
0 0.59296875 0.54765625 0.025 0.0453125
0 0.446875 0.6328125 0.021875 0.034375
0 0.56484375 0.5 0.025 0.040625
0 0.5421875 0.5421875 0.028125 0.034375
0 0.5390625 0.51953125 0.028125 0.0453125
0 0.5 0.5765625 0.028125 0.034375