0 0.640625 0.81015625 0.0625 0.034375
0 0.759375 0.76328125 0.046875 0.0296875
0 0.46640625 0.73046875 0.053125 0.040625
0 0.365625 0.82578125 0.053125 0.0375
0 0.30546875 0.803125 0.046875 0.0296875
0 0.37578125 0.95078125 0.046875 0.0328125
0 0.24765625 0.88359375 0.046875 0.0328125
0 0.26875 0.7421875 0.053125 0.0375
0 0.20859375 0.79921875 0.0515625 0.0296875
0 0.10703125 0.98828125 0.0390625 0.0234375
0 0.2515625 0.68828125 0.053125 0.0328125
0 0.11796875 0.8046875 0.0578125 0.0390625
0 0.128125 0.7953125 0.046875 0.0328125
0 0.1640625 0.61328125 0.0578125 0.0421875
0 0.18984375 0.78359375 0.0515625 0.0296875
0 0.25546875 0.6171875 0.0515625 0.0296875
0 0.21953125 0.67109375 0.046875 0.0375
0 0.17265625 0.72265625 0.040625 0.0359375
0 0.12578125 0.696875 0.053125 0.0328125
0 0.1609375 0.66640625 0.053125 0.0375
0 0.121875 0.634375 0.046875 0.0296875
0 0.12578125 0.64609375 0.040625 0.0328125
0 0.1640625 0.5625 0.046875 0.0328125
0 0.19921875 0.55390625 0.040625 0.028125
0 0.159375 0.49296875 0.0515625 0.0296875
0 0.15859375 0.5140625 0.046875 0.0296875
0 0.19375 0.45234375 0.040625 0.028125
0 0.259375 0.55078125 0.0515625 0.0296875
0 0.2546875 0.58515625 0.0453125 0.0265625
0 0.2609375 0.48203125 0.046875 0.0296875
0 0.3015625 0.45 0.0453125 0.0265625
0 0.328125 0.4125 0.040625 0.028125
0 0.31484375 0.41953125 0.0453125 0.0265625
0 0.325 0.37890625 0.0625 0.034375
0 0.32265625 0.3375 0.0578125 0.0390625
0 0.428125 0.371875 0.0625 0.034375
0 0.29609375 0.27109375 0.0390625 0.021875
0 0.3265625 0.23671875 0.0515625 0.0265625
0 0.40234375 0.4671875 0.05625 0.03125
0 0.3484375 0.503125 0.0390625 0.025
0 0.30546875 0.53671875 0.046875 0.0328125
0 0.34140625 0.53515625 0.040625 0.028125
0 0.39140625 0.284375 0.040625 0.03125
0 0.50625 0.26953125 0.0390625 0.025
0 0.5390625 0.29609375 0.046875 0.0375
0 0.625 0.6140625 0.053125 0.0375
0 0.38203125 0.559375 0.0390625 0.021875
0 0.50546875 0.690625 0.040625 0.03125
0 0.565625 0.6546875 0.0453125 0.0265625
0 0.51171875 0.4734375 0.0515625 0.0234375
0 0.490625 0.4953125 0.0390625 0.025
0 0.43046875 0.44375 0.040625 0.03125
0 0.46328125 0.41484375 0.0453125 0.0265625
0 0.48125 0.42421875 0.0453125 0.0265625
0 0.46328125 0.4390625 0.040625 0.028125
0 0.43359375 0.57578125 0.0390625 0.021875
0 0.4640625 0.57421875 0.034375 0.025
0 0.49609375 0.61796875 0.046875 0.040625
0 0.55 0.37265625 0.040625 0.03125
0 0.63203125 0.36640625 0.040625 0.0359375
0 0.51171875 0.55703125 0.046875 0.0375
0 0.5625 0.575 0.046875 0.0328125
0 0.465625 0.3328125 0.046875 0.0296875
0 0.5625 0.2484375 0.0359375 0.03125
0 0.3078125 0.484375 0.040625 0.028125
0 0.39140625 0.33125 0.040625 0.03125
0 0.2359375 0.34609375 0.046875 0.0296875
0 0.19765625 0.43203125 0.040625 0.03125
0 0.6515625 0.6765625 0.046875 0.0375
0 0.55234375 0.68515625 0.0359375 0.03125
0 0.60390625 0.4875 0.034375 0.025
0 0.6078125 0.41953125 0.046875 0.0296875
0 0.5640625 0.48203125 0.046875 0.0296875
0 0.57890625 0.4625 0.0359375 0.028125
0 0.61953125 0.58046875 0.046875 0.0328125
0 0.590625 0.51953125 0.046875 0.0296875
0 0.571875 0.33828125 0.0359375 0.03125
0 0.1390625 0.3796875 0.034375 0.025
0 0.325 0.70703125 0.0390625 0.021875
0 0.3296875 0.66875 0.034375 0.025
0 0.29296875 0.66171875 0.0390625 0.025
0 0.39453125 0.65625 0.034375 0.021875