0 0.434375 0.5640625 0.134375 0.1171875
0 0.3671875 0.6921875 0.1125 0.0828125
0 0.34921875 0.56875 0.10625 0.0828125
0 0.47421875 0.396875 0.096875 0.075
0 0.30078125 0.75625 0.10625 0.075
0 0.2484375 0.81796875 0.11875 0.08125
0 0.190625 0.88203125 0.096875 0.0875
0 0.56796875 0.19375 0.078125 0.06875
0 0.58359375 0.31484375 0.1125 0.09375
0 0.5046875 0.4796875 0.11875 0.084375
0 0.5328125 0.42734375 0.1109375 0.0609375
0 0.41484375 0.40859375 0.084375 0.0875
0 0.090625 0.9 0.0890625 0.0578125
0 0.634375 0.20625 0.1125 0.0828125
0 0.08828125 0.940625 0.0734375 0.065625