0 0.25390625 0.3984375 0.0359375 0.0484375
0 0.27421875 0.41171875 0.0359375 0.0484375
0 0.22265625 0.3640625 0.034375 0.0375
0 0.39375 0.55 0.0328125 0.0421875
0 0.3625 0.5625 0.0390625 0.0484375
0 0.3109375 0.48046875 0.0359375 0.04375
0 0.5453125 0.19375 0.04375 0.0546875
0 0.53671875 0.8953125 0.034375 0.0578125
0 0.53828125 0.7046875 0.0390625 0.0640625
0 0.41640625 0.6703125 0.0328125 0.046875
0 0.41875 0.54609375 0.0484375 0.05625
0 0.33515625 0.41328125 0.034375 0.0578125
0 0.5140625 0.92109375 0.0359375 0.0484375
0 0.68046875 0.2921875 0.03125 0.0359375
0 0.49609375 0.08828125 0.034375 0.046875
0 0.62265625 0.1984375 0.04375 0.053125
0 0.6 0.221875 0.0390625 0.0484375
0 0.56328125 0.26875 0.0546875 0.05625
0 0.43984375 0.61171875 0.0328125 0.046875
0 0.53515625 0.60546875 0.0328125 0.0421875
0 0.4421875 0.71640625 0.0390625 0.0484375
0 0.5203125 0.75703125 0.0375 0.0546875
0 0.4875 0.78984375 0.0328125 0.0421875
0 0.50390625 0.48828125 0.0453125 0.0546875
0 0.68046875 0.31640625 0.0484375 0.05625
0 0.54921875 0.97421875 0.0390625 0.04375
0 0.4765625 0.528125 0.0375 0.059375
0 0.5046875 0.8890625 0.0359375 0.0484375
0 0.37890625 0.59375 0.0453125 0.05
0 0.4921875 0.41796875 0.0453125 0.0546875
0 0.62890625 0.31328125 0.0328125 0.0421875
0 0.47734375 0.7609375 0.0265625 0.0359375