0 0.45546875 0.36484375 0.0796875 0.0453125
0 0.6046875 0.6671875 0.0625 0.0515625
0 0.609375 0.8078125 0.075 0.0421875
0 0.7515625 0.68984375 0.06875 0.0453125
0 0.8578125 0.68125 0.075 0.0484375
0 0.62890625 0.4578125 0.075 0.0515625
0 0.5828125 0.3953125 0.06875 0.0453125
0 0.52578125 0.36640625 0.05625 0.0359375
0 0.41875 0.43671875 0.040625 0.05
0 0.43828125 0.43828125 0.046875 0.04375
0 0.52109375 0.41328125 0.040625 0.040625
0 0.55546875 0.47265625 0.0453125 0.03125
0 0.55390625 0.45625 0.0453125 0.028125