0 0.025 0.83515625 0.0359375 0.0609375
0 0.10703125 0.8625 0.0328125 0.0546875
0 0.07421875 0.8109375 0.0375 0.071875
0 0.12578125 0.8984375 0.0375 0.071875
0 0.0375 0.9046875 0.0484375 0.071875
0 0.36171875 0.8203125 0.040625 0.0609375
0 0.38046875 0.89375 0.040625 0.0546875
0 0.25859375 0.5515625 0.0515625 0.0671875
0 0.284375 0.77109375 0.0359375 0.0546875
0 0.29765625 0.73984375 0.04375 0.0546875
0 0.30703125 0.77265625 0.04375 0.0546875
0 0.4515625 0.75 0.040625 0.0609375
0 0.4203125 0.7140625 0.0484375 0.065625
0 0.32578125 0.6375 0.04375 0.0609375
0 0.31953125 0.6046875 0.0359375 0.0609375
0 0.5484375 0.7109375 0.0515625 0.0671875
0 0.51875 0.67734375 0.0484375 0.065625
0 0.61640625 0.775 0.0359375 0.05
0 0.70546875 0.62265625 0.0375 0.065625
0 0.40859375 0.61796875 0.0375 0.065625
0 0.37109375 0.62109375 0.028125 0.0546875
0 0.24609375 0.35078125 0.040625 0.0609375
0 0.28359375 0.35546875 0.04375 0.0765625
0 0.43515625 0.49140625 0.040625 0.065625
0 0.43125 0.53359375 0.0515625 0.05625
0 0.684375 0.38671875 0.04375 0.0546875
0 0.73984375 0.225 0.0390625 0.04375
0 0.7453125 0.190625 0.040625 0.05
0 0.66484375 0.41796875 0.04375 0.0546875
0 0.59765625 0.3421875 0.04375 0.0609375
0 0.54765625 0.41484375 0.040625 0.05
0 0.43046875 0.40859375 0.0515625 0.05
0 0.45234375 0.35703125 0.04375 0.0609375
0 0.53984375 0.334375 0.040625 0.0609375
0 0.57734375 0.2671875 0.040625 0.0609375
0 0.365625 0.28515625 0.0375 0.065625
0 0.41796875 0.17890625 0.040625 0.0609375
0 0.43828125 0.26484375 0.04375 0.0609375
0 0.5140625 0.19921875 0.046875 0.0609375
0 0.696875 0.046875 0.0328125 0.065625
0 0.55078125 0.0234375 0.0421875 0.04375
0 0.3859375 0.05234375 0.0515625 0.05625
0 0.3859375 0.02578125 0.046875 0.04375
0 0.31875 0.33125 0.0421875 0.04375
0 0.3421875 0.35078125 0.0546875 0.0609375
0 0.24296875 0.08203125 0.0421875 0.04375
0 0.25703125 0.05625 0.040625 0.0546875
0 0.2703125 0.040625 0.0359375 0.0546875
0 0.29921875 0.103125 0.040625 0.05
0 0.45 0.209375 0.0390625 0.04375
0 0.9484375 0.98984375 0.03125 0.0203125