0 0.453125 0.721875 0.034375 0.0484375
0 0.48984375 0.684375 0.0359375 0.053125
0 0.37265625 0.76328125 0.0390625 0.0609375
0 0.3640625 0.67578125 0.0421875 0.0546875
0 0.38203125 0.60703125 0.034375 0.0484375
0 0.55390625 0.7234375 0.028125 0.0484375
0 0.5390625 0.6109375 0.0359375 0.059375
0 0.56328125 0.55 0.03125 0.0484375
0 0.56640625 0.61484375 0.034375 0.065625
0 0.5765625 0.67734375 0.034375 0.065625
0 0.46171875 0.5609375 0.0390625 0.0609375
0 0.5078125 0.6296875 0.03125 0.04375
0 0.584375 0.44609375 0.028125 0.04375
0 0.60625 0.5859375 0.0296875 0.053125
0 0.59921875 0.5328125 0.03125 0.0484375
0 0.46796875 0.63984375 0.0265625 0.0375
0 0.5640625 0.48984375 0.03125 0.04375
0 0.5484375 0.53515625 0.0328125 0.0390625
0 0.54140625 0.51328125 0.034375 0.0484375
0 0.51171875 0.57578125 0.0328125 0.0390625