0 0.7296875 0.9421875 0.05 0.0296875
0 0.8796875 0.97109375 0.04375 0.028125
0 0.50546875 0.84765625 0.05 0.028125
0 0.78671875 0.94375 0.04375 0.0265625
0 0.846875 0.9203125 0.0546875 0.0375
0 0.9125 0.52890625 0.04375 0.0328125
0 0.8578125 0.6015625 0.04375 0.0328125
0 0.84140625 0.6328125 0.04375 0.0296875
0 0.5078125 0.34765625 0.04375 0.0328125
0 0.1421875 0.5765625 0.04375 0.025
0 0.065625 0.334375 0.04375 0.0375
0 0.540625 0.5109375 0.04375 0.025
0 0.540625 0.57421875 0.04375 0.028125
0 0.61484375 0.38203125 0.05 0.0375
0 0.61171875 0.24375 0.04375 0.0375
0 0.696875 0.41484375 0.05 0.0375
0 0.8359375 0.42890625 0.04375 0.0375
0 0.784375 0.06015625 0.059375 0.025
0 0.759375 0.034375 0.04375 0.040625
0 0.68046875 0.3671875 0.0375 0.021875
0 0.71015625 0.365625 0.04375 0.025
0 0.7734375 0.26015625 0.05 0.025
0 0.759375 0.2015625 0.0546875 0.0328125
0 0.75390625 0.31796875 0.04375 0.040625
0 0.77890625 0.32890625 0.0375 0.040625
0 0.85546875 0.34765625 0.05 0.0328125
0 0.9484375 0.04765625 0.059375 0.0375
0 0.83359375 0.29453125 0.05 0.028125
0 0.86640625 0.54765625 0.0375 0.025
0 0.89609375 0.55078125 0.04375 0.0328125
0 0.671875 0.6546875 0.0546875 0.0375
0 0.871875 0.38203125 0.059375 0.0375
0 0.58203125 0.73125 0.0375 0.021875
0 0.39609375 0.78515625 0.05 0.028125
0 0.48359375 0.690625 0.0375 0.028125
0 0.9671875 0.9203125 0.04375 0.0296875
0 0.86640625 0.6671875 0.05 0.0265625
0 0.6203125 0.98203125 0.0375 0.028125
0 0.04609375 0.67421875 0.05 0.025