0 0.16484375 0.4390625 0.0375 0.0640625
0 0.18203125 0.31171875 0.03125 0.046875
0 0.284375 0.5890625 0.0421875 0.053125
0 0.21640625 0.709375 0.0390625 0.053125
0 0.253125 0.76171875 0.03125 0.046875
0 0.09296875 0.72890625 0.034375 0.046875
0 0.18828125 0.83828125 0.034375 0.046875
0 0.32109375 0.7828125 0.0390625 0.053125
0 0.28046875 0.85546875 0.03125 0.0515625
0 0.11953125 0.98984375 0.0265625 0.0203125
0 0.37734375 0.7859375 0.0359375 0.053125
0 0.296875 0.94453125 0.040625 0.059375
0 0.30390625 0.93203125 0.034375 0.046875
0 0.471875 0.853125 0.04375 0.059375
0 0.3 0.86953125 0.03125 0.0515625
0 0.44609375 0.765625 0.03125 0.0515625
0 0.40234375 0.81328125 0.0390625 0.0484375
0 0.36328125 0.871875 0.0375 0.0421875
0 0.39921875 0.9109375 0.0359375 0.053125
0 0.42109375 0.86953125 0.0390625 0.053125
0 0.46171875 0.89921875 0.03125 0.046875
0 0.4484375 0.8984375 0.034375 0.0421875
0 0.5203125 0.84140625 0.034375 0.046875
0 0.52109375 0.8046875 0.0296875 0.040625
0 0.58984375 0.82890625 0.03125 0.0515625
0 0.56875 0.834375 0.03125 0.046875
0 0.6203125 0.78515625 0.0296875 0.040625
0 0.509375 0.7453125 0.03125 0.0515625
0 0.4765625 0.75859375 0.028125 0.046875
0 0.575 0.72734375 0.03125 0.046875
0 0.59609375 0.68046875 0.028125 0.046875
0 0.6265625 0.6453125 0.0296875 0.040625
0 0.62265625 0.66015625 0.028125 0.046875
0 0.66015625 0.640625 0.0375 0.0640625
0 0.70078125 0.6328125 0.040625 0.059375
0 0.6421875 0.53828125 0.0375 0.0640625
0 0.771875 0.6421875 0.0234375 0.040625
0 0.796875 0.6046875 0.028125 0.0515625
0 0.55546875 0.58671875 0.0328125 0.0578125
0 0.53359375 0.64765625 0.0265625 0.040625
0 0.5109375 0.69765625 0.034375 0.046875
0 0.5046875 0.6625 0.0296875 0.040625
0 0.73515625 0.553125 0.034375 0.0421875
0 0.72265625 0.43828125 0.0265625 0.040625
0 0.68828125 0.4125 0.0390625 0.0484375
0 0.359375 0.40625 0.0390625 0.053125
0 0.47109375 0.62890625 0.0234375 0.040625
0 0.3140625 0.540625 0.034375 0.0421875
0 0.33359375 0.4734375 0.028125 0.046875
0 0.52265625 0.4828125 0.025 0.0515625
0 0.50625 0.5078125 0.0265625 0.040625
0 0.57109375 0.55390625 0.034375 0.0421875
0 0.59140625 0.51484375 0.028125 0.046875
0 0.578125 0.5 0.028125 0.046875
0 0.56875 0.52109375 0.0296875 0.040625
0 0.4421875 0.5828125 0.0234375 0.040625
0 0.43671875 0.553125 0.0265625 0.0359375
0 0.3859375 0.5328125 0.0421875 0.0484375
0 0.6109375 0.4203125 0.034375 0.0421875
0 0.59765625 0.33984375 0.0375 0.0421875
0 0.4421875 0.50234375 0.0390625 0.0484375
0 0.41171875 0.45703125 0.034375 0.046875
0 0.6703125 0.49296875 0.03125 0.046875
0 0.72890625 0.37890625 0.0328125 0.0359375
0 0.56171875 0.6828125 0.0296875 0.040625
0 0.68984375 0.56484375 0.034375 0.0421875
0 0.71328125 0.71953125 0.03125 0.046875
0 0.6390625 0.77734375 0.034375 0.0421875
0 0.2921875 0.39609375 0.0390625 0.0484375
0 0.3078125 0.49375 0.0328125 0.0359375
0 0.48671875 0.39609375 0.0265625 0.0359375
0 0.55234375 0.37578125 0.03125 0.046875
0 0.5015625 0.43359375 0.03125 0.046875
0 0.5171875 0.41484375 0.0296875 0.0359375
0 0.39375 0.40390625 0.034375 0.046875
0 0.459375 0.41640625 0.03125 0.046875
0 0.6390625 0.39140625 0.0328125 0.0359375
0 0.70390625 0.82109375 0.0265625 0.0359375
0 0.34140625 0.71953125 0.0234375 0.040625
0 0.37734375 0.70546875 0.0265625 0.0359375
0 0.39296875 0.73984375 0.0265625 0.040625
0 0.3734375 0.63984375 0.021875 0.034375