0 0.2515625 0.52734375 0.08125 0.084375
0 0.5421875 0.78828125 0.0671875 0.0859375
0 0.803125 0.66953125 0.065625 0.0765625
0 0.359375 0.61640625 0.05625 0.06875
0 0.36640625 0.56796875 0.071875 0.071875
0 0.42109375 0.44453125 0.0796875 0.06875
0 0.42421875 0.52265625 0.0578125 0.075
0 0.4453125 0.57109375 0.065625 0.0765625
0 0.54140625 0.41875 0.0640625 0.0703125
0 0.50390625 0.6125 0.0515625 0.0828125
0 0.50703125 0.5453125 0.0609375 0.090625
0 0.659375 0.35859375 0.0671875 0.08125
0 0.73203125 0.2765625 0.0703125 0.08125
0 0.734375 0.35703125 0.0578125 0.075
0 0.8140625 0.41484375 0.0640625 0.0859375
0 0.73671875 0.55625 0.065625 0.0765625
0 0.73046875 0.1796875 0.059375 0.084375
0 0.55546875 0.59453125 0.0671875 0.08125
0 0.78984375 0.2703125 0.065625 0.090625
0 0.6890625 0.52109375 0.0453125 0.0671875