0 0.13203125 0.39140625 0.0734375 0.1046875
0 0.06484375 0.75703125 0.071875 0.0984375
0 0.12578125 0.62109375 0.0671875 0.0921875
0 0.171875 0.75390625 0.0625 0.08125
0 0.1859375 0.4546875 0.0859375 0.1015625
0 0.14921875 0.50703125 0.0671875 0.0765625
0 0.25 0.4546875 0.059375 0.0796875
0 0.20625 0.3953125 0.05 0.078125
0 0.11953125 0.7359375 0.0671875 0.0921875
0 0.23515625 0.57890625 0.08125 0.096875
0 0.28203125 0.60234375 0.0671875 0.103125
0 0.2109375 0.62890625 0.0609375 0.0796875
0 0.30234375 0.65859375 0.075 0.121875
0 0.36171875 0.584375 0.059375 0.06875
0 0.3921875 0.5578125 0.071875 0.0984375
0 0.33203125 0.6875 0.065625 0.0703125
0 0.3734375 0.70859375 0.0546875 0.0890625
0 0.55625 0.4703125 0.0875 0.1078125
0 0.4875 0.503125 0.075 0.115625
0 0.446875 0.52109375 0.0828125 0.1015625
0 0.43203125 0.63125 0.0671875 0.1140625
0 0.36875 0.63125 0.0921875 0.103125
0 0.1796875 0.5328125 0.0578125 0.0734375
0 0.54375 0.534375 0.0484375 0.065625
0 0.6203125 0.23125 0.0734375 0.0890625
0 0.5875 0.203125 0.0671875 0.08125
0 0.975 0.36796875 0.05 0.1515625
0 0.96796875 0.196875 0.0640625 0.1
0 0.84296875 0.32890625 0.084375 0.096875
0 0.7515625 0.496875 0.05625 0.1015625
0 0.2828125 0.80078125 0.0640625 0.075
0 0.934375 0.49921875 0.071875 0.0984375