0 0.515625 0.15078125 0.0625 0.053125
0 0.4765625 0.21015625 0.0671875 0.0578125
0 0.5875 0.25859375 0.0625 0.06875
0 0.57734375 0.3046875 0.0515625 0.046875
0 0.52578125 0.30859375 0.0515625 0.0625
0 0.50234375 0.46328125 0.05625 0.03125
0 0.50546875 0.48046875 0.071875 0.028125
0 0.51015625 0.5015625 0.0828125 0.03125
0 0.53359375 0.51953125 0.046875 0.034375
0 0.50546875 0.534375 0.0515625 0.034375
0 0.44609375 0.4828125 0.05625 0.03125
0 0.43828125 0.53125 0.040625 0.0421875
0 0.353125 0.509375 0.046875 0.0375
0 0.36328125 0.5234375 0.05625 0.0421875
0 0.36328125 0.565625 0.046875 0.0421875
0 0.4640625 0.5828125 0.040625 0.0375
0 0.55703125 0.5578125 0.040625 0.034375
0 0.559375 0.5828125 0.046875 0.03125
0 0.53359375 0.6078125 0.046875 0.034375
0 0.53359375 0.63359375 0.046875 0.0375
0 0.5125 0.66796875 0.046875 0.03125
0 0.49765625 0.70625 0.05625 0.053125
0 0.66015625 0.5578125 0.0515625 0.05
0 0.571875 0.6796875 0.0515625 0.0375
0 0.61328125 0.68515625 0.0515625 0.034375
0 0.65234375 0.52109375 0.078125 0.0375
0 0.4484375 0.7375 0.040625 0.0375
0 0.428125 0.7625 0.040625 0.0421875
0 0.40234375 0.7453125 0.040625 0.0375
0 0.4640625 0.81484375 0.0515625 0.046875
0 0.3734375 0.8453125 0.05625 0.053125