0 0.60078125 0.25234375 0.0875 0.046875
0 0.76796875 0.16875 0.08125 0.040625
0 0.846875 0.209375 0.0875 0.040625
0 0.94296875 0.2 0.071875 0.0375
0 0.94296875 0.1578125 0.08125 0.046875
0 0.3609375 0.35234375 0.0875 0.04375
0 0.3609375 0.39609375 0.0875 0.05
0 0.415625 0.378125 0.0765625 0.04375
0 0.4484375 0.43671875 0.0765625 0.05
0 0.48359375 0.40703125 0.071875 0.0375
0 0.521875 0.3984375 0.059375 0.040625
0 0.64765625 0.36171875 0.08125 0.040625
0 0.86328125 0.48359375 0.0765625 0.0375
0 0.85546875 0.5125 0.071875 0.0375
0 0.6171875 0.51640625 0.0765625 0.04375
0 0.10390625 0.6 0.065625 0.0359375
0 0.2265625 0.60703125 0.071875 0.04375
0 0.11484375 0.6421875 0.065625 0.0484375
0 0.16640625 0.6453125 0.059375 0.040625
0 0.28125 0.73125 0.071875 0.04375
0 0.35234375 0.7015625 0.071875 0.0375
0 0.325 0.78203125 0.08125 0.04375
0 0.459375 0.78359375 0.065625 0.040625
0 0.5078125 0.82734375 0.065625 0.0328125
0 0.58984375 0.734375 0.065625 0.05
0 0.675 0.79609375 0.071875 0.0515625