0 0.27421875 0.353125 0.0578125 0.065625
0 0.309375 0.54765625 0.059375 0.0875
0 0.371875 0.5875 0.0640625 0.071875
0 0.38203125 0.440625 0.0734375 0.0890625
0 0.46953125 0.484375 0.0703125 0.0828125
0 0.634375 0.38984375 0.053125 0.0703125
0 0.58359375 0.49921875 0.0390625 0.0578125
0 0.6640625 0.6859375 0.040625 0.053125
0 0.61328125 0.6609375 0.0421875 0.06875
0 0.57265625 0.58828125 0.0421875 0.06875
0 0.53984375 0.44375 0.05 0.0703125
0 0.6546875 0.1625 0.046875 0.059375
0 0.7078125 0.25 0.046875 0.06875
0 0.69609375 0.31171875 0.0484375 0.0796875
0 0.89765625 0.42265625 0.046875 0.06875
0 0.725 0.1515625 0.05625 0.1203125