0 0.7796875 0.7640625 0.03125 0.040625
0 0.74296875 0.8 0.03125 0.040625
0 0.80546875 0.80546875 0.03125 0.040625
0 0.77578125 0.79765625 0.03125 0.040625
0 0.72265625 0.44765625 0.03125 0.040625
0 0.73984375 0.47890625 0.03125 0.040625
0 0.771875 0.47109375 0.03125 0.040625
0 0.784375 0.56953125 0.03125 0.040625
0 0.9234375 0.634375 0.03125 0.040625
0 0.15859375 0.3078125 0.03125 0.040625
0 0.13515625 0.165625 0.03125 0.040625
0 0.65 0.48359375 0.03125 0.0453125
0 0.4578125 0.12109375 0.028125 0.040625
0 0.353125 0.22734375 0.0390625 0.046875
0 0.3421875 0.33125 0.0359375 0.0421875
0 0.40703125 0.13984375 0.025 0.034375
0 0.4953125 0.58671875 0.028125 0.034375
0 0.53828125 0.6015625 0.03125 0.040625
0 0.68125 0.5421875 0.03125 0.0453125
0 0.56640625 0.41328125 0.028125 0.0453125
0 0.6453125 0.5125 0.025 0.034375
0 0.53515625 0.425 0.028125 0.040625
0 0.66953125 0.68203125 0.028125 0.034375
0 0.72265625 0.71328125 0.028125 0.040625
0 0.6328125 0.4328125 0.028125 0.040625
0 0.66640625 0.4796875 0.034375 0.0421875
0 0.8546875 0.5328125 0.028125 0.034375
0 0.9 0.5734375 0.025 0.0453125
0 0.82890625 0.7125 0.03125 0.0453125
0 0.7921875 0.6875 0.028125 0.0453125
0 0.7421875 0.71484375 0.025 0.034375
0 0.6203125 0.69765625 0.034375 0.046875
0 0.7875 0.63046875 0.028125 0.0296875
0 0.6203125 0.55625 0.03125 0.040625
0 0.2234375 0.31640625 0.03125 0.0453125
0 0.48046875 0.42109375 0.028125 0.0453125
0 0.384375 0.225 0.0359375 0.046875
0 0.50703125 0.62734375 0.025 0.040625