0 0.49609375 0.86953125 0.075 0.0828125
0 0.66328125 0.7890625 0.053125 0.0625
0 0.39296875 0.34765625 0.0625 0.0484375
0 0.475 0.32421875 0.04375 0.040625
0 0.56484375 0.48828125 0.0453125 0.0453125
0 0.39140625 0.42109375 0.0359375 0.04375
0 0.38359375 0.446875 0.0484375 0.0421875
0 0.51171875 0.446875 0.053125 0.046875
0 0.4484375 0.421875 0.0640625 0.053125
0 0.70234375 0.8625 0.034375 0.034375
0 0.71875 0.796875 0.0375 0.0359375
0 0.73671875 0.7703125 0.0453125 0.0453125
0 0.7828125 0.71328125 0.0453125 0.0484375
0 0.57734375 0.65703125 0.0453125 0.0484375
0 0.48671875 0.721875 0.0546875 0.0546875
0 0.55078125 0.58203125 0.04375 0.040625
0 0.5359375 0.6609375 0.05 0.05
0 0.5234375 0.68359375 0.0359375 0.046875
0 0.53828125 0.73046875 0.034375 0.0390625
0 0.515625 0.71875 0.0359375 0.04375
0 0.59765625 0.63125 0.0546875 0.0515625
0 0.4703125 0.65078125 0.0375 0.03125
0 0.47109375 0.66875 0.0375 0.03125
0 0.45859375 0.69375 0.034375 0.034375
0 0.44921875 0.6703125 0.0421875 0.0375
0 0.43828125 0.65546875 0.0453125 0.0453125
0 0.45390625 0.62578125 0.034375 0.0390625
0 0.4421875 0.60234375 0.0390625 0.0390625
0 0.33671875 0.7453125 0.0453125 0.0453125
0 0.08125 0.734375 0.05 0.046875
0 0.21015625 0.70625 0.0546875 0.0546875
0 0.18671875 0.840625 0.034375 0.0390625
0 0.375 0.87265625 0.0390625 0.0390625
0 0.175 0.79375 0.0375 0.0359375
0 0.2078125 0.7640625 0.034375 0.0390625
0 0.315625 0.6984375 0.05 0.046875
0 0.26171875 0.69921875 0.0375 0.0359375
0 0.2828125 0.6953125 0.0375 0.0359375
0 0.2296875 0.75078125 0.0453125 0.0484375
0 0.1140625 0.6140625 0.0640625 0.053125
0 0.25546875 0.6609375 0.05 0.05
0 0.23515625 0.64453125 0.040625 0.0484375
0 0.4015625 0.65390625 0.028125 0.0296875
0 0.40078125 0.6359375 0.0375 0.03125
0 0.171875 0.57109375 0.053125 0.0421875
0 0.20546875 0.5578125 0.0578125 0.0484375
0 0.24140625 0.5828125 0.0421875 0.0375
0 0.1015625 0.52578125 0.059375 0.0515625
0 0.0234375 0.41640625 0.0421875 0.0515625
0 0.06015625 0.45859375 0.0453125 0.0453125
0 0.1078125 0.3953125 0.0359375 0.04375
0 0.059375 0.28125 0.0453125 0.0453125
0 0.21015625 0.340625 0.0546875 0.0515625
0 0.16171875 0.4453125 0.040625 0.04375
0 0.13828125 0.4421875 0.0390625 0.0390625
0 0.28984375 0.34375 0.040625 0.04375
0 0.2390625 0.3 0.04375 0.040625
0 0.24765625 0.31484375 0.0390625 0.0390625
0 0.21328125 0.2359375 0.0515625 0.0390625
0 0.321875 0.46484375 0.0390625 0.0390625
0 0.28828125 0.42734375 0.04375 0.040625
0 0.29453125 0.4 0.0453125 0.0453125
0 0.32421875 0.48828125 0.0453125 0.0453125
0 0.128125 0.48984375 0.0578125 0.0484375
0 0.2296875 0.48984375 0.040625 0.04375
0 0.36015625 0.578125 0.046875 0.0375
0 0.28671875 0.55 0.046875 0.053125
0 0.2828125 0.51171875 0.0390625 0.0390625
0 0.3109375 0.65390625 0.05 0.046875