0 0.1171875 0.51640625 0.0625 0.1
0 0.171875 0.88515625 0.0625 0.09375
0 0.18515625 0.73671875 0.0578125 0.0890625
0 0.27265625 0.846875 0.0546875 0.075
0 0.18828125 0.559375 0.0765625 0.0953125
0 0.17109375 0.62109375 0.059375 0.0703125
0 0.2484375 0.53828125 0.0515625 0.075
0 0.18828125 0.496875 0.040625 0.0734375
0 0.21640625 0.846875 0.0578125 0.0890625
0 0.275 0.6609375 0.071875 0.0890625
0 0.32734375 0.6671875 0.05625 0.1
0 0.26875 0.715625 0.0546875 0.075
0 0.36484375 0.71484375 0.0609375 0.1171875
0 0.396875 0.625 0.053125 0.0640625
0 0.41640625 0.58984375 0.0625 0.09375
0 0.4015625 0.73203125 0.059375 0.0640625
0 0.4484375 0.7390625 0.0453125 0.0875
0 0.54375 0.45390625 0.0765625 0.1015625
0 0.4890625 0.5078125 0.0640625 0.1125
0 0.45703125 0.5375 0.071875 0.0953125
0 0.478125 0.64609375 0.0546875 0.1109375
0 0.41875 0.6671875 0.0828125 0.096875
0 0.2078125 0.63515625 0.05 0.0703125
0 0.55234375 0.51796875 0.0421875 0.0625
0 0.5265625 0.20625 0.0640625 0.0828125
0 0.4859375 0.190625 0.0609375 0.0765625
0 0.92265625 0.215625 0.0671875 0.1484375
0 0.85078125 0.059375 0.065625 0.0953125
0 0.76875 0.2265625 0.075 0.090625
0 0.73671875 0.415625 0.046875 0.0984375
0 0.39296875 0.85546875 0.05625 0.0703125
0 0.9109375 0.3578125 0.0625 0.09375