0 0.95078125 0.27421875 0.065625 0.0546875
0 0.98125 0.325 0.0375 0.040625
0 0.715625 0.5421875 0.0984375 0.0578125
0 0.80625 0.309375 0.071875 0.05
0 0.828125 0.33671875 0.059375 0.046875
0 0.890625 0.7 0.065625 0.040625
0 0.88515625 0.80390625 0.0546875 0.04375
0 0.740625 0.8984375 0.05 0.0375
0 0.72109375 0.88359375 0.0546875 0.028125
0 0.84140625 0.57421875 0.0546875 0.0375
0 0.84140625 0.48359375 0.065625 0.04375
0 0.828125 0.44375 0.059375 0.0578125
0 0.890625 0.4875 0.0546875 0.04375
0 0.73515625 0.47265625 0.059375 0.05
0 0.6859375 0.33125 0.071875 0.0578125
0 0.73515625 0.421875 0.05 0.04375
0 0.6390625 0.49609375 0.0546875 0.0546875
0 0.67734375 0.465625 0.0546875 0.04375
0 0.69921875 0.43671875 0.0546875 0.04375
0 0.63671875 0.09296875 0.05 0.046875
0 0.50546875 0.55625 0.059375 0.05
0 0.47265625 0.53671875 0.059375 0.0546875
0 0.53515625 0.8671875 0.065625 0.0546875
0 0.49765625 0.83828125 0.0765625 0.0328125
0 0.51328125 0.8109375 0.0546875 0.0375
0 0.49765625 0.78515625 0.065625 0.0375
0 0.09296875 0.97421875 0.065625 0.0375
0 0.18828125 0.9578125 0.059375 0.0328125
0 0.28984375 0.73125 0.065625 0.0578125
0 0.52734375 0.68515625 0.09375 0.0546875
0 0.459375 0.69296875 0.0546875 0.040625
0 0.371875 0.678125 0.0546875 0.040625
0 0.3359375 0.6765625 0.059375 0.0375
0 0.390625 0.74921875 0.059375 0.028125
0 0.48671875 0.74765625 0.0546875 0.0328125
0 0.41796875 0.5765625 0.059375 0.040625
0 0.284375 0.490625 0.065625 0.0375
0 0.371875 0.48515625 0.0546875 0.0328125
0 0.35 0.52734375 0.0546875 0.04375
0 0.3140625 0.6 0.059375 0.0375
0 0.23515625 0.5890625 0.0765625 0.065625
0 0.390625 0.83671875 0.059375 0.04375
0 0.40703125 0.64921875 0.05 0.040625
0 0.36328125 0.621875 0.059375 0.0375
0 0.52421875 0.4765625 0.0875 0.04375
0 0.48359375 0.44921875 0.071875 0.0328125
0 0.60078125 0.45078125 0.0546875 0.04375
0 0.59296875 0.4125 0.071875 0.040625
0 0.54375 0.35234375 0.071875 0.04375
0 0.65546875 0.40546875 0.04375 0.0328125
0 0.41796875 0.23984375 0.09375 0.05
0 0.56796875 0.2453125 0.0546875 0.040625
0 0.5875 0.2984375 0.05 0.0375
0 0.5515625 0.30703125 0.04375 0.046875
0 0.0984375 0.4328125 0.065625 0.04375
0 0.11484375 0.06875 0.0765625 0.04375
0 0.07890625 0.14375 0.059375 0.040625
0 0.0546875 0.1796875 0.0765625 0.0625
0 0.1859375 0.33828125 0.065625 0.028125