0 0.98828125 0.69765625 0.0234375 0.0796875
0 0.5609375 0.0421875 0.0359375 0.0421875
0 0.65859375 0.57421875 0.0453125 0.0640625
0 0.6375 0.6453125 0.040625 0.0484375
0 0.62734375 0.6046875 0.040625 0.0484375
0 0.503125 0.70625 0.046875 0.084375
0 0.48515625 0.47734375 0.05 0.0703125
0 0.41328125 0.421875 0.05 0.065625
0 0.425 0.465625 0.0375 0.0578125
0 0.27734375 0.565625 0.040625 0.0578125
0 0.15859375 0.6984375 0.0296875 0.04375
0 0.0921875 0.62265625 0.0359375 0.0375
0 0.1265625 0.66640625 0.0296875 0.0375
0 0.1390625 0.68984375 0.0296875 0.0328125
0 0.33671875 0.6171875 0.0453125 0.053125
0 0.44296875 0.69375 0.040625 0.053125
0 0.42578125 0.6609375 0.034375 0.0484375