0 0.23359375 0.32265625 0.1171875 0.1203125
0 0.31484375 0.40078125 0.0828125 0.1046875
0 0.2609375 0.403125 0.1015625 0.1015625
0 0.353125 0.5078125 0.0703125 0.08125
0 0.2890625 0.471875 0.0640625 0.0859375
0 0.33125 0.4484375 0.09375 0.1015625
0 0.30546875 0.3046875 0.0953125 0.096875
0 0.42890625 0.53046875 0.0578125 0.065625
0 0.3546875 0.58984375 0.05 0.0640625
0 0.5859375 0.5640625 0.0359375 0.046875
0 0.4984375 0.5703125 0.0421875 0.053125
0 0.615625 0.58515625 0.0390625 0.046875
0 0.56015625 0.6375 0.0515625 0.059375
0 0.3796875 0.45859375 0.071875 0.06875