0 0.984375 0.72421875 0.03125 0.078125
0 0.58515625 0.04609375 0.034375 0.040625
0 0.6546875 0.5828125 0.0421875 0.0625
0 0.6296875 0.65234375 0.0375 0.046875
0 0.621875 0.6109375 0.0375 0.046875
0 0.4921875 0.70625 0.0421875 0.0828125
0 0.48671875 0.4765625 0.046875 0.0671875
0 0.4171875 0.4171875 0.046875 0.0625
0 0.4265625 0.46171875 0.034375 0.05625
0 0.27421875 0.55390625 0.0375 0.05625
0 0.1484375 0.68046875 0.028125 0.0421875
0 0.08671875 0.60078125 0.034375 0.0359375
0 0.11796875 0.646875 0.028125 0.0359375
0 0.1296875 0.6703125 0.028125 0.03125
0 0.33046875 0.60859375 0.0421875 0.0515625
0 0.4328125 0.690625 0.0375 0.0515625
0 0.4171875 0.65703125 0.03125 0.046875