0 0.38671875 0.79921875 0.10625 0.103125
0 0.4453125 0.703125 0.0953125 0.06875
0 0.459375 0.7546875 0.090625 0.0875
0 0.540625 0.64140625 0.0734375 0.0609375
0 0.51953125 0.71171875 0.0796875 0.053125
0 0.48828125 0.6765625 0.090625 0.08125
0 0.353125 0.73359375 0.0859375 0.084375
0 0.54609375 0.5625 0.0578125 0.0484375
0 0.6203125 0.621875 0.0578125 0.0390625
0 0.54296875 0.4015625 0.0421875 0.0296875
0 0.56875 0.4859375 0.0484375 0.0359375
0 0.55703125 0.36796875 0.0421875 0.0328125
0 0.6203125 0.4109375 0.053125 0.04375
0 0.48671875 0.6265625 0.0578125 0.0640625