0 0.42421875 0.44765625 0.1390625 0.153125
0 0.2859375 0.40703125 0.1015625 0.125
0 0.40390625 0.36484375 0.1015625 0.11875
0 0.59609375 0.45546875 0.0921875 0.10625
0 0.21015625 0.35390625 0.09375 0.1171875
0 0.13984375 0.3140625 0.1 0.1296875
0 0.065625 0.26875 0.103125 0.109375
0 0.8140625 0.50859375 0.08125 0.0890625
0 0.69765625 0.546875 0.1125 0.1265625
0 0.52109375 0.50078125 0.103125 0.1296875
0 0.57734375 0.51796875 0.08125 0.1203125
0 0.5734375 0.3984375 0.1 0.0984375
0 0.0328125 0.1734375 0.065625 0.096875
0 0.8140625 0.57578125 0.1015625 0.125
0 0.01328125 0.18046875 0.0265625 0.0828125