0 0.31640625 0.60390625 0.046875 0.065625
0 0.19140625 0.5484375 0.0609375 0.078125
0 0.23125 0.459375 0.0515625 0.0671875
0 0.253125 0.62109375 0.046875 0.065625
0 0.4625 0.55625 0.05625 0.0671875
0 0.4171875 0.55859375 0.046875 0.0625
0 0.31640625 0.49609375 0.0453125 0.0515625
0 0.28828125 0.47734375 0.046875 0.0625
0 0.33671875 0.22578125 0.0578125 0.078125
0 0.403125 0.3328125 0.0453125 0.08125
0 0.4609375 0.35859375 0.0375 0.040625
0 0.59921875 0.74296875 0.0453125 0.0578125
0 0.653125 0.66171875 0.0515625 0.0625
0 0.6515625 0.5609375 0.040625 0.0609375
0 0.6546875 0.05234375 0.046875 0.0625
0 0.6328125 0.0890625 0.0453125 0.0578125
0 0.7015625 0.09765625 0.0546875 0.0578125
0 0.64375 0.30234375 0.0453125 0.0515625
0 0.6125 0.2765625 0.04375 0.065625
0 0.46875 0.24140625 0.04375 0.0609375
0 0.43359375 0.27890625 0.0546875 0.0578125
0 0.72890625 0.45234375 0.0453125 0.08125
0 0.5265625 0.55546875 0.05625 0.0671875
0 0.61640625 0.45859375 0.0515625 0.0625
0 0.57265625 0.4765625 0.059375 0.0671875
0 0.51328125 0.37109375 0.0515625 0.0671875
0 0.54765625 0.21484375 0.040625 0.065625
0 0.68828125 0.13359375 0.05 0.0515625
0 0.8484375 0.6296875 0.040625 0.0609375
0 0.58671875 0.390625 0.0453125 0.0765625