0 0.18671875 0.27734375 0.0375 0.0453125
0 0.21796875 0.23671875 0.0375 0.0453125
0 0.15546875 0.23984375 0.0375 0.0453125
0 0.1859375 0.24375 0.0375 0.0453125
0 0.28671875 0.5828125 0.0375 0.0453125
0 0.265625 0.55390625 0.0375 0.0453125
0 0.23515625 0.5671875 0.0375 0.0453125
0 0.20859375 0.47109375 0.0375 0.0453125
0 0.06171875 0.42578125 0.0375 0.0453125
0 0.86484375 0.64296875 0.0375 0.0453125
0 0.9078125 0.78046875 0.0375 0.0453125
0 0.35390625 0.53671875 0.0390625 0.0515625
0 0.59453125 0.86953125 0.0328125 0.04375
0 0.68359375 0.74921875 0.0453125 0.05
0 0.6796875 0.6453125 0.040625 0.0453125
0 0.6421875 0.84375 0.028125 0.0375
0 0.49296875 0.41328125 0.03125 0.0375
0 0.4484375 0.4046875 0.0375 0.0453125
0 0.31484375 0.48359375 0.0390625 0.0515625
0 0.446875 0.5953125 0.034375 0.0484375
0 0.3546875 0.5078125 0.028125 0.0375
0 0.47578125 0.5796875 0.0328125 0.04375
0 0.30703125 0.34375 0.03125 0.0375
0 0.25 0.31953125 0.0328125 0.04375
0 0.378125 0.58515625 0.0328125 0.04375
0 0.33828125 0.54296875 0.0390625 0.0453125
0 0.14375 0.5171875 0.03125 0.0375
0 0.09375 0.4828125 0.03125 0.0484375
0 0.14453125 0.33515625 0.0390625 0.0515625
0 0.184375 0.3546875 0.034375 0.05
0 0.23046875 0.32109375 0.028125 0.0375
0 0.35390625 0.32109375 0.0421875 0.0515625
0 0.196875 0.4109375 0.03125 0.0328125
0 0.3734375 0.4609375 0.0375 0.0453125
0 0.79921875 0.64375 0.0375 0.05
0 0.53046875 0.57578125 0.034375 0.0484375
0 0.653125 0.75625 0.0421875 0.05
0 0.475 0.375 0.0296875 0.04375