0 0.03828125 0.51875 0.0484375 0.0421875
0 0.54609375 0.33046875 0.0703125 0.0546875
0 0.61953125 0.3390625 0.053125 0.0484375
0 0.58046875 0.35625 0.053125 0.0484375
0 0.70234375 0.4609375 0.090625 0.059375
0 0.48046875 0.51796875 0.0765625 0.059375
0 0.43828125 0.59921875 0.0703125 0.059375
0 0.47890625 0.58046875 0.0640625 0.046875
0 0.603125 0.7078125 0.0640625 0.05
0 0.7546875 0.80234375 0.046875 0.0359375
0 0.69140625 0.8796875 0.0421875 0.0421875
0 0.72890625 0.8390625 0.040625 0.034375
0 0.74921875 0.82265625 0.0359375 0.034375
0 0.64375 0.640625 0.059375 0.053125
0 0.70078125 0.52265625 0.059375 0.0484375
0 0.671875 0.5453125 0.0515625 0.040625