0 0.72421875 0.35390625 0.0640625 0.0953125
0 0.77421875 0.1734375 0.05625 0.0890625
0 0.71875 0.10390625 0.05625 0.09375
0 0.71015625 0.0234375 0.0484375 0.046875
0 0.75078125 0.02265625 0.0640625 0.0453125
0 0.67109375 0.60859375 0.059375 0.09375
0 0.62890625 0.61640625 0.0671875 0.0953125
0 0.6359375 0.559375 0.0578125 0.0828125
0 0.571875 0.53828125 0.065625 0.084375
0 0.59453125 0.4984375 0.0484375 0.0765625
0 0.5953125 0.459375 0.0515625 0.0671875
0 0.6078125 0.32890625 0.05625 0.0890625
0 0.446875 0.140625 0.0515625 0.0828125
0 0.41953125 0.153125 0.05 0.078125
0 0.46171875 0.38828125 0.0578125 0.0828125
0 0.47734375 0.9078125 0.05 0.071875
0 0.446875 0.7890625 0.05625 0.078125
0 0.43359375 0.90546875 0.0578125 0.0734375
0 0.42109375 0.85546875 0.05 0.0671875
0 0.31484375 0.75859375 0.05625 0.078125
0 0.33046875 0.68359375 0.05 0.0765625
0 0.25625 0.72578125 0.059375 0.0890625
0 0.2296875 0.59375 0.053125 0.071875
0 0.17734375 0.5546875 0.0453125 0.0703125
0 0.253125 0.45625 0.0625 0.075
0 0.17578125 0.384375 0.0640625 0.078125