0 0.45390625 0.846875 0.065625 0.059375
0 0.4984375 0.790625 0.071875 0.0640625
0 0.39140625 0.7328125 0.0671875 0.075
0 0.40625 0.6875 0.0546875 0.05
0 0.4578125 0.68828125 0.05625 0.065625
0 0.49453125 0.53671875 0.059375 0.0359375
0 0.49296875 0.51875 0.0734375 0.0328125
0 0.48984375 0.49765625 0.0859375 0.0390625
0 0.46796875 0.47734375 0.0484375 0.0375
0 0.49765625 0.465625 0.0546875 0.0390625
0 0.55234375 0.521875 0.059375 0.0359375
0 0.5640625 0.47421875 0.0453125 0.0453125
0 0.646875 0.503125 0.05 0.0421875
0 0.63828125 0.48828125 0.0609375 0.046875
0 0.6421875 0.446875 0.05 0.0453125
0 0.54296875 0.4203125 0.0453125 0.0421875
0 0.4484375 0.4375 0.04375 0.0375
0 0.4484375 0.4125 0.0484375 0.034375
0 0.47578125 0.38984375 0.0484375 0.0375
0 0.478125 0.3640625 0.05 0.0421875
0 0.50234375 0.33125 0.0484375 0.034375
0 0.5203125 0.29453125 0.0609375 0.059375
0 0.3453125 0.428125 0.05625 0.0546875
0 0.44375 0.31484375 0.0546875 0.0421875
0 0.403125 0.30546875 0.0546875 0.0390625
0 0.35 0.465625 0.0796875 0.0453125
0 0.571875 0.26796875 0.0453125 0.0421875
0 0.59453125 0.24453125 0.0453125 0.0453125
0 0.61875 0.2640625 0.0453125 0.0421875
0 0.56328125 0.18984375 0.0546875 0.05
0 0.65625 0.1671875 0.0609375 0.059375