0 0.47421875 0.11640625 0.0703125 0.1109375
0 0.446875 0.12265625 0.059375 0.0859375
0 0.40703125 0.03203125 0.0578125 0.0640625
0 0.46484375 0.528125 0.09375 0.0796875
0 0.57734375 0.55625 0.0890625 0.115625
0 0.4171875 0.2671875 0.0703125 0.0828125
0 0.49609375 0.24375 0.0578125 0.0796875
0 0.27734375 0.0859375 0.0953125 0.1125
0 0.3640625 0.20859375 0.06875 0.078125
0 0.49296875 0.3203125 0.059375 0.0859375
0 0.40390625 0.41484375 0.18125 0.1625
0 0.41953125 0.37578125 0.090625 0.0921875
0 0.5296875 0.38828125 0.0859375 0.1203125
0 0.70625 0.63359375 0.0828125 0.11875
0 0.62734375 0.57109375 0.090625 0.1109375
0 0.63203125 0.5140625 0.0640625 0.0765625
0 0.65859375 0.51015625 0.0515625 0.0640625
0 0.89296875 0.3671875 0.065625 0.0953125
0 0.6921875 0.26640625 0.0625 0.08125
0 0.6703125 0.3375 0.0734375 0.0984375
0 0.65390625 0.43984375 0.0578125 0.075
0 0.77265625 0.3234375 0.0546875 0.0796875
0 0.6625 0.4 0.0578125 0.0671875
0 0.69921875 0.4671875 0.0671875 0.0875
0 0.73125 0.98125 0.06875 0.0375
0 0.8 0.95546875 0.06875 0.0890625
0 0.3640625 0.11796875 0.078125 0.071875