0 0.65390625 0.28125 0.0953125 0.065625
0 0.8359375 0.2375 0.0890625 0.0578125
0 0.903125 0.29453125 0.09375 0.059375
0 0.9796875 0.30625 0.040625 0.053125
0 0.98203125 0.26640625 0.0359375 0.0640625
0 0.39765625 0.325 0.0953125 0.0625
0 0.3875 0.3671875 0.096875 0.06875
0 0.4453125 0.3625 0.084375 0.059375
0 0.4640625 0.4265625 0.0859375 0.065625
0 0.5046875 0.40546875 0.078125 0.053125
0 0.54453125 0.40625 0.0671875 0.053125
0 0.675 0.3984375 0.0890625 0.0578125
0 0.8578125 0.565625 0.0828125 0.053125
0 0.84375 0.5921875 0.078125 0.053125
0 0.61015625 0.5421875 0.084375 0.059375
0 0.09140625 0.50859375 0.071875 0.05
0 0.209375 0.54296875 0.0796875 0.059375
0 0.09296875 0.5515625 0.075 0.0625
0 0.1421875 0.56640625 0.0671875 0.053125
0 0.23515625 0.67578125 0.0796875 0.059375
0 0.3109375 0.66328125 0.078125 0.053125
0 0.26640625 0.73515625 0.0890625 0.0609375
0 0.396875 0.7671875 0.0734375 0.0546875
0 0.43359375 0.82109375 0.071875 0.046875
0 0.53515625 0.7484375 0.075 0.0640625
0 0.60390625 0.828125 0.08125 0.0671875