0 0.23671875 0.865625 0.0375 0.046875
0 0.13046875 0.83046875 0.03125 0.0359375
0 0.125 0.8578125 0.0375 0.046875
0 0.43984375 0.871875 0.0390625 0.053125
0 0.171875 0.69765625 0.0359375 0.0578125
0 0.16171875 0.60234375 0.040625 0.0484375
0 0.07578125 0.50859375 0.0265625 0.0453125
0 0.11015625 0.41875 0.0296875 0.046875
0 0.15078125 0.39375 0.034375 0.053125
0 0.17265625 0.125 0.028125 0.0515625
0 0.48046875 0.74609375 0.0296875 0.046875
0 0.39453125 0.60390625 0.025 0.0359375
0 0.09140625 0.35 0.0265625 0.0453125
0 0.459375 0.00703125 0.028125 0.0140625
0 0.2578125 0.28984375 0.0265625 0.040625
0 0.23671875 0.1265625 0.0296875 0.040625
0 0.6015625 0.23515625 0.0296875 0.046875
0 0.521875 0.05390625 0.0390625 0.0578125
0 0.5875 0.08203125 0.03125 0.053125
0 0.21875 0.078125 0.03125 0.0359375
0 0.4484375 0.1390625 0.034375 0.046875
0 0.2015625 0.35546875 0.0296875 0.040625
0 0.36328125 0.83203125 0.034375 0.046875
0 0.36875 0.59140625 0.0296875 0.040625
0 0.3765625 0.73671875 0.0296875 0.040625
0 0.49921875 0.56328125 0.0296875 0.040625
0 0.0609375 0.265625 0.034375 0.053125
0 0.54296875 0.07109375 0.0328125 0.040625
0 0.5671875 0.09921875 0.0390625 0.0578125
0 0.21796875 0.5015625 0.0421875 0.0546875
0 0.6765625 0.21484375 0.0390625 0.053125
0 0.71015625 0.12421875 0.0390625 0.053125
0 0.85546875 0.2828125 0.0328125 0.046875
0 0.86484375 0.29609375 0.0328125 0.046875
0 0.4640625 0.27109375 0.0328125 0.040625
0 0.51484375 0.321875 0.0296875 0.040625
0 0.4390625 0.6671875 0.03125 0.053125
0 0.509375 0.2328125 0.0421875 0.0546875
0 0.48359375 0.17109375 0.0265625 0.0453125
0 0.3109375 0.05546875 0.028125 0.0359375
0 0.6265625 0.2859375 0.0265625 0.040625
0 0.44921875 0.4828125 0.025 0.0359375
0 0.2953125 0.44765625 0.0296875 0.046875
0 0.46328125 0.88828125 0.0375 0.046875
0 0.5640625 0.2921875 0.040625 0.0484375
0 0.41171875 0.1125 0.0328125 0.046875
0 0.18359375 0.2921875 0.0390625 0.0625
0 0.34765625 0.30390625 0.040625 0.0484375
0 0.3140625 0.58828125 0.0296875 0.046875
0 0.3296875 0.5953125 0.0328125 0.046875