0 0.26796875 0.3578125 0.0734375 0.0828125
0 0.3296875 0.37734375 0.0546875 0.075
0 0.16484375 0.34921875 0.0375 0.053125
0 0.15546875 0.38671875 0.0421875 0.0640625
0 0.14609375 0.42421875 0.0375 0.053125
0 0.12109375 0.4 0.034375 0.0515625
0 0.08671875 0.76171875 0.065625 0.0828125
0 0.1421875 0.6328125 0.0484375 0.0859375
0 0.08828125 0.60234375 0.0515625 0.08125
0 0.2109375 0.728125 0.0421875 0.0640625
0 0.228125 0.7375 0.034375 0.0578125
0 0.20078125 0.61953125 0.05 0.059375
0 0.36875 0.77734375 0.053125 0.0640625
0 0.26796875 0.62109375 0.046875 0.06875
0 0.2640625 0.87109375 0.053125 0.0640625
0 0.353125 0.6296875 0.0328125 0.046875
0 0.39921875 0.66015625 0.0453125 0.053125
0 0.2796875 0.7375 0.0328125 0.046875
0 0.21328125 0.48046875 0.0390625 0.0625
0 0.22890625 0.45234375 0.040625 0.046875
0 0.2609375 0.51328125 0.0390625 0.0625
0 0.28671875 0.4609375 0.0484375 0.053125
0 0.44140625 0.36171875 0.0375 0.053125
0 0.39140625 0.52421875 0.046875 0.06875
0 0.359375 0.47734375 0.0390625 0.0578125
0 0.33671875 0.490625 0.04375 0.0484375
0 0.4390625 0.471875 0.034375 0.0515625
0 0.41171875 0.48828125 0.05 0.059375
0 0.42421875 0.5140625 0.0421875 0.053125
0 0.48203125 0.51484375 0.04375 0.075
0 0.47421875 0.54921875 0.0484375 0.0484375
0 0.4640625 0.58125 0.05625 0.059375
0 0.50078125 0.5796875 0.05 0.059375
0 0.53203125 0.575 0.040625 0.0734375
0 0.55546875 0.52265625 0.05625 0.0859375
0 0.56796875 0.584375 0.0671875 0.065625
0 0.58515625 0.4484375 0.0453125 0.0640625
0 0.6453125 0.5453125 0.046875 0.06875
0 0.6109375 0.33046875 0.04375 0.075
0 0.79765625 0.2921875 0.053125 0.0921875
0 0.73125 0.42265625 0.0390625 0.0578125
0 0.75078125 0.44921875 0.0546875 0.075
0 0.81171875 0.54375 0.05 0.0640625
0 0.6359375 0.47890625 0.05 0.059375
0 0.6171875 0.39140625 0.053125 0.0640625
0 0.62421875 0.43359375 0.04375 0.0484375
0 0.6921875 0.571875 0.0515625 0.08125
0 0.75234375 0.53203125 0.0453125 0.053125
0 0.80703125 0.6203125 0.04375 0.075
0 0.10078125 0.68046875 0.0296875 0.046875
0 0.4640625 0.66875 0.053125 0.059375