0 0.7640625 0.4578125 0.0671875 0.096875
0 0.8828125 0.31328125 0.0578125 0.0890625
0 0.8609375 0.22734375 0.059375 0.09375
0 0.8921875 0.1359375 0.0515625 0.078125
0 0.9328125 0.1453125 0.065625 0.0921875
0 0.6125 0.66875 0.0625 0.0953125
0 0.5703125 0.65859375 0.0703125 0.096875
0 0.6 0.609375 0.059375 0.084375
0 0.55 0.56484375 0.0671875 0.0859375
0 0.58671875 0.53671875 0.0515625 0.0765625
0 0.60390625 0.5015625 0.053125 0.06875
0 0.66796875 0.3875 0.0578125 0.0890625
0 0.59765625 0.15 0.053125 0.0828125
0 0.56796875 0.15078125 0.053125 0.078125
0 0.51015625 0.38203125 0.059375 0.084375
0 0.31328125 0.86328125 0.0515625 0.071875
0 0.334375 0.7421875 0.059375 0.0796875
0 0.275 0.84296875 0.0609375 0.075
0 0.28359375 0.7921875 0.0515625 0.06875
0 0.22578125 0.6609375 0.059375 0.0796875
0 0.2703125 0.5984375 0.053125 0.0765625
0 0.1859375 0.60703125 0.0609375 0.090625
0 0.21484375 0.47578125 0.0546875 0.0734375
0 0.1828125 0.41875 0.046875 0.071875
0 0.2921875 0.359375 0.065625 0.075
0 0.25078125 0.2625 0.065625 0.0796875