0 0.88125 0.490625 0.0359375 0.0375
0 0.784375 0.59609375 0.03125 0.0359375
0 0.82421875 0.45859375 0.03125 0.03125
0 0.7828125 0.52890625 0.0359375 0.0375
0 0.70703125 0.4234375 0.0359375 0.040625
0 0.70625 0.34296875 0.040625 0.040625
0 0.50859375 0.32109375 0.040625 0.040625
0 0.53671875 0.2671875 0.03125 0.0359375
0 0.65234375 0.2265625 0.0359375 0.0375
0 0.37421875 0.96328125 0.0359375 0.040625
0 0.34765625 0.93359375 0.0359375 0.0375
0 0.28046875 0.85625 0.040625 0.0375
0 0.39375 0.95625 0.0359375 0.0328125
0 0.2109375 0.80546875 0.046875 0.040625
0 0.28125 0.82421875 0.0359375 0.0328125
0 0.315625 0.84453125 0.03125 0.03125
0 0.17109375 0.8109375 0.03125 0.03125
0 0.12109375 0.80859375 0.0265625 0.0359375
0 0.35234375 0.87890625 0.046875 0.0375
0 0.2859375 0.79765625 0.040625 0.0375
0 0.32421875 0.8265625 0.046875 0.0375
0 0.69140625 0.546875 0.0359375 0.0375
0 0.5125 0.24609375 0.0359375 0.0328125
0 0.5234375 0.2609375 0.040625 0.0375
0 0.47890625 0.246875 0.0359375 0.0328125