0 0.665625 0.2875 0.0609375 0.0515625
0 0.46953125 0.30625 0.0828125 0.0515625
0 0.42421875 0.36484375 0.0671875 0.059375
0 0.56953125 0.3875 0.0828125 0.0671875
0 0.51796875 0.47109375 0.078125 0.0640625
0 0.59765625 0.64375 0.0671875 0.0484375
0 0.49375 0.58359375 0.0546875 0.034375
0 0.3 0.646875 0.05 0.0390625
0 0.3296875 0.59921875 0.065625 0.0390625
0 0.40546875 0.56484375 0.065625 0.0390625
0 0.55234375 0.54453125 0.065625 0.0453125
0 0.82265625 0.68359375 0.0546875 0.0421875
0 0.73046875 0.72890625 0.065625 0.0421875
0 0.6703125 0.71171875 0.0765625 0.0421875
0 0.5421875 0.903125 0.065625 0.0421875
0 0.82734375 0.7546875 0.115625 0.0453125