0 0.83671875 0.653125 0.084375 0.075
0 0.69375 0.7703125 0.0625 0.053125
0 0.4078125 0.33828125 0.0484375 0.0625
0 0.3515625 0.403125 0.0421875 0.04375
0 0.46171875 0.55390625 0.0453125 0.0453125
0 0.47421875 0.36796875 0.0421875 0.0359375
0 0.5015625 0.371875 0.04375 0.0484375
0 0.446875 0.4875 0.046875 0.0546875
0 0.45078125 0.4203125 0.053125 0.0640625
0 0.74296875 0.83671875 0.0359375 0.034375
0 0.6765625 0.8234375 0.0359375 0.0390625
0 0.64453125 0.828125 0.0453125 0.0453125
0 0.57421875 0.846875 0.05 0.0453125
0 0.609375 0.63671875 0.05 0.0453125
0 0.70625 0.58125 0.05625 0.05625
0 0.553125 0.58046875 0.0421875 0.04375
0 0.63046875 0.60078125 0.05 0.05
0 0.65703125 0.5984375 0.046875 0.0375
0 0.6921875 0.63203125 0.0390625 0.034375
0 0.6921875 0.60703125 0.0421875 0.0359375
0 0.57734375 0.64375 0.0515625 0.0546875
0 0.64921875 0.53671875 0.03125 0.0375
0 0.66484375 0.5453125 0.03125 0.0375
0 0.69296875 0.54453125 0.0359375 0.034375
0 0.67578125 0.5265625 0.0375 0.04375
0 0.6671875 0.509375 0.0453125 0.0453125
0 0.63359375 0.51171875 0.0390625 0.034375
0 0.61640625 0.490625 0.040625 0.0390625
0 0.79140625 0.45625 0.0453125 0.0453125
0 0.88984375 0.21953125 0.0453125 0.05
0 0.809375 0.32421875 0.05625 0.05625
0 0.94140625 0.359375 0.0390625 0.034375
0 0.890625 0.54453125 0.040625 0.0390625
0 0.903125 0.3296875 0.0359375 0.0390625
0 0.8625 0.34609375 0.0390625 0.034375
0 0.75703125 0.41640625 0.0453125 0.05
0 0.78125 0.36875 0.0359375 0.0390625
0 0.76875 0.3859375 0.0359375 0.0390625
0 0.84140625 0.3609375 0.05 0.0453125
0 0.83125 0.08046875 0.053125 0.0421875
0 0.7671875 0.1984375 0.053125 0.0640625
0 0.74921875 0.346875 0.05 0.05
0 0.7421875 0.32109375 0.0484375 0.0421875
0 0.68125 0.47578125 0.0296875 0.028125
0 0.665625 0.46796875 0.03125 0.0375
0 0.703125 0.2328125 0.04375 0.053125
0 0.67734375 0.2578125 0.0484375 0.059375
0 0.68515625 0.30078125 0.0375 0.04375
0 0.69140625 0.15 0.053125 0.059375
0 0.62578125 0.0328125 0.053125 0.0421875
0 0.6484375 0.08359375 0.0453125 0.0453125
0 0.5703125 0.1 0.0421875 0.0359375
0 0.48671875 0.01484375 0.0453125 0.0296875
0 0.478125 0.1703125 0.0515625 0.0546875
0 0.59375 0.1703125 0.04375 0.040625
0 0.60078125 0.14765625 0.040625 0.0390625
0 0.446875 0.24296875 0.04375 0.040625
0 0.42890625 0.17890625 0.0421875 0.04375
0 0.43828125 0.19296875 0.040625 0.0390625
0 0.38203125 0.12890625 0.0390625 0.053125
0 0.54296875 0.32421875 0.040625 0.0390625
0 0.5234375 0.27734375 0.0421875 0.04375
0 0.496875 0.271875 0.0453125 0.0453125
0 0.56328125 0.3359375 0.0453125 0.0453125
0 0.64765625 0.15859375 0.0484375 0.059375
0 0.6046875 0.25078125 0.04375 0.040625
0 0.6296875 0.40625 0.0390625 0.0484375
0 0.63515625 0.32734375 0.0546875 0.046875
0 0.603125 0.3078125 0.040625 0.0390625
0 0.71953125 0.39375 0.0453125 0.05