0 0.25234375 0.3875 0.0671875 0.078125
0 0.31640625 0.39921875 0.0484375 0.0734375
0 0.14921875 0.39140625 0.034375 0.05
0 0.14375 0.4296875 0.0390625 0.059375
0 0.1390625 0.46796875 0.034375 0.05
0 0.11171875 0.446875 0.0296875 0.05
0 0.121875 0.81015625 0.059375 0.078125
0 0.1609375 0.67578125 0.0421875 0.08125
0 0.10390625 0.6515625 0.0453125 0.0765625
0 0.24140625 0.76171875 0.0390625 0.059375
0 0.259375 0.76875 0.0296875 0.0546875
0 0.2171875 0.6546875 0.0453125 0.0546875
0 0.403125 0.79140625 0.0484375 0.0609375
0 0.284375 0.6484375 0.0421875 0.065625
0 0.3109375 0.896875 0.0484375 0.0609375
0 0.36953125 0.646875 0.028125 0.04375
0 0.41953125 0.67109375 0.0421875 0.05
0 0.31015625 0.7625 0.028125 0.04375
0 0.2125 0.515625 0.034375 0.059375
0 0.22578125 0.4859375 0.0375 0.04375
0 0.2640625 0.5421875 0.034375 0.059375
0 0.28359375 0.4875 0.0453125 0.05
0 0.425 0.3703125 0.034375 0.05
0 0.3953125 0.53671875 0.0421875 0.065625
0 0.3578125 0.49453125 0.034375 0.0546875
0 0.33671875 0.5109375 0.040625 0.04375
0 0.43671875 0.47890625 0.0296875 0.05
0 0.4109375 0.49921875 0.0453125 0.0546875
0 0.4265625 0.5234375 0.0390625 0.05
0 0.48359375 0.51640625 0.0390625 0.071875
0 0.48046875 0.5515625 0.04375 0.04375
0 0.47421875 0.58515625 0.0515625 0.05625
0 0.5109375 0.57890625 0.0453125 0.0546875
0 0.54140625 0.5703125 0.034375 0.071875
0 0.5578125 0.515625 0.0484375 0.0828125
0 0.578125 0.575 0.0640625 0.0609375
0 0.57890625 0.43828125 0.0421875 0.059375
0 0.65 0.52734375 0.0421875 0.065625
0 0.58984375 0.31796875 0.0390625 0.071875
0 0.7703125 0.2578125 0.0453125 0.0875
0 0.7203125 0.3953125 0.034375 0.0546875
0 0.7421875 0.41953125 0.0484375 0.0734375
0 0.81484375 0.50546875 0.0453125 0.059375
0 0.63203125 0.4625 0.0453125 0.0546875
0 0.603125 0.378125 0.0484375 0.0609375
0 0.61484375 0.41875 0.040625 0.04375
0 0.69921875 0.5484375 0.0453125 0.0765625
0 0.7546875 0.50078125 0.0421875 0.05
0 0.81953125 0.58203125 0.0390625 0.071875
0 0.12578125 0.72734375 0.025 0.04375
0 0.48515625 0.671875 0.0484375 0.05625