0 0.95703125 0.859375 0.034375 0.059375
0 0.8734375 0.8828125 0.0296875 0.053125
0 0.90859375 0.8328125 0.034375 0.0703125
0 0.853125 0.9171875 0.034375 0.06875
0 0.940625 0.928125 0.04375 0.06875
0 0.62109375 0.82734375 0.0375 0.059375
0 0.5984375 0.89921875 0.0375 0.053125
0 0.73828125 0.5640625 0.0484375 0.0640625
0 0.70078125 0.78203125 0.034375 0.053125
0 0.68984375 0.75 0.040625 0.053125
0 0.678125 0.78203125 0.040625 0.053125
0 0.53515625 0.75234375 0.0375 0.059375
0 0.56875 0.71796875 0.04375 0.0640625
0 0.6671875 0.64609375 0.040625 0.059375
0 0.675 0.6140625 0.034375 0.059375
0 0.440625 0.7078125 0.0484375 0.0640625
0 0.471875 0.67578125 0.04375 0.0640625
0 0.36953125 0.76875 0.034375 0.046875
0 0.28828125 0.61171875 0.034375 0.0640625
0 0.58515625 0.62265625 0.034375 0.0640625
0 0.62265625 0.62734375 0.025 0.053125
0 0.76171875 0.3640625 0.0375 0.059375
0 0.7234375 0.3671875 0.040625 0.075
0 0.56484375 0.49453125 0.0375 0.0640625
0 0.5671875 0.5375 0.0484375 0.053125
0 0.321875 0.37734375 0.040625 0.053125
0 0.275 0.2125 0.0375 0.0421875
0 0.27109375 0.178125 0.0375 0.046875
0 0.33984375 0.409375 0.040625 0.053125
0 0.4109375 0.3375 0.040625 0.059375
0 0.45703125 0.4125 0.0375 0.046875
0 0.57421875 0.4125 0.0484375 0.046875
0 0.55546875 0.359375 0.040625 0.059375
0 0.46875 0.3328125 0.0375 0.059375
0 0.43515625 0.26328125 0.0375 0.059375
0 0.6453125 0.2921875 0.034375 0.0640625
0 0.5984375 0.18359375 0.0375 0.059375
0 0.57421875 0.26875 0.040625 0.059375
0 0.5015625 0.19921875 0.04375 0.059375
0 0.32734375 0.0375 0.0296875 0.0640625
0 0.47421875 0.02109375 0.040625 0.0421875
0 0.6375 0.05859375 0.0484375 0.053125
0 0.6390625 0.03203125 0.04375 0.0421875
0 0.68984375 0.340625 0.040625 0.0421875
0 0.665625 0.359375 0.053125 0.059375
0 0.77890625 0.09609375 0.040625 0.0421875
0 0.765625 0.06953125 0.0375 0.053125
0 0.753125 0.053125 0.034375 0.053125
0 0.72109375 0.1140625 0.0375 0.046875
0 0.56484375 0.2125 0.0375 0.0421875
0 0.02578125 0.97578125 0.0296875 0.0375