0 0.39296875 0.8234375 0.059375 0.028125
0 0.26953125 0.7890625 0.04375 0.025
0 0.5578125 0.72578125 0.05 0.0359375
0 0.66796875 0.81015625 0.05 0.0328125
0 0.725 0.78125 0.04375 0.025
0 0.6703125 0.93515625 0.04375 0.028125
0 0.79140625 0.85546875 0.04375 0.028125
0 0.75546875 0.71640625 0.05 0.0328125
0 0.82109375 0.7671875 0.05 0.025
0 0.9421875 0.94609375 0.0375 0.021875
0 0.76640625 0.6609375 0.05 0.028125
0 0.91171875 0.76328125 0.0546875 0.0328125
0 0.90078125 0.7546875 0.04375 0.028125
0 0.84609375 0.57734375 0.0546875 0.0359375
0 0.83828125 0.74921875 0.05 0.025
0 0.75546875 0.590625 0.05 0.025
0 0.796875 0.640625 0.04375 0.0328125
0 0.84921875 0.6875 0.0375 0.0328125
0 0.89296875 0.65703125 0.05 0.028125
0 0.8546875 0.6296875 0.05 0.0328125
0 0.88984375 0.59375 0.04375 0.025
0 0.8875 0.60625 0.0375 0.028125
0 0.840625 0.52734375 0.04375 0.028125
0 0.8046875 0.521875 0.0375 0.025
0 0.83828125 0.45703125 0.05 0.025
0 0.840625 0.478125 0.04375 0.025
0 0.79921875 0.4203125 0.0375 0.025
0 0.74453125 0.525 0.05 0.025
0 0.753125 0.559375 0.04375 0.021875
0 0.7359375 0.45703125 0.04375 0.025
0 0.6921875 0.4296875 0.04375 0.021875
0 0.66171875 0.3953125 0.0375 0.025
0 0.67578125 0.40078125 0.04375 0.021875
0 0.66171875 0.3609375 0.059375 0.028125
0 0.659375 0.31953125 0.0546875 0.0328125
0 0.5578125 0.36484375 0.059375 0.028125
0 0.67890625 0.25078125 0.0375 0.01875
0 0.6453125 0.2203125 0.05 0.021875
0 0.59375 0.45703125 0.0546875 0.025
0 0.65078125 0.4875 0.0375 0.021875
0 0.69765625 0.51640625 0.04375 0.028125
0 0.66171875 0.51796875 0.0375 0.025
0 0.58515625 0.27421875 0.0375 0.028125
0 0.46953125 0.27109375 0.0375 0.021875
0 0.43984375 0.3015625 0.04375 0.0328125
0 0.3875 0.6265625 0.05 0.0328125
0 0.6234375 0.546875 0.0375 0.01875
0 0.5140625 0.68984375 0.0375 0.028125
0 0.45078125 0.6609375 0.04375 0.021875
0 0.4859375 0.475 0.05 0.01875
0 0.50859375 0.49453125 0.0375 0.021875
0 0.56328125 0.43671875 0.0375 0.028125
0 0.52734375 0.41171875 0.04375 0.021875
0 0.5109375 0.42265625 0.04375 0.021875
0 0.53046875 0.43515625 0.0375 0.025
0 0.57421875 0.56875 0.0375 0.01875
0 0.54375 0.5703125 0.0328125 0.021875
0 0.51640625 0.6171875 0.04375 0.0359375
0 0.43671875 0.37890625 0.0375 0.028125
0 0.3546875 0.38125 0.0375 0.0328125
0 0.49453125 0.5578125 0.04375 0.0328125
0 0.4453125 0.58125 0.04375 0.028125
0 0.51640625 0.33046875 0.04375 0.025
0 0.41171875 0.25625 0.0328125 0.028125
0 0.68984375 0.4640625 0.0375 0.025
0 0.590625 0.32109375 0.0375 0.028125
0 0.746875 0.31953125 0.04375 0.025
0 0.79375 0.40078125 0.0375 0.028125
0 0.36796875 0.69140625 0.04375 0.0328125
0 0.4671875 0.68984375 0.0328125 0.028125
0 0.3953125 0.4984375 0.0328125 0.021875
0 0.384375 0.43125 0.04375 0.025
0 0.434375 0.4890625 0.04375 0.025
0 0.41796875 0.47109375 0.0328125 0.025
0 0.38984375 0.5921875 0.04375 0.028125
0 0.41171875 0.52890625 0.04375 0.025
0 0.41171875 0.346875 0.0328125 0.028125
0 0.84609375 0.34296875 0.0328125 0.021875
0 0.6953125 0.6875 0.0375 0.01875
0 0.68671875 0.65 0.0328125 0.021875
0 0.72265625 0.6390625 0.0375 0.021875
0 0.62109375 0.64453125 0.0328125 0.01875