0 0.834375 0.68984375 0.04375 0.0359375
0 0.8578125 0.64453125 0.04375 0.0359375
0 0.88203125 0.70234375 0.04375 0.0359375
0 0.86484375 0.6765625 0.04375 0.0359375
0 0.51484375 0.728125 0.04375 0.0359375
0 0.55 0.73515625 0.04375 0.0359375
0 0.5515625 0.76875 0.04375 0.0359375
0 0.64921875 0.7515625 0.04375 0.0359375
0 0.75234375 0.865625 0.04375 0.0375
0 0.21640625 0.2296875 0.04375 0.0359375
0 0.0734375 0.2484375 0.04375 0.0359375
0 0.528125 0.6484375 0.0484375 0.0359375
0 0.125 0.5703125 0.04375 0.0328125
0 0.19609375 0.4390625 0.05 0.04375
0 0.2921875 0.3984375 0.0453125 0.0390625
0 0.128125 0.51640625 0.0359375 0.028125
0 0.58125 0.46953125 0.0375 0.03125
0 0.60859375 0.50625 0.04375 0.0359375
0 0.59296875 0.6609375 0.0484375 0.0359375
0 0.43671875 0.58828125 0.0484375 0.0328125
0 0.5546875 0.63515625 0.0359375 0.028125
0 0.43828125 0.55546875 0.04375 0.0328125
0 0.7234375 0.609375 0.0375 0.03125
0 0.76953125 0.65078125 0.04375 0.0328125
0 0.47421875 0.646875 0.04375 0.0328125
0 0.5296875 0.66484375 0.0453125 0.0390625
0 0.63515625 0.8296875 0.0375 0.03125
0 0.68671875 0.8609375 0.046875 0.03125
0 0.8 0.75234375 0.0484375 0.0375
0 0.76484375 0.725 0.0484375 0.0328125
0 0.7765625 0.66875 0.0359375 0.028125
0 0.7234375 0.55703125 0.05 0.0390625
0 0.70859375 0.73671875 0.0328125 0.0296875
0 0.5890625 0.5984375 0.04375 0.0359375
0 0.24375 0.2890625 0.0484375 0.0359375
0 0.41875 0.5046875 0.0484375 0.0328125
0 0.203125 0.46953125 0.05 0.0390625
0 0.6234375 0.46953125 0.0421875 0.0296875