0 0.25234375 0.5359375 0.084375 0.0859375
0 0.55234375 0.78671875 0.0703125 0.0890625
0 0.80859375 0.65859375 0.06875 0.078125
0 0.36328125 0.62109375 0.059375 0.071875
0 0.36875 0.57265625 0.075 0.075
0 0.41875 0.44765625 0.08125 0.071875
0 0.425 0.525 0.0609375 0.0765625
0 0.44765625 0.57265625 0.06875 0.078125
0 0.53828125 0.4171875 0.0671875 0.0734375
0 0.50859375 0.61171875 0.05625 0.084375
0 0.50859375 0.5453125 0.0640625 0.090625
0 0.6546875 0.353125 0.06875 0.0828125
0 0.72421875 0.26875 0.071875 0.0828125
0 0.72890625 0.34921875 0.0609375 0.0765625
0 0.8109375 0.40390625 0.065625 0.0875
0 0.7390625 0.5484375 0.06875 0.078125
0 0.71953125 0.171875 0.0625 0.0859375
0 0.55859375 0.5921875 0.06875 0.0828125
0 0.78125 0.26015625 0.0671875 0.0921875
0 0.6890625 0.51484375 0.046875 0.06875