0 0.43671875 0.565625 0.040625 0.025
0 0.421875 0.55859375 0.046875 0.025
0 0.4078125 0.50546875 0.040625 0.0203125
0 0.39921875 0.4859375 0.046875 0.025
0 0.5546875 0.55 0.046875 0.028125
0 0.60390625 0.428125 0.040625 0.025
0 0.45703125 0.45 0.046875 0.0203125
0 0.41875 0.40859375 0.040625 0.0203125
0 0.5140625 0.32265625 0.034375 0.0203125
0 0.52890625 0.51171875 0.040625 0.0203125
0 0.48828125 0.39375 0.040625 0.025
0 0.60703125 0.3640625 0.034375 0.028125
0 0.6296875 0.5328125 0.046875 0.028125
0 0.49140625 0.4828125 0.046875 0.03125
0 0.62734375 0.80078125 0.040625 0.028125
0 0.53203125 0.95 0.034375 0.025
0 0.5609375 0.95390625 0.046875 0.025
0 0.4828125 0.85078125 0.040625 0.025
0 0.61015625 0.88828125 0.040625 0.025
0 0.69375 0.8625 0.034375 0.0203125
0 0.7515625 0.796875 0.034375 0.0203125
0 0.72265625 0.73203125 0.034375 0.0203125
0 0.66796875 0.9109375 0.040625 0.028125
0 0.540625 0.8640625 0.040625 0.025
0 0.11015625 0.778125 0.046875 0.025
0 0.12109375 0.80390625 0.046875 0.028125
0 0.15625 0.78359375 0.0578125 0.034375
0 0.21953125 0.8453125 0.046875 0.0203125
0 0.31796875 0.83515625 0.0578125 0.034375
0 0.69375 0.82265625 0.034375 0.025
0 0.78359375 0.70625 0.028125 0.0171875
0 0.79765625 0.68203125 0.034375 0.0171875
0 0.9046875 0.928125 0.053125 0.028125
0 0.85 0.8828125 0.046875 0.028125