0 0.32109375 0.47734375 0.0984375 0.0328125
0 0.34453125 0.4140625 0.09375 0.0328125
0 0.40390625 0.3453125 0.0625 0.0359375
0 0.28515625 0.25234375 0.06875 0.0296875
0 0.28671875 0.20078125 0.06875 0.0359375
0 0.33984375 0.12578125 0.0875 0.040625
0 0.42421875 0.57421875 0.0625 0.0359375
0 0.31015625 0.6015625 0.0828125 0.05
0 0.0390625 0.3546875 0.0734375 0.0359375
0 0.0765625 0.184375 0.0828125 0.05
0 0.4203125 0.29375 0.06875 0.0359375
0 0.15703125 0.36640625 0.075 0.04375
0 0.4984375 0.6 0.0625 0.0328125
0 0.53515625 0.61015625 0.0625 0.0265625
0 0.62734375 0.6328125 0.0625 0.0296875
0 0.47578125 0.434375 0.05 0.0265625
0 0.4765625 0.39765625 0.05 0.0296875
0 0.47734375 0.52890625 0.04375 0.03125
0 0.36015625 0.53984375 0.05625 0.0328125
0 0.609375 0.42578125 0.05625 0.0296875
0 0.2703125 0.5703125 0.0515625 0.046875
0 0.6953125 0.64375 0.0625 0.0296875
0 0.13359375 0.26484375 0.0640625 0.046875
0 0.1109375 0.14296875 0.0625 0.04375
0 0.18203125 0.13515625 0.05625 0.0359375
0 0.48515625 0.290625 0.05 0.040625
0 0.50078125 0.26328125 0.05625 0.0359375
0 0.78828125 0.75625 0.05625 0.0265625
0 0.75625 0.67734375 0.075 0.0359375
0 0.4890625 0.759375 0.0625 0.0296875
0 0.41328125 0.6953125 0.05625 0.0328125
0 0.48984375 0.71484375 0.075 0.0296875
0 0.51875 0.66328125 0.05625 0.0234375
0 0.525 0.6796875 0.05625 0.0234375
0 0.85390625 0.74296875 0.0625 0.0375
0 0.7953125 0.7296875 0.05625 0.0359375
0 0.5859375 0.71953125 0.05625 0.0296875
0 0.659375 0.9 0.0625 0.028125
0 0.69296875 0.9578125 0.05625 0.0265625
0 0.75234375 0.92734375 0.05 0.034375
0 0.55703125 0.9359375 0.06875 0.028125
0 0.059375 0.81953125 0.06875 0.0296875
0 0.06953125 0.75546875 0.0625 0.0296875
0 0.121875 0.77109375 0.06875 0.028125
0 0.15078125 0.8328125 0.05625 0.0265625
0 0.14921875 0.7921875 0.05 0.04375
0 0.0921875 0.84296875 0.0375 0.028125
0 0.1234375 0.86328125 0.05 0.0296875