0 0.55234375 0.1546875 0.0671875 0.059375
0 0.50703125 0.209375 0.0734375 0.0640625
0 0.6125 0.26875 0.06875 0.075
0 0.59765625 0.3140625 0.05625 0.0515625
0 0.5453125 0.3125 0.0578125 0.0671875
0 0.50625 0.4640625 0.059375 0.0375
0 0.5078125 0.48125 0.075 0.0359375
0 0.51015625 0.50234375 0.0859375 0.0390625
0 0.53125 0.52265625 0.05 0.0390625
0 0.5015625 0.534375 0.0546875 0.0390625
0 0.4484375 0.47734375 0.059375 0.0375
0 0.43515625 0.525 0.0453125 0.046875
0 0.353125 0.49375 0.05 0.0421875
0 0.36171875 0.509375 0.0609375 0.0484375
0 0.35703125 0.55078125 0.0515625 0.046875
0 0.45546875 0.57890625 0.04375 0.0421875
0 0.55078125 0.56328125 0.04375 0.0390625
0 0.55078125 0.58828125 0.05 0.0359375
0 0.521875 0.6109375 0.05 0.0390625
0 0.51953125 0.63671875 0.05 0.0421875
0 0.49453125 0.66796875 0.05 0.0359375
0 0.47578125 0.7046875 0.0609375 0.059375
0 0.653125 0.57421875 0.05625 0.0546875
0 0.55234375 0.6859375 0.0546875 0.0421875
0 0.59296875 0.69609375 0.0546875 0.0390625
0 0.64921875 0.53671875 0.08125 0.0453125
0 0.42421875 0.73046875 0.04375 0.0421875
0 0.40078125 0.75390625 0.0453125 0.046875
0 0.37734375 0.73359375 0.04375 0.0421875
0 0.43125 0.809375 0.05625 0.0515625
0 0.33828125 0.83046875 0.0609375 0.059375