0 0.15859375 0.5390625 0.078125 0.1
0 0.19921875 0.19921875 0.0515625 0.075
0 0.815625 0.0640625 0.084375 0.1234375
0 0.765625 0.05703125 0.046875 0.0640625
0 0.6625 0.07734375 0.0609375 0.0796875
0 0.48515625 0.14921875 0.0609375 0.0796875
0 0.52578125 0.20625 0.05625 0.0984375
0 0.92421875 0.25546875 0.0640625 0.1390625
0 0.9359375 0.321875 0.075 0.146875
0 0.7390625 0.27421875 0.08125 0.0953125
0 0.81328125 0.40234375 0.0875 0.1078125
0 0.5625 0.35 0.0796875 0.0890625
0 0.88359375 0.30625 0.0765625 0.08125
0 0.8078125 0.21484375 0.04375 0.0671875
0 0.63125 0.22734375 0.05 0.06875
0 0.72265625 0.1359375 0.059375 0.06875
0 0.68203125 0.171875 0.0609375 0.075
0 0.9046875 0.4578125 0.0671875 0.10625
0 0.74609375 0.47109375 0.0609375 0.1109375
0 0.653125 0.4046875 0.0515625 0.0859375
0 0.69140625 0.45625 0.084375 0.1078125
0 0.57421875 0.47734375 0.0734375 0.1234375
0 0.48125 0.484375 0.084375 0.128125
0 0.48984375 0.24296875 0.0421875 0.05625
0 0.45 0.496875 0.0546875 0.0859375
0 0.40546875 0.4453125 0.0796875 0.0828125
0 0.26953125 0.59453125 0.0765625 0.08125
0 0.38125 0.55078125 0.06875 0.0875
0 0.40625 0.61796875 0.0796875 0.0890625
0 0.27421875 0.32109375 0.040625 0.0625
0 0.309375 0.45234375 0.040625 0.0625
0 0.1828125 0.65703125 0.1 0.109375
0 0.175 0.79609375 0.046875 0.0640625
0 0.1046875 0.64765625 0.0390625 0.04375
0 0.11640625 0.62265625 0.0453125 0.0578125
0 0.12734375 0.92734375 0.0421875 0.078125
0 0.30078125 0.88828125 0.05 0.096875
0 0.2328125 0.775 0.0484375 0.1140625
0 0.846875 0.475 0.078125 0.09375
0 0.88203125 0.65078125 0.078125 0.1
0 0.753125 0.58828125 0.06875 0.0875