0 0.00703125 0.78359375 0.0140625 0.0640625
0 0.07109375 0.81953125 0.0375 0.0578125
0 0.04453125 0.76484375 0.0453125 0.075
0 0.0859375 0.85703125 0.04375 0.075
0 0.0125 0.85390625 0.025 0.0765625
0 0.32890625 0.8046875 0.046875 0.0640625
0 0.340625 0.87890625 0.0453125 0.0578125
0 0.2546875 0.52578125 0.0578125 0.0703125
0 0.2578125 0.746875 0.040625 0.0578125
0 0.2734375 0.7171875 0.0484375 0.059375
0 0.2796875 0.75078125 0.0484375 0.059375
0 0.42578125 0.74375 0.046875 0.0640625
0 0.39765625 0.7046875 0.0546875 0.0703125
0 0.31171875 0.61796875 0.05 0.065625
0 0.309375 0.58515625 0.04375 0.0640625
0 0.52578125 0.71484375 0.0578125 0.0703125
0 0.5 0.678125 0.053125 0.0703125
0 0.58671875 0.7859375 0.040625 0.0515625
0 0.69140625 0.64375 0.04375 0.06875
0 0.396875 0.6078125 0.04375 0.06875
0 0.35859375 0.60625 0.0328125 0.05625
0 0.2625 0.325 0.046875 0.0640625
0 0.3 0.33359375 0.0515625 0.0796875
0 0.43671875 0.484375 0.046875 0.06875
0 0.428125 0.5265625 0.05625 0.059375
0 0.6953125 0.40703125 0.0484375 0.059375
0 0.7671875 0.2515625 0.04375 0.046875
0 0.7765625 0.21796875 0.0453125 0.053125
0 0.67265625 0.43515625 0.0484375 0.059375
0 0.61328125 0.353125 0.05 0.065625
0 0.55625 0.4203125 0.0453125 0.053125
0 0.440625 0.40234375 0.0546875 0.0546875
0 0.4671875 0.35234375 0.05 0.065625
0 0.55703125 0.33984375 0.046875 0.0640625
0 0.60078125 0.2765625 0.046875 0.0640625
0 0.3890625 0.271875 0.04375 0.06875
0 0.45234375 0.171875 0.046875 0.0640625
0 0.4625 0.26015625 0.05 0.065625
0 0.5453125 0.20234375 0.053125 0.065625
0 0.74296875 0.0703125 0.0390625 0.0671875
0 0.6 0.03125 0.046875 0.0484375
0 0.43359375 0.0421875 0.05625 0.059375
0 0.43515625 0.0203125 0.0515625 0.040625
0 0.3375 0.3125 0.046875 0.0484375
0 0.35859375 0.33515625 0.0625 0.0671875
0 0.2875 0.0578125 0.046875 0.0484375
0 0.3046875 0.03359375 0.0453125 0.0578125
0 0.31953125 0.0234375 0.0421875 0.046875
0 0.3421875 0.084375 0.0453125 0.053125
0 0.48125 0.20625 0.04375 0.046875