0 0.8328125 0.5859375 0.090625 0.1078125
0 0.6734375 0.88828125 0.0609375 0.0796875
0 0.04921875 0.79375 0.0984375 0.13125
0 0.09375 0.81796875 0.0546875 0.0671875
0 0.196875 0.8359375 0.071875 0.0875
0 0.38828125 0.8328125 0.071875 0.0875
0 0.3703125 0.765625 0.0703125 0.103125
0 0.02890625 0.57578125 0.0578125 0.1421875
0 0.03828125 0.50859375 0.0765625 0.1515625
0 0.19609375 0.625 0.090625 0.103125
0 0.17265625 0.47890625 0.1015625 0.115625
0 0.3875 0.61796875 0.090625 0.096875
0 0.07265625 0.54296875 0.0859375 0.090625
0 0.11015625 0.65625 0.053125 0.071875
0 0.2796875 0.70703125 0.059375 0.0734375
0 0.16171875 0.76015625 0.06875 0.0765625
0 0.2125 0.740625 0.0703125 0.08125
0 0.10703125 0.39453125 0.08125 0.1109375
0 0.26015625 0.4390625 0.0765625 0.115625
0 0.32265625 0.534375 0.0640625 0.090625
0 0.30625 0.47265625 0.096875 0.115625
0 0.421875 0.49453125 0.0890625 0.1296875
0 0.5125 0.52109375 0.1 0.1375
0 0.4171875 0.74375 0.05 0.0609375
0 0.5453125 0.52109375 0.0671875 0.0921875
0 0.56875 0.584375 0.0890625 0.0921875
0 0.74921875 0.49375 0.0859375 0.090625
0 0.62890625 0.4953125 0.0796875 0.0953125
0 0.6296875 0.4234375 0.090625 0.096875
0 0.64609375 0.74765625 0.046875 0.065625
0 0.6609375 0.6125 0.046875 0.065625
0 0.85234375 0.4671875 0.1140625 0.11875
0 0.909375 0.340625 0.0546875 0.0671875
0 0.921875 0.50390625 0.0421875 0.0484375
0 0.90234375 0.52265625 0.053125 0.0609375
0 0.9875 0.234375 0.025 0.08125
0 0.82578125 0.20859375 0.0640625 0.1015625
0 0.84765625 0.3390625 0.065625 0.1171875
0 0.1671875 0.3984375 0.0890625 0.1015625
0 0.19765625 0.22265625 0.090625 0.1078125
0 0.2953125 0.32734375 0.0796875 0.0953125