0 0.21171875 0.24609375 0.0328125 0.0421875
0 0.246875 0.20859375 0.0328125 0.0421875
0 0.184375 0.2046875 0.0328125 0.0421875
0 0.2140625 0.2125 0.0328125 0.0421875
0 0.27890625 0.56015625 0.0328125 0.0421875
0 0.2609375 0.5296875 0.0328125 0.0421875
0 0.22890625 0.5390625 0.0328125 0.0421875
0 0.21328125 0.440625 0.0328125 0.0421875
0 0.071875 0.38046875 0.0328125 0.0421875
0 0.84765625 0.6796875 0.0328125 0.0421875
0 0.8765625 0.82109375 0.0328125 0.0421875
0 0.35078125 0.52109375 0.034375 0.0484375
0 0.55546875 0.87734375 0.0296875 0.0421875
0 0.65625 0.7671875 0.040625 0.0484375
0 0.66328125 0.66328125 0.0359375 0.0421875
0 0.60546875 0.85703125 0.025 0.0359375
0 0.5015625 0.41328125 0.028125 0.0359375
0 0.45859375 0.4 0.0328125 0.0421875
0 0.31796875 0.4640625 0.034375 0.0484375
0 0.43671875 0.5890625 0.0296875 0.046875
0 0.35390625 0.49296875 0.025 0.0359375
0 0.46796875 0.5765625 0.0296875 0.0421875
0 0.32421875 0.32421875 0.028125 0.0359375
0 0.2703125 0.29453125 0.0296875 0.0421875
0 0.36953125 0.571875 0.0296875 0.0421875
0 0.334375 0.52578125 0.0359375 0.0421875
0 0.14375 0.4796875 0.028125 0.0359375
0 0.09765625 0.440625 0.0265625 0.046875
0 0.16328125 0.29921875 0.034375 0.0484375
0 0.20078125 0.32265625 0.0296875 0.046875
0 0.25 0.29375 0.025 0.0359375
0 0.3734375 0.30703125 0.0375 0.0484375
0 0.2078125 0.3796875 0.028125 0.0296875
0 0.378125 0.4484375 0.0328125 0.0421875
0 0.7828125 0.67421875 0.034375 0.0484375
0 0.521875 0.578125 0.0296875 0.046875
0 0.625 0.77109375 0.0375 0.0484375
0 0.48828125 0.3734375 0.0265625 0.0421875