0 0.303125 0.3203125 0.0375 0.0484375
0 0.31796875 0.33984375 0.0375 0.0484375
0 0.2859375 0.278125 0.034375 0.0375
0 0.38359375 0.5109375 0.0328125 0.0421875
0 0.34921875 0.5125 0.040625 0.0484375
0 0.32890625 0.41640625 0.0359375 0.04375
0 0.64765625 0.228125 0.0453125 0.0546875
0 0.39921875 0.88359375 0.0359375 0.059375
0 0.465625 0.7046875 0.040625 0.0640625
0 0.36328125 0.63203125 0.034375 0.0484375
0 0.4078125 0.515625 0.0484375 0.05625
0 0.375 0.36171875 0.0359375 0.059375
0 0.36875 0.9 0.0375 0.0484375
0 0.740625 0.36640625 0.03125 0.0375
0 0.63671875 0.11171875 0.0375 0.0484375
0 0.71875 0.25859375 0.0453125 0.0546875
0 0.6890625 0.27265625 0.040625 0.0484375
0 0.63828125 0.30390625 0.05625 0.0578125
0 0.40546875 0.584375 0.034375 0.0484375
0 0.496875 0.6109375 0.0328125 0.0421875
0 0.371875 0.68359375 0.040625 0.0484375
0 0.43125 0.7484375 0.0375 0.053125
0 0.3890625 0.76796875 0.0328125 0.0421875
0 0.5078125 0.490625 0.0453125 0.0546875
0 0.7328125 0.3890625 0.0484375 0.05625
0 0.38359375 0.9625 0.0390625 0.04375
0 0.46875 0.51875 0.0390625 0.059375
0 0.37109375 0.8671875 0.0375 0.0484375
0 0.35390625 0.54609375 0.046875 0.05
0 0.52109375 0.4203125 0.0453125 0.0546875
0 0.684375 0.36875 0.0328125 0.0421875
0 0.3890625 0.7375 0.028125 0.0359375