0 0.1234375 0.32265625 0.0375 0.0546875
0 0.3328125 0.35546875 0.046875 0.0546875
0 0.27265625 0.2375 0.0515625 0.05
0 0.47109375 0.71015625 0.0484375 0.065625
0 0.44375 0.69140625 0.04375 0.071875
0 0.5328125 0.5625 0.0328125 0.0546875
0 0.52578125 0.51875 0.0328125 0.0546875
0 0.40703125 0.565625 0.0296875 0.059375
0 0.4015625 0.60390625 0.040625 0.05
0 0.7328125 0.4671875 0.0328125 0.05
0 0.61484375 0.58203125 0.0359375 0.0609375
0 0.72890625 0.58984375 0.0265625 0.0546875
0 0.72578125 0.6421875 0.0328125 0.05
0 0.6125 0.13671875 0.0328125 0.04375
0 0.61796875 0.171875 0.028125 0.05
0 0.6109375 0.196875 0.0359375 0.04375
0 0.41484375 0.0515625 0.04375 0.0609375
0 0.34765625 0.0734375 0.040625 0.0609375
0 0.7625 0.503125 0.0453125 0.0609375
0 0.3609375 0.0359375 0.0296875 0.0390625
0 0.39140625 0.028125 0.01953125 0.02265625