0 0.36953125 0.1390625 0.05 0.1046875
0 0.34453125 0.15234375 0.0453125 0.078125
0 0.28046875 0.07109375 0.04375 0.06875
0 0.47421875 0.53671875 0.0828125 0.0640625
0 0.590625 0.5328125 0.06875 0.1046875
0 0.35625 0.2984375 0.05625 0.0734375
0 0.42578125 0.2546875 0.0453125 0.0734375
0 0.171875 0.16328125 0.0765625 0.1
0 0.2890625 0.25703125 0.05625 0.06875
0 0.44375 0.32890625 0.0453125 0.078125
0 0.38359375 0.44453125 0.159375 0.134375
0 0.3890625 0.403125 0.0765625 0.0796875
0 0.49765625 0.384375 0.065625 0.1109375
0 0.734375 0.571875 0.0609375 0.1109375
0 0.6421875 0.53359375 0.0734375 0.1
0 0.63046875 0.47734375 0.0515625 0.06875
0 0.65546875 0.46640625 0.040625 0.0578125
0 0.84140625 0.2640625 0.0484375 0.0890625
0 0.6203125 0.221875 0.0484375 0.0734375
0 0.61875 0.29765625 0.05625 0.0890625
0 0.63203125 0.4 0.04375 0.06875
0 0.71328125 0.2546875 0.040625 0.0734375
0 0.62890625 0.35859375 0.0484375 0.059375
0 0.68203125 0.4140625 0.053125 0.0796875
0 0.8625 0.92578125 0.053125 0.084375
0 0.9140625 0.85703125 0.053125 0.084375
0 0.2640625 0.1703125 0.0671875 0.059375