0 0.6375 0.14609375 0.0421875 0.046875
0 0.7015625 0.36640625 0.040625 0.053125
0 0.5328125 0.21484375 0.0390625 0.0421875
0 0.56015625 0.20546875 0.0328125 0.0359375
0 0.621875 0.2421875 0.03125 0.040625
0 0.65 0.2671875 0.034375 0.040625
0 0.49765625 0.38671875 0.0390625 0.0421875
0 0.53828125 0.33203125 0.0421875 0.046875
0 0.53984375 0.303125 0.0484375 0.04375
0 0.5828125 0.50703125 0.034375 0.0453125
0 0.5703125 0.5234375 0.034375 0.040625
0 0.609375 0.56484375 0.0484375 0.059375
0 0.559375 0.57578125 0.0421875 0.046875
0 0.59296875 0.63984375 0.034375 0.040625
0 0.53515625 0.42265625 0.0421875 0.046875
0 0.596875 0.59140625 0.0453125 0.04375