0 0.51796875 0.32109375 0.053125 0.103125
0 0.45078125 0.32890625 0.0515625 0.0984375
0 0.3703125 0.371875 0.0484375 0.06875
0 0.30703125 0.23515625 0.04375 0.0734375
0 0.25625 0.225 0.05 0.075
0 0.171875 0.26015625 0.05625 0.0921875
0 0.58984375 0.44296875 0.0484375 0.06875
0 0.64140625 0.3375 0.0640625 0.0890625
0 0.46171875 0.02890625 0.0484375 0.0578125
0 0.28828125 0.03046875 0.0640625 0.0609375
0 0.3171875 0.37578125 0.05 0.075
0 0.446875 0.1359375 0.05625 0.0828125
0 0.59765625 0.52109375 0.0453125 0.0671875
0 0.59921875 0.55859375 0.0390625 0.0671875
0 0.60078125 0.65390625 0.040625 0.0671875
0 0.44140625 0.46171875 0.0359375 0.0546875
0 0.40546875 0.4546875 0.0390625 0.0546875
0 0.5328125 0.484375 0.040625 0.05
0 0.5703125 0.37265625 0.0421875 0.059375
0 0.403125 0.58984375 0.040625 0.0609375
0 0.6203125 0.2921875 0.0546875 0.05625
0 0.59609375 0.72265625 0.0421875 0.0671875
0 0.353125 0.08984375 0.05625 0.06875
0 0.23984375 0.040625 0.0546875 0.0703125
0 0.215625 0.1078125 0.046875 0.0625
0 0.29921875 0.43828125 0.0484375 0.05625
0 0.26875 0.44765625 0.046875 0.0625
0 0.68515625 0.8390625 0.0375 0.0609375
0 0.61484375 0.78984375 0.05 0.08125
0 0.7546875 0.54765625 0.040625 0.0671875
0 0.71015625 0.459375 0.04375 0.0625
0 0.71171875 0.53828125 0.0453125 0.0796875
0 0.65546875 0.55546875 0.034375 0.059375
0 0.66953125 0.56484375 0.034375 0.0578125
0 0.65703125 0.89921875 0.0484375 0.06875
0 0.65703125 0.8390625 0.046875 0.0625
0 0.69453125 0.6328125 0.0390625 0.0609375
0 0.85390625 0.7453125 0.0390625 0.0671875
0 0.903125 0.790625 0.0375 0.0609375
0 0.859375 0.84140625 0.0421875 0.05625
0 0.9125 0.65390625 0.040625 0.071875
0 0.9109375 0.1421875 0.04375 0.071875
0 0.84609375 0.13828125 0.040625 0.0671875
0 0.84921875 0.1921875 0.040625 0.071875
0 0.903125 0.23515625 0.0375 0.0609375
0 0.8640625 0.22421875 0.0515625 0.05625
0 0.92578125 0.1796875 0.0375 0.0421875
0 0.93828125 0.21484375 0.0390625 0.0546875