0 0.12109375 0.1765625 0.0390625 0.0546875
0 0.12578125 0.02421875 0.0390625 0.0484375
0 0.1625 0.41640625 0.040625 0.0546875
0 0.13203125 0.12109375 0.034375 0.0484375
0 0.16875 0.0671875 0.046875 0.0609375
0 0.56484375 0.09140625 0.0421875 0.05
0 0.48125 0.128125 0.0421875 0.05
0 0.44765625 0.1375 0.0390625 0.05
0 0.65 0.5265625 0.0421875 0.05
0 0.34453125 0.83125 0.0359375 0.0484375
0 0.56328125 0.96015625 0.0453125 0.05
0 0.4984375 0.4578125 0.0359375 0.0484375
0 0.43671875 0.44375 0.0390625 0.05
0 0.640625 0.41484375 0.046875 0.05625
0 0.775 0.4484375 0.0453125 0.05
0 0.62734375 0.32734375 0.0453125 0.0546875
0 0.64453125 0.18828125 0.0453125 0.05
0 0.9859375 0.321875 0.028125 0.065625
0 0.99296875 0.35234375 0.0140625 0.0515625
0 0.6703125 0.35390625 0.0296875 0.04375
0 0.678125 0.32578125 0.0359375 0.0484375
0 0.7953125 0.2875 0.0375 0.0546875
0 0.84921875 0.3140625 0.04375 0.0609375
0 0.734375 0.29375 0.05 0.0515625
0 0.7296875 0.26640625 0.046875 0.046875
0 0.728125 0.18828125 0.04375 0.05625
0 0.775 0.22109375 0.0390625 0.053125
0 0.5359375 0.13203125 0.034375 0.0421875
0 0.53984375 0.10234375 0.0421875 0.05
0 0.38828125 0.29765625 0.0484375 0.0625
0 0.6984375 0.1640625 0.0484375 0.0671875
0 0.29296875 0.36796875 0.0296875 0.04375
0 0.1984375 0.53671875 0.040625 0.0546875
0 0.3109375 0.4734375 0.0375 0.0453125
0 0.41953125 0.10546875 0.0375 0.0546875
0 0.05703125 0.27421875 0.0375 0.0453125
0 0.228125 0.903125 0.0359375 0.0546875