0 0.49921875 0.3203125 0.0421875 0.1015625
0 0.43359375 0.33515625 0.0421875 0.0953125
0 0.3578125 0.3859375 0.0421875 0.065625
0 0.28046875 0.25703125 0.0359375 0.0703125
0 0.22890625 0.2515625 0.0421875 0.071875
0 0.1484375 0.29609375 0.0484375 0.090625
0 0.5828125 0.434375 0.0421875 0.065625
0 0.6234375 0.3234375 0.05625 0.084375
0 0.41171875 0.03125 0.0421875 0.0625
0 0.2390625 0.04140625 0.05625 0.0828125
0 0.30546875 0.3953125 0.0421875 0.071875
0 0.409375 0.14296875 0.05 0.078125
0 0.59921875 0.51015625 0.0390625 0.0640625
0 0.6046875 0.54765625 0.0328125 0.0640625
0 0.61640625 0.64296875 0.0359375 0.0640625
0 0.43828125 0.46796875 0.03125 0.0515625
0 0.4015625 0.46484375 0.034375 0.0515625
0 0.53125 0.48125 0.0359375 0.0453125
0 0.55625 0.36640625 0.0375 0.0578125
0 0.41328125 0.59921875 0.034375 0.0578125
0 0.59765625 0.28125 0.05 0.053125
0 0.61953125 0.7109375 0.0359375 0.0640625
0 0.3109375 0.1078125 0.0515625 0.065625
0 0.19296875 0.0703125 0.0484375 0.065625
0 0.1765625 0.13984375 0.040625 0.059375
0 0.29375 0.459375 0.04375 0.053125
0 0.26484375 0.471875 0.040625 0.059375
0 0.71953125 0.81796875 0.03125 0.0578125
0 0.64453125 0.77578125 0.0421875 0.078125
0 0.75859375 0.52109375 0.0359375 0.0640625
0 0.7046875 0.4375 0.0375 0.0578125
0 0.7140625 0.51640625 0.0359375 0.0765625
0 0.66015625 0.5390625 0.028125 0.0578125
0 0.675 0.546875 0.028125 0.0578125
0 0.69765625 0.88046875 0.0421875 0.065625
0 0.69140625 0.82109375 0.040625 0.059375
0 0.70703125 0.6125 0.034375 0.0578125
0 0.87734375 0.70703125 0.0328125 0.0640625
0 0.93125 0.746875 0.03125 0.0578125
0 0.89296875 0.80234375 0.0375 0.0515625
0 0.92578125 0.61015625 0.0328125 0.0703125
0 0.87109375 0.1015625 0.0359375 0.0703125
0 0.80625 0.10390625 0.0359375 0.0640625
0 0.81484375 0.1578125 0.0328125 0.0703125
0 0.8734375 0.19453125 0.03125 0.0578125
0 0.8328125 0.1875 0.046875 0.053125
0 0.88984375 0.1375 0.0328125 0.0390625
0 0.90625 0.1703125 0.034375 0.0515625