0 0.12265625 0.56953125 0.075 0.1046875
0 0.22890625 0.9265625 0.0734375 0.1
0 0.22109375 0.778125 0.06875 0.0921875
0 0.32265625 0.875 0.0625 0.08125
0 0.19921875 0.60234375 0.0875 0.103125
0 0.19140625 0.665625 0.0671875 0.0765625
0 0.25625 0.57265625 0.059375 0.0796875
0 0.19140625 0.53984375 0.05 0.078125
0 0.26796875 0.8828125 0.06875 0.0921875
0 0.29921875 0.690625 0.0828125 0.096875
0 0.35234375 0.68984375 0.06875 0.103125
0 0.3015625 0.74609375 0.0625 0.0796875
0 0.39609375 0.73125 0.0765625 0.1234375
0 0.41484375 0.6375 0.059375 0.06875
0 0.4296875 0.6 0.0734375 0.1
0 0.43515625 0.74296875 0.065625 0.0703125
0 0.48203125 0.74375 0.05625 0.0890625
0 0.53671875 0.4484375 0.0875 0.109375
0 0.48984375 0.50859375 0.0765625 0.115625
0 0.4625 0.54296875 0.084375 0.1015625
0 0.49921875 0.64765625 0.06875 0.1140625
0 0.44296875 0.6765625 0.0921875 0.1046875
0 0.2296875 0.67421875 0.0578125 0.075
0 0.55390625 0.5109375 0.05 0.065625
0 0.48515625 0.20546875 0.075 0.0890625
0 0.44296875 0.1953125 0.06875 0.0828125
0 0.87890625 0.16015625 0.0859375 0.1515625
0 0.7859375 0.03203125 0.078125 0.0640625
0 0.728125 0.1921875 0.0859375 0.0984375
0 0.72265625 0.38359375 0.0578125 0.1015625
0 0.44296875 0.8671875 0.0640625 0.075
0 0.88671875 0.30234375 0.0734375 0.1