0 0.4390625 0.56875 0.1421875 0.125
0 0.38125 0.70078125 0.1171875 0.090625
0 0.3546875 0.57890625 0.1109375 0.090625
0 0.4671875 0.39921875 0.1 0.08125
0 0.31953125 0.76953125 0.109375 0.0828125
0 0.27109375 0.83515625 0.1234375 0.0875
0 0.21796875 0.903125 0.1015625 0.09375
0 0.546875 0.18984375 0.0828125 0.0734375
0 0.5703125 0.309375 0.11875 0.1015625
0 0.503125 0.47890625 0.1234375 0.090625
0 0.52734375 0.42578125 0.1140625 0.06875
0 0.40859375 0.41484375 0.0890625 0.0921875
0 0.11953125 0.92734375 0.0921875 0.0640625
0 0.61328125 0.19765625 0.1171875 0.090625
0 0.1203125 0.96640625 0.078125 0.0671875