0 0.23046875 0.76796875 0.0421875 0.0484375
0 0.26171875 0.540625 0.0390625 0.0515625
0 0.35390625 0.746875 0.0375 0.040625
0 0.325 0.74453125 0.0328125 0.0359375
0 0.28359375 0.68671875 0.0296875 0.0390625
0 0.26875 0.6515625 0.0328125 0.040625
0 0.45546875 0.6046875 0.0375 0.040625
0 0.396875 0.6375 0.0421875 0.0484375
0 0.38359375 0.66328125 0.0484375 0.04375
0 0.42734375 0.459375 0.034375 0.046875
0 0.4453125 0.45 0.0328125 0.040625
0 0.4265625 0.396875 0.0484375 0.0578125
0 0.4765625 0.40625 0.0421875 0.0484375
0 0.471875 0.334375 0.0328125 0.040625
0 0.43671875 0.55625 0.0421875 0.0484375
0 0.44921875 0.37734375 0.0453125 0.0421875