0 0.31796875 0.78828125 0.0640625 0.0421875
0 0.20625 0.725 0.0484375 0.034375
0 0.5015625 0.7328125 0.0578125 0.046875
0 0.58828125 0.84140625 0.05625 0.04375
0 0.65 0.82734375 0.0484375 0.034375
0 0.56015625 0.96328125 0.05 0.0375
0 0.696875 0.915625 0.05 0.0375
0 0.6953125 0.771875 0.05625 0.04375
0 0.746875 0.83671875 0.0546875 0.0359375
0 0.71953125 0.7203125 0.0546875 0.0390625
0 0.8359375 0.8546875 0.0609375 0.0453125
0 0.82734375 0.84375 0.05 0.0375
0 0.8171875 0.65859375 0.0625 0.0484375
0 0.76796875 0.8234375 0.0546875 0.0359375
0 0.72578125 0.65 0.0546875 0.0359375
0 0.75390625 0.70859375 0.05 0.0421875
0 0.79375 0.76640625 0.04375 0.040625
0 0.84296875 0.74765625 0.0546875 0.0390625
0 0.8125 0.71171875 0.05625 0.04375
0 0.85546875 0.68515625 0.0484375 0.034375
0 0.85 0.696875 0.04375 0.0359375
0 0.82421875 0.60859375 0.05 0.0375
0 0.790625 0.5953125 0.0421875 0.0328125
0 0.83828125 0.53984375 0.0546875 0.0359375
0 0.8359375 0.5609375 0.0484375 0.034375
0 0.809375 0.4953125 0.0421875 0.0328125
0 0.73125 0.58359375 0.0546875 0.0359375
0 0.73125 0.61875 0.0484375 0.03125
0 0.7390625 0.515625 0.0484375 0.034375
0 0.703125 0.478125 0.0484375 0.03125
0 0.68203125 0.4375 0.0421875 0.0328125
0 0.69453125 0.44609375 0.0484375 0.03125
0 0.690625 0.40390625 0.0640625 0.0421875
0 0.6984375 0.36328125 0.0609375 0.0453125
0 0.5890625 0.3828125 0.0640625 0.0421875
0 0.73359375 0.3015625 0.040625 0.0265625
0 0.70859375 0.2640625 0.053125 0.0328125
0 0.6015625 0.48125 0.059375 0.0375
0 0.64921875 0.52421875 0.0421875 0.0296875
0 0.6875 0.5640625 0.05 0.0375
0 0.65234375 0.55625 0.0421875 0.0328125
0 0.6375 0.3015625 0.04375 0.0359375
0 0.52578125 0.2703125 0.0421875 0.0296875
0 0.48984375 0.29296875 0.05 0.0421875
0 0.36015625 0.5953125 0.05625 0.04375
0 0.60859375 0.575 0.040625 0.0265625
0 0.46796875 0.6875 0.04375 0.0359375
0 0.41328125 0.64453125 0.0484375 0.03125
0 0.4921875 0.47265625 0.053125 0.0296875
0 0.509375 0.496875 0.0421875 0.0296875
0 0.5765625 0.45390625 0.04375 0.0359375
0 0.54765625 0.42109375 0.0484375 0.03125
0 0.5296875 0.42734375 0.0484375 0.03125
0 0.5453125 0.44453125 0.0421875 0.0328125
0 0.55546875 0.584375 0.040625 0.0265625
0 0.52578125 0.57890625 0.0375 0.0296875
0 0.4875 0.61796875 0.0515625 0.0453125
0 0.46796875 0.3671875 0.04375 0.0359375
0 0.3875 0.35 0.04375 0.040625
0 0.48046875 0.5546875 0.05 0.0421875
0 0.42734375 0.565625 0.05 0.0375
0 0.55703125 0.33984375 0.0484375 0.034375
0 0.4734375 0.2421875 0.0390625 0.0359375
0 0.69296875 0.5109375 0.0421875 0.0328125
0 0.63125 0.3484375 0.04375 0.0359375
0 0.7828125 0.384375 0.0484375 0.034375
0 0.809375 0.475 0.04375 0.0359375
0 0.32578125 0.65390625 0.05 0.0421875
0 0.421875 0.6765625 0.0390625 0.0359375
0 0.3984375 0.4734375 0.0375 0.0296875
0 0.4046875 0.40546875 0.0484375 0.034375
0 0.4390625 0.4734375 0.0484375 0.034375
0 0.42734375 0.45234375 0.0375 0.0328125
0 0.37109375 0.5625 0.05 0.0375
0 0.40703125 0.50703125 0.0484375 0.034375
0 0.4515625 0.3296875 0.0390625 0.0359375
0 0.8734375 0.43125 0.0375 0.0296875
0 0.64453125 0.72890625 0.040625 0.0265625
0 0.64453125 0.690625 0.0375 0.0296875
0 0.68203125 0.6890625 0.0421875 0.0296875
0 0.5828125 0.66953125 0.0359375 0.0265625