0 0.33203125 0.37109375 0.0546875 0.0703125
0 0.2015625 0.409375 0.06875 0.084375
0 0.228125 0.503125 0.059375 0.0734375
0 0.27265625 0.34609375 0.05625 0.071875
0 0.47109375 0.4390625 0.0640625 0.075
0 0.4265625 0.43046875 0.053125 0.065625
0 0.31796875 0.47890625 0.0515625 0.05625
0 0.28671875 0.49296875 0.053125 0.065625
0 0.3 0.74921875 0.065625 0.0828125
0 0.38046875 0.65234375 0.0546875 0.084375
0 0.44140625 0.634375 0.0421875 0.0453125
0 0.63203125 0.27265625 0.053125 0.0625
0 0.67421875 0.36171875 0.0578125 0.0671875
0 0.65859375 0.4609375 0.046875 0.0640625
0 0.59140625 0.96484375 0.0546875 0.065625
0 0.57421875 0.925 0.053125 0.0625
0 0.64296875 0.9265625 0.0609375 0.0640625
0 0.61484375 0.715625 0.053125 0.0578125
0 0.58046875 0.73671875 0.0515625 0.0703125
0 0.43359375 0.7515625 0.05 0.065625
0 0.403125 0.709375 0.0609375 0.0640625
0 0.7203125 0.57890625 0.05625 0.0859375
0 0.53359375 0.4484375 0.0640625 0.075
0 0.609375 0.55703125 0.0578125 0.0671875
0 0.56875 0.53359375 0.065625 0.075
0 0.4953125 0.62890625 0.059375 0.0734375
0 0.5078125 0.7890625 0.0484375 0.0703125
0 0.6359375 0.8890625 0.05625 0.0578125
0 0.86328125 0.41953125 0.046875 0.0640625
0 0.5703125 0.6203125 0.0546875 0.0796875