0 0.13828125 0.3796875 0.0390625 0.040625
0 0.2 0.50859375 0.034375 0.0390625
0 0.2015625 0.365625 0.034375 0.034375
0 0.22109375 0.44453125 0.0390625 0.040625
0 0.325 0.36640625 0.040625 0.04375
0 0.3484375 0.28984375 0.0453125 0.0453125
0 0.54375 0.3265625 0.04375 0.04375
0 0.5328125 0.26640625 0.034375 0.0390625
0 0.434375 0.19375 0.0390625 0.040625
0 0.484375 0.97890625 0.040625 0.0421875
0 0.51875 0.959375 0.0390625 0.040625
0 0.60546875 0.9046875 0.0453125 0.0421875
0 0.46875 0.96796875 0.0375 0.0359375
0 0.68671875 0.8765625 0.05 0.0453125
0 0.61484375 0.87421875 0.0375 0.0359375
0 0.57578125 0.88359375 0.034375 0.034375
0 0.72421875 0.89375 0.034375 0.034375
0 0.77265625 0.90625 0.0296875 0.0390625
0 0.53046875 0.90546875 0.05 0.0421875
0 0.61796875 0.846875 0.04375 0.0421875
0 0.57265625 0.8640625 0.05 0.0421875
0 0.30390625 0.48828125 0.0390625 0.040625
0 0.56171875 0.25390625 0.0375 0.0359375
0 0.54765625 0.26484375 0.04375 0.0421875
0 0.59375 0.2640625 0.0375 0.0359375