0 0.43671875 0.4328125 0.1140625 0.1328125
0 0.31015625 0.3640625 0.08125 0.1109375
0 0.434375 0.34765625 0.08125 0.10625
0 0.603125 0.4765625 0.075 0.0953125
0 0.246875 0.296875 0.075 0.10625
0 0.1859375 0.24296875 0.078125 0.1171875
0 0.1234375 0.18359375 0.0859375 0.0953125
0 0.80546875 0.5734375 0.0671875 0.078125
0 0.68359375 0.58671875 0.0921875 0.1109375
0 0.5203125 0.50546875 0.08125 0.1171875
0 0.571875 0.53359375 0.059375 0.1109375
0 0.59296875 0.41640625 0.084375 0.084375
0 0.1078125 0.08359375 0.05625 0.0890625
0 0.79140625 0.63984375 0.08125 0.1109375
0 0.0671875 0.08125 0.0640625 0.0734375