0 0.23359375 0.05078125 0.053125 0.0828125
0 0.35703125 0.64140625 0.0625 0.090625
0 0.3234375 0.43828125 0.053125 0.09375
0 0.4703125 0.43359375 0.05 0.0765625
0 0.5609375 0.9484375 0.05625 0.078125
0 0.48046875 0.79921875 0.05 0.0765625
0 0.50625 0.66171875 0.040625 0.08125
0 0.5109375 0.5390625 0.046875 0.065625
0 0.43359375 0.7484375 0.0578125 0.090625
0 0.41328125 0.853125 0.05 0.0765625
0 0.38046875 0.959375 0.040625 0.046875
0 0.65234375 0.66875 0.053125 0.0671875
0 0.73984375 0.49140625 0.05 0.065625
0 0.6453125 0.60703125 0.04375 0.0640625
0 0.6796875 0.51640625 0.053125 0.078125
0 0.571875 0.4078125 0.0359375 0.0578125
0 0.5671875 0.740625 0.0390625 0.0578125
0 0.57578125 0.70546875 0.04375 0.059375
0 0.465625 0.60859375 0.053125 0.078125
0 0.64453125 0.41875 0.05 0.065625
0 0.67890625 0.40390625 0.05 0.0609375
0 0.7546875 0.0921875 0.053125 0.09375
0 0.60703125 0.26640625 0.04375 0.0640625
0 0.62265625 0.29921875 0.046875 0.065625
0 0.509375 0.34453125 0.046875 0.0765625
0 0.5109375 0.18046875 0.04375 0.0640625
0 0.4765625 0.21015625 0.034375 0.0625
0 0.49140625 0.1953125 0.0484375 0.0546875
0 0.5484375 0.5734375 0.0421875 0.0703125