0 0.109375 0.18984375 0.0375 0.053125
0 0.11015625 0.0375 0.0375 0.0484375
0 0.16015625 0.428125 0.0375 0.053125
0 0.11875 0.13359375 0.034375 0.0484375
0 0.15390625 0.0796875 0.046875 0.0609375
0 0.55 0.08984375 0.040625 0.0484375
0 0.46875 0.1296875 0.040625 0.0484375
0 0.43515625 0.13984375 0.0375 0.0484375
0 0.65078125 0.52109375 0.040625 0.0484375
0 0.35625 0.83671875 0.034375 0.0484375
0 0.5796875 0.9578125 0.04375 0.05
0 0.496875 0.4578125 0.034375 0.0484375
0 0.43515625 0.44609375 0.0375 0.0484375
0 0.6375 0.41015625 0.0453125 0.0546875
0 0.77265625 0.4390625 0.04375 0.05
0 0.62109375 0.32265625 0.0453125 0.0546875
0 0.63359375 0.18359375 0.04375 0.05
0 0.98359375 0.30390625 0.0328125 0.0640625
0 0.99140625 0.334375 0.0171875 0.05
0 0.66484375 0.3484375 0.028125 0.0421875
0 0.671875 0.31953125 0.034375 0.0484375
0 0.7875 0.27734375 0.034375 0.053125
0 0.8421875 0.30234375 0.0421875 0.059375
0 0.72734375 0.28515625 0.046875 0.05
0 0.72109375 0.25859375 0.046875 0.0453125
0 0.7171875 0.18046875 0.0421875 0.0546875
0 0.765625 0.21171875 0.0375 0.053125
0 0.5234375 0.13125 0.0328125 0.0421875
0 0.52578125 0.1015625 0.040625 0.0484375
0 0.38125 0.3015625 0.046875 0.0609375
0 0.68671875 0.1578125 0.046875 0.065625
0 0.28828125 0.375 0.028125 0.0421875
0 0.2 0.54765625 0.0375 0.053125
0 0.309375 0.4796875 0.0359375 0.04375
0 0.40546875 0.10859375 0.034375 0.053125
0 0.05 0.28984375 0.0359375 0.04375
0 0.2421875 0.9125 0.034375 0.053125