0 0.4203125 0.45625 0.034375 0.0453125
0 0.4234375 0.43984375 0.0359375 0.0515625
0 0.47109375 0.4125 0.0296875 0.04375
0 0.4875 0.39921875 0.0359375 0.0515625
0 0.465625 0.565625 0.0390625 0.053125
0 0.59609375 0.58203125 0.034375 0.0453125
0 0.5375 0.4453125 0.03125 0.05
0 0.5671875 0.39765625 0.0296875 0.04375
0 0.675 0.46796875 0.028125 0.0390625
0 0.49609375 0.53125 0.0296875 0.04375
0 0.59921875 0.4609375 0.0328125 0.0453125
0 0.659375 0.56796875 0.0359375 0.040625
0 0.5015625 0.63359375 0.0390625 0.053125
0 0.5140625 0.4875 0.0421875 0.053125
0 0.2421875 0.70078125 0.0375 0.046875
0 0.0734375 0.64765625 0.03125 0.0390625
0 0.07734375 0.6765625 0.034375 0.0515625
0 0.15703125 0.57421875 0.034375 0.0453125
0 0.153125 0.70703125 0.034375 0.0453125
0 0.2 0.78125 0.028125 0.0390625
0 0.278125 0.81953125 0.028125 0.0390625
0 0.33359375 0.775 0.028125 0.0390625
0 0.146875 0.76875 0.0375 0.046875
0 0.15859375 0.63359375 0.034375 0.0453125
0 0.13046875 0.1953125 0.0359375 0.0515625
0 0.10859375 0.2125 0.0390625 0.053125
0 0.13671875 0.24140625 0.0484375 0.0640625
0 0.09375 0.31875 0.03125 0.0484375
0 0.12890625 0.4109375 0.0484375 0.0640625
0 0.23828125 0.7703125 0.0328125 0.0390625
0 0.37421875 0.82734375 0.0234375 0.03125
0 0.4015625 0.834375 0.025 0.0375
0 0.190625 0.9859375 0.040625 0.028125
0 0.22109375 0.9375 0.0390625 0.053125