0 0.11640625 0.490625 0.0515625 0.0828125
0 0.040625 0.65 0.040625 0.0609375
0 0.14921875 0.58828125 0.0484375 0.05
0 0.11484375 0.63515625 0.0375 0.04375
0 0.10078125 0.66015625 0.0453125 0.05
0 0.04921875 0.72109375 0.0328125 0.0390625
0 0.08359375 0.7390625 0.0375 0.04375
0 0.1921875 0.78125 0.0484375 0.05625
0 0.16875 0.82265625 0.0453125 0.05
0 0.2265625 0.778125 0.0453125 0.0609375
0 0.259375 0.5859375 0.0296875 0.071875
0 0.2859375 0.56640625 0.034375 0.065625
0 0.20703125 0.60390625 0.034375 0.0609375
0 0.2921875 0.6078125 0.0375 0.0609375
0 0.23125 0.63828125 0.0296875 0.0546875
0 0.3359375 0.678125 0.034375 0.05
0 0.34609375 0.61953125 0.040625 0.04375
0 0.38359375 0.51015625 0.040625 0.04375
0 0.33828125 0.503125 0.0375 0.0609375
0 0.4734375 0.53359375 0.0453125 0.05
0 0.42421875 0.5671875 0.034375 0.0609375
0 0.3796875 0.60078125 0.0453125 0.05
0 0.46484375 0.60703125 0.034375 0.0546875
0 0.5015625 0.584375 0.040625 0.065625
0 0.484375 0.78984375 0.0375 0.05
0 0.5734375 0.640625 0.0375 0.05
0 0.55625 0.496875 0.0375 0.04375
0 0.96953125 0.83671875 0.0515625 0.071875
0 0.6328125 0.71875 0.0375 0.065625
0 0.8078125 0.653125 0.040625 0.071875
0 0.81640625 0.59296875 0.0375 0.071875
0 0.79375 0.5515625 0.0453125 0.065625
0 0.93671875 0.72734375 0.040625 0.05
0 0.9046875 0.68125 0.0375 0.0546875
0 0.96796875 0.546875 0.0296875 0.0390625
0 0.890625 0.58828125 0.0328125 0.0328125
0 0.96484375 0.43515625 0.0328125 0.04375
0 0.6375 0.54921875 0.04375 0.04375
0 0.7078125 0.428125 0.0515625 0.0671875
0 0.64453125 0.44296875 0.0265625 0.05
0 0.653125 0.4046875 0.0515625 0.05
0 0.84609375 0.40390625 0.0375 0.04375
0 0.7203125 0.3375 0.0296875 0.05
0 0.5265625 0.38203125 0.0328125 0.04375
0 0.7296875 0.296875 0.0484375 0.0453125
0 0.40546875 0.40859375 0.0515625 0.0609375
0 0.39140625 0.3078125 0.040625 0.0546875
0 0.49453125 0.2921875 0.0453125 0.05
0 0.46953125 0.4 0.040625 0.0546875
0 0.52578125 0.1796875 0.0375 0.065625
0 0.32578125 0.41328125 0.0296875 0.0546875
0 0.28125 0.465625 0.040625 0.05
0 0.2203125 0.52109375 0.034375 0.05
0 0.23671875 0.48828125 0.0375 0.05