0 0.2578125 0.38203125 0.0640625 0.0703125
0 0.31640625 0.5703125 0.06875 0.0921875
0 0.38359375 0.60234375 0.0703125 0.0765625
0 0.37578125 0.45546875 0.0828125 0.0953125
0 0.46796875 0.48828125 0.078125 0.0890625
0 0.6203125 0.37421875 0.0609375 0.075
0 0.58359375 0.4890625 0.04375 0.0609375
0 0.6859375 0.66484375 0.046875 0.05625
0 0.63203125 0.64609375 0.05 0.071875
0 0.5828125 0.57890625 0.05 0.071875
0 0.5328125 0.43984375 0.0578125 0.0734375
0 0.6125 0.14609375 0.0515625 0.0625
0 0.67578125 0.2265625 0.0546875 0.0734375
0 0.671875 0.28984375 0.05625 0.084375
0 0.8859375 0.375 0.0546875 0.0734375
0 0.68125 0.12734375 0.06875 0.121875