0 0.3421875 0.715625 0.096875 0.0671875
0 0.16015625 0.75625 0.0890625 0.059375
0 0.09296875 0.6984375 0.0953125 0.0609375
0 0.01796875 0.68359375 0.0359375 0.0515625
0 0.01640625 0.725 0.0328125 0.065625
0 0.59921875 0.6765625 0.0953125 0.0640625
0 0.61015625 0.634375 0.096875 0.0703125
0 0.55234375 0.63828125 0.084375 0.0609375
0 0.534375 0.57421875 0.0859375 0.0671875
0 0.49375 0.59453125 0.078125 0.053125
0 0.45390625 0.59296875 0.0671875 0.053125
0 0.3234375 0.5984375 0.0890625 0.059375
0 0.14375 0.428125 0.0828125 0.0546875
0 0.1578125 0.4015625 0.078125 0.053125
0 0.390625 0.45546875 0.084375 0.0609375
0 0.90859375 0.4984375 0.0734375 0.0515625
0 0.79140625 0.4625 0.0796875 0.059375
0 0.9078125 0.45546875 0.075 0.0609375
0 0.85859375 0.43984375 0.0671875 0.053125
0 0.76796875 0.32890625 0.0796875 0.059375
0 0.6921875 0.33984375 0.078125 0.053125
0 0.73828125 0.26875 0.0890625 0.0625
0 0.6078125 0.234375 0.0734375 0.0546875
0 0.571875 0.18046875 0.071875 0.0484375
0 0.46953125 0.25078125 0.075 0.0640625
0 0.4015625 0.1703125 0.08125 0.065625