0 0.6625 0.28515625 0.0609375 0.0515625
0 0.465625 0.30625 0.0828125 0.053125
0 0.421875 0.365625 0.0671875 0.059375
0 0.5671875 0.38671875 0.0828125 0.06875
0 0.51796875 0.4703125 0.078125 0.065625
0 0.6 0.6421875 0.0671875 0.0484375
0 0.4953125 0.58359375 0.05625 0.034375
0 0.303125 0.65078125 0.0515625 0.0390625
0 0.33125 0.60234375 0.0671875 0.0390625
0 0.40703125 0.56640625 0.0671875 0.0390625
0 0.553125 0.54375 0.0671875 0.0453125
0 0.82578125 0.678125 0.05625 0.0421875
0 0.734375 0.725 0.0671875 0.0421875
0 0.6734375 0.70859375 0.078125 0.04375
0 0.54921875 0.90234375 0.0671875 0.0421875
0 0.83125 0.7484375 0.1171875 0.0484375