0 0.23046875 0.32734375 0.115625 0.11875
0 0.31328125 0.4046875 0.08125 0.103125
0 0.259375 0.4078125 0.1 0.1015625
0 0.353125 0.5109375 0.06875 0.08125
0 0.28828125 0.47578125 0.0625 0.0859375
0 0.3296875 0.4515625 0.0921875 0.1
0 0.30234375 0.3078125 0.09375 0.0953125
0 0.4296875 0.53203125 0.05625 0.065625
0 0.35625 0.5921875 0.0484375 0.0640625
0 0.5875 0.5625 0.034375 0.046875
0 0.49921875 0.5703125 0.0421875 0.0515625
0 0.6171875 0.58359375 0.0375 0.046875
0 0.5625 0.63671875 0.05 0.0578125
0 0.37890625 0.46015625 0.071875 0.0671875