0 0.74296875 0.62109375 0.0671875 0.078125
0 0.68046875 0.60703125 0.0484375 0.0734375
0 0.846875 0.62109375 0.034375 0.05
0 0.853125 0.5828125 0.0390625 0.0609375
0 0.859375 0.54453125 0.034375 0.05
0 0.88671875 0.5671875 0.0296875 0.05
0 0.8890625 0.20390625 0.059375 0.078125
0 0.8453125 0.33671875 0.0421875 0.08125
0 0.90078125 0.3625 0.0453125 0.0765625
0 0.76796875 0.24765625 0.0390625 0.059375
0 0.75 0.23984375 0.0296875 0.0546875
0 0.7875 0.3546875 0.0453125 0.0546875
0 0.60625 0.21171875 0.0484375 0.0609375
0 0.7203125 0.359375 0.0421875 0.065625
0 0.703125 0.109375 0.0484375 0.0609375
0 0.63515625 0.3578125 0.028125 0.04375
0 0.58671875 0.33203125 0.0421875 0.05
0 0.69921875 0.24375 0.028125 0.04375
0 0.7875 0.49375 0.034375 0.059375
0 0.77421875 0.5234375 0.0375 0.04375
0 0.7375 0.465625 0.034375 0.059375
0 0.71640625 0.5203125 0.0453125 0.05
0 0.5703125 0.6328125 0.034375 0.05
0 0.60625 0.46640625 0.0421875 0.065625
0 0.6421875 0.51015625 0.034375 0.0546875
0 0.66328125 0.4953125 0.040625 0.04375
0 0.5625 0.52265625 0.0296875 0.05
0 0.5890625 0.50390625 0.0453125 0.0546875
0 0.57421875 0.4796875 0.0390625 0.05
0 0.51640625 0.48359375 0.0390625 0.071875
0 0.52109375 0.4484375 0.04375 0.04375
0 0.52890625 0.41640625 0.0515625 0.05625
0 0.4921875 0.42109375 0.0453125 0.0546875
0 0.46171875 0.428125 0.034375 0.071875
0 0.4421875 0.4828125 0.0484375 0.0828125
0 0.425 0.421875 0.0640625 0.0609375
0 0.41953125 0.55859375 0.0421875 0.059375
0 0.3515625 0.46796875 0.0421875 0.065625
0 0.40390625 0.67890625 0.0390625 0.071875
0 0.221875 0.7328125 0.0453125 0.0875
0 0.2765625 0.596875 0.034375 0.0546875
0 0.2546875 0.57265625 0.0484375 0.0734375
0 0.18515625 0.48359375 0.0453125 0.059375
0 0.36640625 0.5328125 0.0453125 0.0546875
0 0.3921875 0.61875 0.0484375 0.0609375
0 0.38203125 0.5765625 0.040625 0.04375
0 0.30234375 0.4453125 0.0453125 0.0765625
0 0.2453125 0.48984375 0.0421875 0.05
0 0.18359375 0.40703125 0.0390625 0.071875
0 0.88203125 0.28515625 0.025 0.04375
0 0.52109375 0.328125 0.0484375 0.05625