0 0.29296875 0.5921875 0.046875 0.0296875
0 0.321875 0.5484375 0.0515625 0.03125
0 0.26953125 0.6796875 0.0578125 0.034375
0 0.35625 0.66953125 0.0515625 0.0375
0 0.41953125 0.63828125 0.046875 0.0296875
0 0.2703125 0.49375 0.046875 0.0234375
0 0.38359375 0.48515625 0.0578125 0.03125
0 0.4375 0.4484375 0.046875 0.0265625
0 0.3734375 0.45859375 0.0640625 0.028125
0 0.3109375 0.4625 0.0640625 0.028125
0 0.4484375 0.55078125 0.0578125 0.034375
0 0.37109375 0.51953125 0.0421875 0.0265625
0 0.53515625 0.40625 0.0421875 0.0234375
0 0.39375 0.4140625 0.0515625 0.025
0 0.44765625 0.409375 0.046875 0.0265625
0 0.3703125 0.56015625 0.0359375 0.0234375
0 0.496875 0.43515625 0.0421875 0.0265625
0 0.45546875 0.46015625 0.0359375 0.0296875
0 0.478125 0.46171875 0.046875 0.0296875
0 0.4234375 0.50390625 0.0359375 0.0296875