0 0.253125 0.58203125 0.0328125 0.0453125
0 0.2171875 0.6046875 0.034375 0.05
0 0.38125 0.53515625 0.0296875 0.0546875
0 0.49765625 0.58828125 0.0375 0.0546875
0 0.4609375 0.4375 0.0328125 0.0453125
0 0.54765625 0.28671875 0.0484375 0.05625
0 0.7421875 0.24453125 0.0453125 0.0609375
0 0.8234375 0.7875 0.0328125 0.0453125
0 0.9015625 0.82421875 0.0390625 0.0453125
0 0.92265625 0.61640625 0.03125 0.0296875
0 0.9125 0.63125 0.0375 0.0359375
0 0.17734375 0.81953125 0.0390625 0.0453125
0 0.33359375 0.88671875 0.0390625 0.040625
0 0.234375 0.2421875 0.025 0.0421875
0 0.24375 0.21953125 0.0390625 0.0453125
0 0.12578125 0.4 0.040625 0.0546875
0 0.83515625 0.3109375 0.0328125 0.0390625
0 0.40625 0.259375 0.028125 0.0390625
0 0.2421875 0.08984375 0.0359375 0.0453125
0 0.24609375 0.0640625 0.0359375 0.0453125
0 0.4109375 0.91640625 0.0328125 0.0453125
0 0.36875 0.9078125 0.0375 0.05
0 0.32421875 0.7578125 0.028125 0.0390625
0 0.27265625 0.728125 0.0359375 0.0390625
0 0.8953125 0.7265625 0.0359375 0.0453125