0 0.43671875 0.121875 0.1046875 0.0734375
0 0.078125 0.22109375 0.0984375 0.071875
0 0.2265625 0.21640625 0.09375 0.0671875
0 0.128125 0.31640625 0.08125 0.0625
0 0.403125 0.19765625 0.1015625 0.0859375
0 0.33984375 0.18828125 0.0765625 0.0671875
0 0.43125 0.25546875 0.0796875 0.059375
0 0.465625 0.190625 0.078125 0.05
0 0.12109375 0.2609375 0.09375 0.0671875
0 0.3125 0.29609375 0.096875 0.0796875
0 0.3125 0.34921875 0.103125 0.0671875
0 0.2578125 0.296875 0.08125 0.0625
0 0.2703125 0.3921875 0.1203125 0.0734375
0 0.36328125 0.4125 0.06875 0.059375
0 0.40078125 0.428125 0.0984375 0.071875
0 0.2578125 0.43046875 0.0703125 0.065625
0 0.25703125 0.47734375 0.090625 0.05625
0 0.5515625 0.5375 0.1078125 0.0875
0 0.49140625 0.48984375 0.115625 0.075
0 0.4578125 0.46171875 0.1015625 0.08125
0 0.35234375 0.49609375 0.1140625 0.0671875
0 0.32421875 0.43984375 0.103125 0.0921875
0 0.33046875 0.2265625 0.0734375 0.0578125
0 0.48828125 0.55390625 0.065625 0.05
0 0.79453125 0.490625 0.0890625 0.071875
0 0.80546875 0.4484375 0.08125 0.0671875
0 0.83359375 0.88515625 0.1515625 0.084375
0 0.96484375 0.79375 0.0703125 0.075
0 0.80390625 0.73359375 0.096875 0.084375
0 0.6125 0.725 0.1015625 0.0578125
0 0.134375 0.43671875 0.075 0.0640625
0 0.69140625 0.890625 0.0984375 0.071875
0 0.13203125 0.19375 0.075 0.0625
0 0.3375 0.2578125 0.053125 0.0375
0 0.45625 0.59921875 0.090625 0.0625
0 0.41796875 0.565625 0.06875 0.0578125
0 0.60234375 0.903125 0.075 0.05
0 0.7921875 0.5359375 0.0515625 0.0515625