0 0.25703125 0.37890625 0.0671875 0.078125
0 0.31953125 0.39296875 0.0484375 0.071875
0 0.153125 0.37890625 0.034375 0.05
0 0.146875 0.4171875 0.0375 0.0609375
0 0.140625 0.45546875 0.034375 0.05
0 0.11328125 0.4328125 0.0296875 0.05
0 0.1109375 0.79609375 0.059375 0.078125
0 0.1546875 0.66328125 0.040625 0.0828125
0 0.09921875 0.6375 0.0453125 0.0765625
0 0.23203125 0.75234375 0.0375 0.0609375
0 0.25 0.76015625 0.0296875 0.0546875
0 0.2125 0.6453125 0.0453125 0.0546875
0 0.39375 0.78828125 0.0484375 0.0609375
0 0.2796875 0.640625 0.040625 0.065625
0 0.296875 0.890625 0.0484375 0.0609375
0 0.36484375 0.6421875 0.0296875 0.04375
0 0.41328125 0.66796875 0.040625 0.05
0 0.30078125 0.75625 0.0296875 0.04375
0 0.2125 0.50625 0.034375 0.0609375
0 0.22578125 0.4765625 0.0375 0.04375
0 0.2625 0.534375 0.034375 0.0609375
0 0.28359375 0.4796875 0.0453125 0.05
0 0.4296875 0.3671875 0.034375 0.05
0 0.39375 0.53359375 0.040625 0.065625
0 0.3578125 0.48984375 0.034375 0.0546875
0 0.33671875 0.5046875 0.040625 0.04375
0 0.4375 0.47734375 0.0296875 0.05
0 0.4109375 0.49609375 0.0453125 0.0546875
0 0.42578125 0.5203125 0.0375 0.05
0 0.48359375 0.51640625 0.0375 0.071875
0 0.47890625 0.5515625 0.04375 0.04375
0 0.47109375 0.58359375 0.0515625 0.05625
0 0.5078125 0.57890625 0.0453125 0.0546875
0 0.53828125 0.571875 0.034375 0.071875
0 0.5578125 0.5171875 0.0484375 0.0828125
0 0.575 0.578125 0.0625 0.0609375
0 0.58046875 0.44140625 0.040625 0.0609375
0 0.6484375 0.53203125 0.040625 0.065625
0 0.59609375 0.32109375 0.0375 0.071875
0 0.778125 0.2671875 0.0453125 0.0875
0 0.7234375 0.403125 0.034375 0.0546875
0 0.7453125 0.42734375 0.0484375 0.071875
0 0.81484375 0.51640625 0.0453125 0.0609375
0 0.63359375 0.4671875 0.0453125 0.0546875
0 0.6078125 0.38125 0.0484375 0.0609375
0 0.61796875 0.4234375 0.040625 0.04375
0 0.69765625 0.5546875 0.0453125 0.0765625
0 0.7546875 0.51015625 0.040625 0.05
0 0.81640625 0.59296875 0.0375 0.071875
0 0.11796875 0.71484375 0.0265625 0.04375
0 0.47890625 0.671875 0.0484375 0.05625