0 0.2984375 0.03828125 0.0578125 0.06875
0 0.35078125 0.01484375 0.0421875 0.0296875
0 0.553125 0.28671875 0.0625 0.1015625
0 0.32578125 0.184375 0.053125 0.075
0 0.35390625 0.1640625 0.05 0.0625
0 0.7203125 0.1203125 0.04375 0.0671875
0 0.8234375 0.13125 0.046875 0.05625
0 0.91015625 0.28046875 0.040625 0.0515625
0 0.89453125 0.29921875 0.03125 0.05625
0 0.5921875 0.16328125 0.040625 0.05625
0 0.5015625 0.1578125 0.046875 0.0671875
0 0.4609375 0.16953125 0.0609375 0.0625
0 0.5078125 0.109375 0.046875 0.05625
0 0.48515625 0.2640625 0.053125 0.0625
0 0.34140625 0.30546875 0.0609375 0.075
0 0.434375 0.2609375 0.046875 0.0515625
0 0.503125 0.3609375 0.0578125 0.0578125
0 0.475 0.32109375 0.046875 0.05625
0 0.446875 0.29765625 0.046875 0.05625
0 0.10078125 0.3421875 0.05 0.053125
0 0.55625 0.49765625 0.053125 0.0625
0 0.53515625 0.52890625 0.0578125 0.0625
0 0.86875 0.484375 0.0578125 0.06875
0 0.8375 0.5203125 0.0375 0.078125
0 0.8109375 0.503125 0.040625 0.05625
0 0.784375 0.5171875 0.040625 0.0671875
0 0.95234375 0.93125 0.040625 0.0671875
0 0.940625 0.83515625 0.0359375 0.0625
0 0.7203125 0.721875 0.0609375 0.06875
0 0.68671875 0.48203125 0.059375 0.096875
0 0.690625 0.55078125 0.04375 0.05625
0 0.67109375 0.6375 0.04375 0.05625
0 0.66796875 0.6734375 0.040625 0.0609375
0 0.74296875 0.62265625 0.03125 0.0609375
0 0.746875 0.5265625 0.0359375 0.05625
0 0.571875 0.5859375 0.04375 0.0609375
0 0.4796875 0.71484375 0.040625 0.0671875
0 0.478125 0.62734375 0.0359375 0.05625
0 0.51953125 0.6515625 0.046875 0.05625
0 0.58984375 0.690625 0.040625 0.0609375
0 0.575 0.76953125 0.0703125 0.0796875
0 0.83046875 0.6265625 0.046875 0.0609375
0 0.64453125 0.60078125 0.04375 0.0515625
0 0.61484375 0.64296875 0.040625 0.0609375
0 0.478125 0.47421875 0.0484375 0.0890625
0 0.4484375 0.5140625 0.0359375 0.0734375
0 0.45625 0.396875 0.046875 0.05625
0 0.4171875 0.40234375 0.04375 0.0734375
0 0.3546875 0.4484375 0.046875 0.0734375
0 0.4140625 0.33984375 0.034375 0.0453125
0 0.2359375 0.56796875 0.0546875 0.096875
0 0.24921875 0.41875 0.04375 0.05625
0 0.303125 0.40234375 0.040625 0.0515625
0 0.31015625 0.43828125 0.0484375 0.046875
0 0.41171875 0.89765625 0.046875 0.0671875
0 0.04921875 0.86171875 0.0484375 0.078125
0 0.121875 0.9015625 0.04375 0.0609375
0 0.15703125 0.928125 0.0671875 0.0796875
0 0.321875 0.80546875 0.03125 0.0671875