0 0.66171875 0.84375 0.040625 0.0453125
0 0.71015625 0.61953125 0.0375 0.0515625
0 0.55234375 0.78203125 0.0359375 0.040625
0 0.58046875 0.78984375 0.03125 0.034375
0 0.6390625 0.74921875 0.028125 0.0390625
0 0.665625 0.721875 0.03125 0.0390625
0 0.50546875 0.61328125 0.0359375 0.040625
0 0.55 0.66484375 0.040625 0.0453125
0 0.553125 0.69375 0.046875 0.0421875
0 0.58203125 0.48671875 0.0328125 0.04375
0 0.56875 0.471875 0.03125 0.0390625
0 0.6046875 0.428125 0.0453125 0.05625
0 0.55390625 0.4203125 0.040625 0.0453125
0 0.58359375 0.35390625 0.03125 0.0390625
0 0.540625 0.57421875 0.040625 0.0453125
0 0.58984375 0.4015625 0.0421875 0.040625