0 0.275 0.35703125 0.0296875 0.04375
0 0.29296875 0.3734375 0.0296875 0.04375
0 0.25078125 0.31796875 0.0296875 0.0328125
0 0.38671875 0.53046875 0.0265625 0.0390625
0 0.35390625 0.53828125 0.0328125 0.04375
0 0.3171875 0.44765625 0.0296875 0.0390625
0 0.5984375 0.20625 0.0375 0.05
0 0.4671875 0.8953125 0.028125 0.0546875
0 0.5015625 0.7078125 0.03125 0.059375
0 0.38828125 0.65390625 0.0265625 0.04375
0 0.41171875 0.53125 0.0421875 0.05
0 0.353125 0.3859375 0.028125 0.0546875
0 0.440625 0.9171875 0.0296875 0.04375
0 0.7140625 0.3265625 0.0265625 0.0328125
0 0.5671875 0.09375 0.028125 0.04375
0 0.6734375 0.22421875 0.0375 0.0484375
0 0.646875 0.24296875 0.0328125 0.04375
0 0.60234375 0.2828125 0.0484375 0.0515625
0 0.421875 0.59921875 0.0265625 0.04375
0 0.51640625 0.609375 0.0265625 0.0390625
0 0.40546875 0.703125 0.0328125 0.04375
0 0.475 0.75625 0.03125 0.05
0 0.4375 0.78359375 0.0265625 0.0390625
0 0.50546875 0.4890625 0.0390625 0.05
0 0.709375 0.35078125 0.0421875 0.05
0 0.465625 0.975 0.0328125 0.0390625
0 0.471875 0.5234375 0.03125 0.0546875
0 0.43671875 0.884375 0.0296875 0.04375
0 0.3640625 0.57109375 0.0390625 0.04375
0 0.50703125 0.41796875 0.0390625 0.05
0 0.659375 0.3390625 0.0265625 0.0390625
0 0.43203125 0.753125 0.021875 0.0328125