0 0.9859375 0.809375 0.028125 0.0625
0 0.91171875 0.84140625 0.034375 0.05625
0 0.94140625 0.78828125 0.0421875 0.0734375
0 0.89453125 0.878125 0.040625 0.071875
0 0.97890625 0.87890625 0.0421875 0.0734375
0 0.6546875 0.81328125 0.04375 0.0625
0 0.63984375 0.88671875 0.0421875 0.05625
0 0.74375 0.5390625 0.0546875 0.06875
0 0.72890625 0.759375 0.0390625 0.05625
0 0.71484375 0.72890625 0.0453125 0.0578125
0 0.70625 0.76171875 0.0453125 0.0578125
0 0.56171875 0.74765625 0.04375 0.0625
0 0.59140625 0.709375 0.05 0.06875
0 0.68125 0.628125 0.046875 0.0640625
0 0.6859375 0.5953125 0.040625 0.0625
0 0.4625 0.7125 0.0546875 0.06875
0 0.490625 0.678125 0.05 0.06875
0 0.3984375 0.78125 0.0390625 0.05
0 0.30078125 0.63359375 0.040625 0.0671875
0 0.59765625 0.61328125 0.040625 0.0671875
0 0.63515625 0.6140625 0.0296875 0.0546875
0 0.74609375 0.3375 0.04375 0.0625
0 0.70859375 0.34453125 0.0484375 0.078125
0 0.5640625 0.4875 0.04375 0.0671875
0 0.57109375 0.53046875 0.053125 0.0578125
0 0.31015625 0.396875 0.0453125 0.0578125
0 0.24609375 0.2375 0.0421875 0.0453125
0 0.2390625 0.20390625 0.0421875 0.05
0 0.33125 0.4265625 0.0453125 0.0578125
0 0.39453125 0.34765625 0.046875 0.0640625
0 0.4484375 0.4171875 0.0421875 0.05
0 0.56484375 0.40546875 0.053125 0.0515625
0 0.540625 0.3546875 0.046875 0.0640625
0 0.4515625 0.33671875 0.04375 0.0625
0 0.4109375 0.27109375 0.04375 0.0625
0 0.62265625 0.278125 0.040625 0.0671875
0 0.56484375 0.175 0.04375 0.0625
0 0.55 0.2625 0.046875 0.0640625
0 0.4703125 0.20078125 0.05 0.0640625
0 0.2796875 0.0578125 0.0359375 0.0671875
0 0.42421875 0.0265625 0.0453125 0.046875
0 0.590625 0.046875 0.053125 0.0578125
0 0.58828125 0.021875 0.0484375 0.04375
0 0.671875 0.321875 0.0453125 0.046875
0 0.65 0.34296875 0.059375 0.0640625
0 0.73515625 0.06953125 0.0453125 0.046875
0 0.71953125 0.04375 0.0421875 0.05625
0 0.7046875 0.02890625 0.0390625 0.05625
0 0.6796875 0.09296875 0.0421875 0.05
0 0.534375 0.20703125 0.0421875 0.0453125