0 0.36484375 0.8125 0.0609375 0.0328125
0 0.2453125 0.76796875 0.0453125 0.028125
0 0.53828125 0.7296875 0.053125 0.040625
0 0.640625 0.8234375 0.053125 0.0375
0 0.7 0.8 0.0453125 0.028125
0 0.63203125 0.9484375 0.0453125 0.03125
0 0.759375 0.8796875 0.0453125 0.03125
0 0.7359375 0.7375 0.053125 0.0375
0 0.796875 0.79453125 0.0515625 0.0296875
0 0.9015625 0.9828125 0.0390625 0.025
0 0.7515625 0.68359375 0.0515625 0.0328125
0 0.8875 0.7984375 0.0578125 0.0375
0 0.87734375 0.78828125 0.0453125 0.03125
0 0.83828125 0.60703125 0.0578125 0.040625
0 0.815625 0.778125 0.0515625 0.0296875
0 0.746875 0.6125 0.0515625 0.0296875
0 0.78359375 0.665625 0.046875 0.0359375
0 0.83125 0.7171875 0.040625 0.0359375
0 0.878125 0.690625 0.0515625 0.0328125
0 0.8421875 0.66015625 0.053125 0.0375
0 0.88046875 0.62734375 0.0453125 0.028125
0 0.8765625 0.63984375 0.0390625 0.03125
0 0.83671875 0.55703125 0.0453125 0.03125
0 0.8015625 0.5484375 0.0390625 0.028125
0 0.840625 0.48671875 0.0515625 0.0296875
0 0.84140625 0.5078125 0.0453125 0.028125
0 0.8046875 0.446875 0.0390625 0.028125
0 0.74140625 0.54609375 0.0515625 0.0296875
0 0.746875 0.58125 0.0453125 0.025
0 0.7390625 0.478125 0.0453125 0.028125
0 0.69765625 0.446875 0.0453125 0.025
0 0.6703125 0.41015625 0.0390625 0.028125
0 0.68359375 0.41640625 0.0453125 0.025
0 0.6734375 0.37578125 0.0609375 0.0328125
0 0.67421875 0.334375 0.0578125 0.0375
0 0.56953125 0.3703125 0.0609375 0.0328125
0 0.7 0.2671875 0.0390625 0.021875
0 0.66875 0.234375 0.0515625 0.0265625
0 0.596875 0.465625 0.05625 0.0296875
0 0.6515625 0.50078125 0.0390625 0.025
0 0.6953125 0.53359375 0.0453125 0.03125
0 0.659375 0.53203125 0.0390625 0.028125
0 0.6046875 0.2828125 0.0390625 0.03125
0 0.48984375 0.26953125 0.0390625 0.025
0 0.45703125 0.296875 0.046875 0.0359375
0 0.3765625 0.61640625 0.053125 0.0375
0 0.61875 0.5578125 0.0390625 0.021875
0 0.49765625 0.690625 0.0390625 0.03125
0 0.43671875 0.65625 0.0453125 0.025
0 0.48828125 0.47421875 0.0515625 0.0234375
0 0.509375 0.4953125 0.0390625 0.025
0 0.56875 0.4421875 0.0390625 0.03125
0 0.53515625 0.4140625 0.0453125 0.025
0 0.51796875 0.42421875 0.0453125 0.025
0 0.5359375 0.43828125 0.0390625 0.028125
0 0.56796875 0.575 0.0390625 0.021875
0 0.5375 0.57421875 0.034375 0.025
0 0.50625 0.61796875 0.046875 0.0390625
0 0.44765625 0.37421875 0.0390625 0.03125
0 0.365625 0.36875 0.040625 0.0359375
0 0.48984375 0.55703125 0.046875 0.0359375
0 0.43828125 0.5765625 0.0453125 0.03125
0 0.53125 0.3328125 0.0453125 0.028125
0 0.43359375 0.24921875 0.034375 0.03125
0 0.6921875 0.48046875 0.0390625 0.028125
0 0.60625 0.3296875 0.0390625 0.03125
0 0.76171875 0.34140625 0.0453125 0.028125
0 0.8015625 0.4265625 0.0390625 0.03125
0 0.3515625 0.67890625 0.046875 0.0359375
0 0.45078125 0.6859375 0.034375 0.03125
0 0.39609375 0.4890625 0.034375 0.025
0 0.390625 0.42109375 0.0453125 0.028125
0 0.4359375 0.48359375 0.0453125 0.028125
0 0.42109375 0.4640625 0.034375 0.028125
0 0.38203125 0.58203125 0.0453125 0.03125
0 0.409375 0.52109375 0.0453125 0.028125
0 0.42578125 0.33984375 0.034375 0.03125
0 0.85859375 0.3734375 0.034375 0.025
0 0.678125 0.70390625 0.0390625 0.021875
0 0.67265625 0.665625 0.034375 0.025
0 0.709375 0.6578125 0.0390625 0.025
0 0.6078125 0.6546875 0.034375 0.021875