0 0.66953125 0.290625 0.059375 0.05
0 0.47265625 0.30546875 0.08125 0.05
0 0.4265625 0.36328125 0.065625 0.0578125
0 0.57109375 0.3890625 0.08125 0.065625
0 0.51875 0.47109375 0.0765625 0.0625
0 0.5953125 0.6453125 0.065625 0.046875
0 0.4921875 0.58359375 0.0546875 0.0328125
0 0.29765625 0.64375 0.05 0.0375
0 0.328125 0.59609375 0.065625 0.0375
0 0.4046875 0.56328125 0.065625 0.0375
0 0.5515625 0.5453125 0.065625 0.04375
0 0.81953125 0.6890625 0.0546875 0.040625
0 0.7265625 0.7328125 0.065625 0.040625
0 0.66640625 0.71484375 0.0765625 0.040625
0 0.53515625 0.90390625 0.065625 0.040625
0 0.82265625 0.76015625 0.115625 0.04375