0 0.41640625 0.290625 0.2609375 0.2390625
0 0.26484375 0.55546875 0.18125 0.19375
0 0.203125 0.2015625 0.203125 0.184375
0 0.6078125 0.23125 0.20625 0.159375
0 0.565625 0.11953125 0.209375 0.1765625
0 0.82734375 0.31015625 0.1515625 0.1578125
0 0.6765625 0.3765625 0.159375 0.1359375
0 0.4609375 0.63671875 0.140625 0.178125
0 0.8375 0.4671875 0.2703125 0.2125
0 0.140625 0.78359375 0.0828125 0.1046875
0 0.4109375 0.88671875 0.1078125 0.134375
0 0.346875 0.71015625 0.0796875 0.13125
0 0.76796875 0.084375 0.103125 0.096875
0 0.64140625 0.6328125 0.10625 0.096875
0 0.5671875 0.72421875 0.078125 0.0875
0 0.5671875 0.621875 0.0734375 0.0875
0 0.11015625 0.5734375 0.075 0.1203125