0 0.184375 0.15546875 0.1828125 0.1609375
0 0.18046875 0.35234375 0.1578125 0.278125
0 0.33125 0.43984375 0.1609375 0.159375
0 0.34140625 0.64140625 0.240625 0.2375
0 0.18203125 0.6375 0.1890625 0.2171875
0 0.44140625 0.57578125 0.1484375 0.13125
0 0.5859375 0.634375 0.196875 0.1484375
0 0.84296875 0.6953125 0.271875 0.2296875
0 0.28125 0.8703125 0.1703125 0.209375
0 0.4046875 0.83359375 0.1140625 0.146875
0 0.61015625 0.85078125 0.2671875 0.2984375
0 0.34453125 0.19140625 0.1 0.21875
0 0.43984375 0.23828125 0.1796875 0.325
0 0.09296875 0.5234375 0.115625 0.234375
0 0.4703125 0.44296875 0.1515625 0.209375
0 0.58828125 0.490625 0.175 0.246875