0 0.1125 0.72265625 0.140625 0.165625
0 0.27734375 0.684375 0.1421875 0.1671875
0 0.86015625 0.625 0.121875 0.146875
0 0.30390625 0.36171875 0.1375 0.14375
0 0.1015625 0.36796875 0.175 0.1390625
0 0.6765625 0.4109375 0.0921875 0.16875
0 0.65078125 0.27109375 0.0984375 0.10625
0 0.7109375 0.646875 0.1015625 0.115625
0 0.83515625 0.4984375 0.109375 0.1171875
0 0.79453125 0.38984375 0.103125 0.11875
0 0.371875 0.5421875 0.1015625 0.1171875
0 0.05703125 0.25546875 0.1140625 0.1609375
0 0.1703125 0.26875 0.0953125 0.11875
0 0.84609375 0.27890625 0.096875 0.09375
0 0.571875 0.4765625 0.096875 0.10625
0 0.609375 0.3875 0.0828125 0.096875
0 0.478125 0.56484375 0.0875 0.0828125
0 0.4 0.3125 0.090625 0.09375
0 0.3625 0.65390625 0.128125 0.121875
0 0.18046875 0.69140625 0.071875 0.05625
0 0.30625 0.5890625 0.1140625 0.115625
0 0.6546875 0.66953125 0.065625 0.096875
0 0.6875 0.8203125 0.0703125 0.096875
0 0.5609375 0.23046875 0.0953125 0.0953125
0 0.5515625 0.32578125 0.071875 0.0859375
0 0.49921875 0.38203125 0.0625 0.08125
0 0.5265625 0.43046875 0.071875 0.071875
0 0.5546875 0.40390625 0.0609375 0.0703125
0 0.76875 0.31953125 0.078125 0.0546875
0 0.7453125 0.2578125 0.0828125 0.0734375
0 0.9421875 0.3828125 0.09375 0.115625
0 0.95 0.459375 0.0671875 0.109375