0 0.47421875 0.6921875 0.3015625 0.2125
0 0.4875 0.3296875 0.315625 0.2375
0 0.146875 0.8 0.29375 0.215625
0 0.58671875 0.1484375 0.33125 0.2203125
0 0.490625 0.48359375 0.215625 0.2015625
0 0.67890625 0.7078125 0.14375 0.1171875
0 0.4359375 0.87265625 0.1515625 0.140625
0 0.53828125 0.89609375 0.1046875 0.11875
0 0.61796875 0.865625 0.0953125 0.0828125
0 0.61796875 0.8 0.096875 0.084375
0 0.74453125 0.55078125 0.140625 0.153125
0 0.6578125 0.41328125 0.1515625 0.1796875
0 0.59375 0.53046875 0.10625 0.1234375