0 0.0828125 0.659375 0.11875 0.1484375
0 0.2515625 0.64765625 0.1203125 0.15
0 0.8359375 0.6796875 0.103125 0.1328125
0 0.328125 0.3328125 0.11875 0.1265625
0 0.12734375 0.30703125 0.159375 0.115625
0 0.68828125 0.43984375 0.06875 0.159375
0 0.684375 0.29765625 0.084375 0.09375
0 0.68515625 0.678125 0.0859375 0.103125
0 0.83125 0.55078125 0.09375 0.103125
0 0.8078125 0.4375 0.0875 0.10625
0 0.3671875 0.521875 0.0859375 0.1046875
0 0.090625 0.18828125 0.1125 0.1453125
0 0.21015625 0.2203125 0.0796875 0.1078125
0 0.8765625 0.3359375 0.0859375 0.08125
0 0.575 0.48828125 0.0828125 0.09375
0 0.62578125 0.40625 0.0703125 0.0875
0 0.46796875 0.5609375 0.0765625 0.071875
0 0.43046875 0.29921875 0.078125 0.0828125
0 0.33984375 0.63046875 0.1125 0.10625
0 0.1546875 0.6390625 0.065625 0.046875
0 0.29453125 0.5578125 0.1 0.1015625
0 0.6265625 0.69140625 0.0515625 0.090625
0 0.63515625 0.84609375 0.0578125 0.0890625
0 0.60234375 0.24296875 0.0828125 0.0828125
0 0.578125 0.3359375 0.0609375 0.078125
0 0.51796875 0.38359375 0.0515625 0.0734375
0 0.5375 0.43515625 0.0625 0.0625
0 0.56875 0.41328125 0.0515625 0.0625
0 0.79375 0.3640625 0.071875 0.04375
0 0.78046875 0.29921875 0.0734375 0.0625
0 0.95546875 0.453125 0.078125 0.1046875
0 0.95078125 0.53046875 0.0515625 0.103125