0 0.30703125 0.74921875 0.303125 0.2765625
0 0.74453125 0.5078125 0.2703125 0.3390625
0 0.39140625 0.53125 0.2703125 0.31875
0 0.25078125 0.27890625 0.153125 0.2140625
0 0.184375 0.5359375 0.2015625 0.20625
0 0.45078125 0.184375 0.1515625 0.1453125
0 0.49375 0.3546875 0.1921875 0.1515625
0 0.34765625 0.36796875 0.1171875 0.1734375
0 0.7140625 0.26484375 0.1109375 0.1515625
0 0.81796875 0.33515625 0.1765625 0.1796875
0 0.64765625 0.12578125 0.128125 0.2171875
0 0.78359375 0.11953125 0.18125 0.140625