0 0.4171875 0.4125 0.2859375 0.28125
0 0.49765625 0.56328125 0.140625 0.128125
0 0.5703125 0.68828125 0.140625 0.1578125
0 0.50859375 0.1484375 0.0984375 0.1078125
0 0.54921875 0.04921875 0.0953125 0.0796875
0 0.64609375 0.05625 0.1421875 0.1046875
0 0.59921875 0.134375 0.153125 0.09375
0 0.6953125 0.18984375 0.109375 0.0859375
0 0.846875 0.20234375 0.1328125 0.1265625
0 0.8125 0.06171875 0.221875 0.09375
0 0.74140625 0.31640625 0.1796875 0.1390625
0 0.6125 0.42734375 0.175 0.1828125
0 0.68984375 0.6484375 0.1796875 0.215625
0 0.61171875 0.90390625 0.103125 0.115625
0 0.51796875 0.95859375 0.09375 0.0828125
0 0.73203125 0.825 0.1171875 0.1125