0 0.33203125 0.5796875 0.2234375 0.240625
0 0.66640625 0.77265625 0.21875 0.2453125
0 0.62109375 0.5703125 0.184375 0.1953125
0 0.4140625 0.40546875 0.153125 0.1796875
0 0.3453125 0.13125 0.18125 0.2484375
0 0.715625 0.50859375 0.2171875 0.2640625
0 0.2375 0.11953125 0.21875 0.2390625
0 0.5 0.85390625 0.225 0.271875
0 0.74140625 0.915625 0.1359375 0.1609375
0 0.8625 0.90703125 0.1453125 0.184375
0 0.73828125 0.14453125 0.1890625 0.171875
0 0.43125 0.76953125 0.0890625 0.1296875
0 0.42734375 0.62578125 0.0921875 0.1578125
0 0.284375 0.40234375 0.1125 0.1265625
0 0.359375 0.41171875 0.1015625 0.1515625
0 0.30390625 0.21484375 0.159375 0.20625