0 0.47890625 0.30703125 0.2765625 0.159375
0 0.55390625 0.6625 0.2859375 0.1828125
0 0.778125 0.12109375 0.284375 0.1609375
0 0.50078125 0.86171875 0.3078125 0.1609375
0 0.5125 0.5140625 0.1859375 0.1671875
0 0.27578125 0.34140625 0.128125 0.0921875
0 0.47265625 0.1234375 0.13125 0.115625
0 0.3671875 0.125 0.0859375 0.1046875
0 0.29765625 0.1734375 0.084375 0.0671875
0 0.31328125 0.2375 0.0859375 0.06875
0 0.25 0.51015625 0.115625 0.1328125
0 0.36796875 0.62265625 0.121875 0.1578125
0 0.4015625 0.49296875 0.0859375 0.109375