0 0.5796875 0.7109375 0.265625 0.24375
0 0.7359375 0.4484375 0.184375 0.196875
0 0.79140625 0.80390625 0.20625 0.1875
0 0.3875 0.7671875 0.209375 0.1625
0 0.428125 0.87890625 0.2125 0.1796875
0 0.16953125 0.684375 0.1546875 0.1609375
0 0.32109375 0.6203125 0.1625 0.1390625
0 0.54140625 0.3640625 0.14375 0.18125
0 0.16171875 0.5265625 0.2734375 0.2171875
0 0.8640625 0.22265625 0.084375 0.10625
0 0.59609375 0.11484375 0.109375 0.1359375
0 0.65703125 0.2921875 0.08125 0.1328125
0 0.225 0.9109375 0.1046875 0.0984375
0 0.3609375 0.36484375 0.1078125 0.0984375
0 0.43671875 0.275 0.0796875 0.0890625
0 0.43515625 0.37734375 0.075 0.0890625
0 0.89140625 0.43359375 0.0765625 0.121875