0 0.28046875 0.6984375 0.190625 0.2875
0 0.62109375 0.67265625 0.246875 0.36875
0 0.425 0.321875 0.1984375 0.2453125
0 0.86171875 0.56484375 0.225 0.340625
0 0.6484375 0.32890625 0.196875 0.2375
0 0.64375 0.1703125 0.1609375 0.1890625
0 0.246875 0.340625 0.2578125 0.4234375
0 0.39921875 0.73359375 0.1765625 0.2203125
0 0.096875 0.7625 0.15 0.259375
0 0.5109375 0.8546875 0.1265625 0.1953125
0 0.15859375 0.15546875 0.15625 0.2046875
0 0.21875 0.56953125 0.1703125 0.2078125
0 0.57109375 0.271875 0.075 0.1171875
0 0.7421875 0.83125 0.1453125 0.1390625
0 0.6828125 0.915625 0.103125 0.125
0 0.33359375 0.12890625 0.1078125 0.15625
0 0.0640625 0.4828125 0.10625 0.1625
0 0.55 0.1546875 0.0765625 0.1234375
0 0.72265625 0.1 0.1328125 0.2
0 0.93984375 0.465625 0.1203125 0.209375