0 0.23671875 0.63515625 0.153125 0.2703125
0 0.57265625 0.69765625 0.196875 0.3484375
0 0.4734375 0.30859375 0.1671875 0.225
0 0.8328125 0.65703125 0.178125 0.321875
0 0.6875 0.37265625 0.1671875 0.2171875
0 0.72421875 0.21953125 0.1375 0.171875
0 0.296875 0.28046875 0.2 0.4046875
0 0.3421875 0.7 0.1484375 0.2015625
0 0.04921875 0.64921875 0.0984375 0.2484375
0 0.41875 0.8453125 0.1 0.184375
0 0.25859375 0.08671875 0.1296875 0.1734375
0 0.21015625 0.49453125 0.1453125 0.1890625
0 0.628125 0.29765625 0.059375 0.1109375
0 0.6484375 0.8828125 0.1296875 0.121875
0 0.56875 0.9453125 0.0875 0.109375
0 0.43515625 0.0984375 0.0875 0.146875
0 0.08359375 0.37109375 0.084375 0.153125
0 0.6375 0.1796875 0.059375 0.11875
0 0.81953125 0.16796875 0.1046875 0.196875
0 0.93828125 0.58203125 0.1 0.2