0 0.14921875 0.6890625 0.1375 0.171875
0 0.2078125 0.80625 0.14375 0.140625
0 0.303125 0.75390625 0.1625 0.1546875
0 0.2640625 0.615625 0.1609375 0.2078125
0 0.415625 0.52578125 0.1328125 0.1375
0 0.41015625 0.63671875 0.1296875 0.11875
0 0.36171875 0.49140625 0.0625 0.09375
0 0.38125 0.45390625 0.0703125 0.08125
0 0.36171875 0.57421875 0.0671875 0.090625
0 0.49375 0.3796875 0.0640625 0.09375
0 0.54375 0.43125 0.1109375 0.0984375
0 0.48828125 0.77734375 0.071875 0.0640625
0 0.603125 0.73984375 0.071875 0.0890625
0 0.596875 0.26484375 0.0828125 0.0984375
0 0.6375 0.35078125 0.0625 0.084375
0 0.71328125 0.41953125 0.1578125 0.165625
0 0.64921875 0.45546875 0.0640625 0.06875
0 0.78828125 0.36640625 0.1 0.125
0 0.78203125 0.278125 0.0890625 0.1
0 0.5890625 0.61484375 0.0734375 0.084375
0 0.5421875 0.63203125 0.078125 0.065625
0 0.73671875 0.61328125 0.075 0.1
0 0.36015625 0.85234375 0.065625 0.0625
0 0.478125 0.7140625 0.08125 0.075
0 0.45859375 0.43046875 0.0625 0.0796875
0 0.6375 0.2046875 0.0703125 0.0890625
0 0.71875 0.5078125 0.0984375 0.121875
0 0.69296875 0.6578125 0.0609375 0.0625
0 0.6625 0.55 0.05 0.0546875
0 0.4765625 0.59453125 0.078125 0.065625