0 0.471875 0.30859375 0.28125 0.16875
0 0.559375 0.66015625 0.2921875 0.1921875
0 0.7640625 0.11171875 0.2890625 0.1703125
0 0.51328125 0.86171875 0.3125 0.171875
0 0.51328125 0.51328125 0.190625 0.1734375
0 0.27109375 0.34921875 0.13125 0.096875
0 0.459375 0.12421875 0.1359375 0.1203125
0 0.35390625 0.1296875 0.0890625 0.1078125
0 0.2859375 0.18125 0.0859375 0.0703125
0 0.3046875 0.24453125 0.0875 0.071875
0 0.25078125 0.51875 0.1203125 0.1375
0 0.371875 0.62734375 0.1265625 0.1625
0 0.4015625 0.496875 0.090625 0.1125