0 0.109375 0.715625 0.1375 0.1640625
0 0.27421875 0.68046875 0.140625 0.165625
0 0.8578125 0.63125 0.1203125 0.1453125
0 0.30625 0.35859375 0.1359375 0.1421875
0 0.10390625 0.3609375 0.1734375 0.1359375
0 0.678125 0.4140625 0.090625 0.1671875
0 0.6546875 0.27421875 0.096875 0.1046875
0 0.7078125 0.65078125 0.1 0.1140625
0 0.83515625 0.50390625 0.1078125 0.115625
0 0.79609375 0.3953125 0.1015625 0.1171875
0 0.371875 0.53984375 0.1 0.115625
0 0.05859375 0.2484375 0.1171875 0.159375
0 0.17421875 0.26328125 0.09375 0.1171875
0 0.85 0.28515625 0.096875 0.0921875
0 0.57265625 0.478125 0.0953125 0.1046875
0 0.61171875 0.38984375 0.08125 0.096875
0 0.4765625 0.56484375 0.0859375 0.08125
0 0.403125 0.3109375 0.0890625 0.0921875
0 0.359375 0.6515625 0.1265625 0.1203125
0 0.17734375 0.6859375 0.071875 0.05625
0 0.3046875 0.5859375 0.1125 0.1140625
0 0.65234375 0.671875 0.0640625 0.096875
0 0.68203125 0.82421875 0.0703125 0.096875
0 0.565625 0.23125 0.09375 0.09375
0 0.5546875 0.3265625 0.071875 0.0859375
0 0.5015625 0.38203125 0.0609375 0.0796875
0 0.528125 0.43046875 0.0703125 0.0703125
0 0.55625 0.4046875 0.059375 0.06875
0 0.771875 0.32421875 0.0765625 0.053125
0 0.75 0.2625 0.08125 0.071875
0 0.94453125 0.38984375 0.0921875 0.1140625
0 0.95078125 0.4671875 0.065625 0.109375