0 0.4140625 0.33515625 0.2359375 0.21875
0 0.23359375 0.67578125 0.240625 0.2140625
0 0.43359375 0.6234375 0.1921875 0.1796875
0 0.59140625 0.4109375 0.1765625 0.15
0 0.8625 0.3328125 0.2453125 0.175
0 0.4984375 0.715625 0.259375 0.209375
0 0.8765625 0.225 0.246875 0.2125
0 0.146875 0.5125 0.26875 0.2171875
0 0.09296875 0.75625 0.159375 0.1328125
0 0.10625 0.8765625 0.1828125 0.140625
0 0.86328125 0.72578125 0.1671875 0.1859375
0 0.228125 0.440625 0.128125 0.0859375
0 0.371875 0.43203125 0.1578125 0.0875
0 0.590625 0.28125 0.125 0.109375
0 0.58359375 0.35625 0.15 0.096875
0 0.778125 0.29375 0.2046875 0.153125