0 0.43125 0.5796875 0.1078125 0.190625
0 0.35859375 0.2625 0.08125 0.171875
0 0.4484375 0.2515625 0.084375 0.15
0 0.48125 0.496875 0.071875 0.14375
0 0.54921875 0.4984375 0.0921875 0.1609375
0 0.4109375 0.825 0.0890625 0.1796875
0 0.5625 0.89375 0.0765625 0.178125
0 0.2625 0.8328125 0.075 0.1078125
0 0.2921875 0.478125 0.0859375 0.175
0 0.32578125 0.590625 0.0515625 0.140625
0 0.2296875 0.9203125 0.0625 0.128125
0 0.53046875 0.62578125 0.0609375 0.146875
0 0.63125 0.6234375 0.0921875 0.146875
0 0.38203125 0.3671875 0.0609375 0.109375
0 0.4359375 0.4078125 0.0921875 0.0703125
0 0.37734375 0.58984375 0.06875 0.13125