0 0.5578125 0.71796875 0.2875 0.26875
0 0.73984375 0.4734375 0.203125 0.2140625
0 0.75859375 0.83203125 0.2234375 0.2078125
0 0.36015625 0.75390625 0.2234375 0.1828125
0 0.38828125 0.86953125 0.2296875 0.2
0 0.15234375 0.6484375 0.1703125 0.175
0 0.309375 0.60078125 0.175 0.1546875
0 0.55546875 0.36875 0.1609375 0.19375
0 0.1609375 0.49140625 0.29375 0.24375
0 0.89140625 0.2625 0.0953125 0.1140625
0 0.63515625 0.12734375 0.1234375 0.146875
0 0.67734375 0.31015625 0.0953125 0.140625
0 0.18359375 0.8796875 0.1140625 0.109375
0 0.37578125 0.35078125 0.1171875 0.109375
0 0.4609375 0.26953125 0.0875 0.096875
0 0.4484375 0.37109375 0.0828125 0.0953125
0 0.89609375 0.475 0.0890625 0.128125