0 0.3796875 0.35859375 0.215625 0.23125
0 0.7625 0.31796875 0.209375 0.2375
0 0.6390625 0.484375 0.178125 0.1890625
0 0.38359375 0.5515625 0.146875 0.175
0 0.20859375 0.7734375 0.171875 0.240625
0 0.7 0.5796875 0.2078125 0.2546875
0 0.10078125 0.76171875 0.2015625 0.2734375
0 0.64453125 0.1765625 0.2140625 0.2640625
0 0.88984375 0.21875 0.13125 0.15625
0 0.9640625 0.2765625 0.071875 0.184375
0 0.57265625 0.91953125 0.1828125 0.1609375
0 0.546875 0.22578125 0.084375 0.128125
0 0.48515625 0.35546875 0.0875 0.1546875
0 0.2640625 0.5015625 0.109375 0.1234375
0 0.33515625 0.5234375 0.096875 0.1484375
0 0.2046875 0.68046875 0.15 0.2