0 0.38203125 0.35703125 0.21875 0.2328125
0 0.765625 0.32265625 0.2125 0.2390625
0 0.6390625 0.4875 0.1796875 0.190625
0 0.3828125 0.54921875 0.15 0.1765625
0 0.20390625 0.76875 0.175 0.2421875
0 0.6984375 0.5828125 0.2109375 0.25625
0 0.09921875 0.7546875 0.1984375 0.275
0 0.65 0.1796875 0.2171875 0.265625
0 0.89453125 0.22578125 0.1328125 0.1578125
0 0.96484375 0.28515625 0.0703125 0.1859375
0 0.565625 0.91953125 0.184375 0.1609375
0 0.5515625 0.2265625 0.0859375 0.128125
0 0.4875 0.35546875 0.090625 0.1546875
0 0.2640625 0.49765625 0.1109375 0.125
0 0.33515625 0.5203125 0.0984375 0.1484375
0 0.2015625 0.67578125 0.153125 0.2