0 0.5875 0.4171875 0.28125 0.2859375
0 0.43671875 0.49765625 0.128125 0.140625
0 0.31171875 0.5703125 0.1578125 0.140625
0 0.8515625 0.50859375 0.1078125 0.0984375
0 0.95078125 0.54921875 0.0796875 0.0953125
0 0.94375 0.64609375 0.1046875 0.1421875
0 0.865625 0.59921875 0.09375 0.153125
0 0.81015625 0.6953125 0.0859375 0.109375
0 0.79765625 0.846875 0.1265625 0.1328125
0 0.93828125 0.8125 0.09375 0.221875
0 0.68359375 0.74140625 0.1390625 0.1796875
0 0.57265625 0.6125 0.1828125 0.175
0 0.3515625 0.68984375 0.215625 0.1796875
0 0.09609375 0.61171875 0.115625 0.103125
0 0.04140625 0.51796875 0.0828125 0.09375
0 0.175 0.73203125 0.1125 0.1171875