0 0.4296875 0.57890625 0.1109375 0.1921875
0 0.36328125 0.26015625 0.084375 0.1734375
0 0.45234375 0.25078125 0.0859375 0.1515625
0 0.48125 0.49609375 0.0734375 0.14375
0 0.54921875 0.49921875 0.0953125 0.1625
0 0.4046875 0.8234375 0.0921875 0.18125
0 0.55546875 0.8953125 0.0796875 0.1796875
0 0.25625 0.828125 0.0765625 0.109375
0 0.29296875 0.475 0.0890625 0.1765625
0 0.32421875 0.5875 0.053125 0.140625
0 0.221875 0.915625 0.065625 0.128125
0 0.528125 0.62578125 0.0625 0.146875
0 0.62890625 0.62578125 0.09375 0.1484375
0 0.384375 0.365625 0.0625 0.109375
0 0.4375 0.40625 0.09375 0.071875
0 0.37578125 0.58828125 0.071875 0.13125