0 0.65078125 0.6078125 0.1734375 0.1953125
0 0.2890625 0.73984375 0.165625 0.203125
0 0.36875 0.5484375 0.14375 0.159375
0 0.60078125 0.421875 0.1140625 0.1515625
0 0.71640625 0.1640625 0.1234375 0.2171875
0 0.28671875 0.47109375 0.1578125 0.2234375
0 0.82734375 0.1484375 0.1546875 0.24375
0 0.43828125 0.8484375 0.1625 0.23125
0 0.18984375 0.8671875 0.1015625 0.1359375
0 0.06171875 0.8390625 0.1234375 0.159375
0 0.3265625 0.10859375 0.15625 0.13125
0 0.52109375 0.77734375 0.0578125 0.1171875
0 0.54921875 0.63671875 0.0546875 0.1453125
0 0.72890625 0.44140625 0.0859375 0.10625
0 0.65390625 0.4375 0.065625 0.1359375
0 0.74296875 0.253125 0.1109375 0.178125