0 0.4015625 0.8859375 0.1515625 0.103125
0 0.2734375 0.8578125 0.115625 0.11875
0 0.3015625 0.75234375 0.125 0.1359375
0 0.44453125 0.75703125 0.184375 0.1203125
0 0.4953125 0.58828125 0.115625 0.1078125
0 0.3890625 0.6203125 0.0953125 0.109375
0 0.54140625 0.63203125 0.0859375 0.0421875
0 0.5734375 0.60390625 0.0703125 0.0546875
0 0.46171875 0.65234375 0.08125 0.0484375
0 0.61796875 0.47734375 0.0859375 0.0453125
0 0.55625 0.440625 0.078125 0.0953125
0 0.23359375 0.578125 0.0515625 0.0609375
0 0.2421875 0.4578125 0.078125 0.0546875
0 0.7046875 0.34921875 0.0859375 0.0640625
0 0.61171875 0.33046875 0.075 0.0453125
0 0.5265625 0.2734375 0.1390625 0.128125
0 0.50703125 0.34453125 0.0578125 0.0515625
0 0.56015625 0.18828125 0.109375 0.075
0 0.646875 0.17265625 0.0859375 0.0703125
0 0.3671875 0.44140625 0.071875 0.0578125
0 0.36171875 0.490625 0.05 0.06875
0 0.3328125 0.29765625 0.0890625 0.0546875
0 0.1921875 0.72109375 0.0515625 0.0546875
0 0.29765625 0.57265625 0.059375 0.06875
0 0.57734375 0.5234375 0.0703125 0.046875
0 0.753125 0.2953125 0.078125 0.053125
0 0.43984375 0.28984375 0.10625 0.075
0 0.3 0.35078125 0.0515625 0.05
0 0.4125 0.3546875 0.046875 0.040625
0 0.4140625 0.5453125 0.05 0.06875