0 0.47890625 0.69296875 0.303125 0.20625
0 0.55390625 0.3375 0.315625 0.23125
0 0.77734375 0.87890625 0.3109375 0.209375
0 0.50078125 0.13828125 0.3328125 0.2140625
0 0.5125 0.48671875 0.2140625 0.2
0 0.27578125 0.65859375 0.1421875 0.115625
0 0.471875 0.87734375 0.1515625 0.1375
0 0.3671875 0.875 0.1046875 0.11875
0 0.29765625 0.82578125 0.0953125 0.08125
0 0.3140625 0.7625 0.096875 0.0828125
0 0.25078125 0.490625 0.1390625 0.153125
0 0.3671875 0.37734375 0.1484375 0.1796875
0 0.40078125 0.50703125 0.1046875 0.1234375