0 0.709375 0.58359375 0.2390625 0.2609375
0 0.44453125 0.73515625 0.19375 0.18125
0 0.7984375 0.796875 0.184375 0.203125
0 0.76875 0.3921875 0.159375 0.20625
0 0.88046875 0.434375 0.1765625 0.209375
0 0.68984375 0.17265625 0.1578125 0.1515625
0 0.6234375 0.3234375 0.1359375 0.159375
0 0.36328125 0.5390625 0.178125 0.140625
0 0.5328125 0.1625 0.2125 0.2703125
0 0.21640625 0.859375 0.1046875 0.0828125
0 0.11328125 0.5890625 0.134375 0.1078125
0 0.28984375 0.653125 0.13125 0.0796875
0 0.915625 0.23203125 0.096875 0.103125
0 0.3671875 0.35859375 0.096875 0.10625
0 0.27578125 0.4328125 0.0875 0.078125
0 0.378125 0.4328125 0.0875 0.0734375
0 0.4265625 0.88984375 0.1203125 0.075