0 0.4125 0.2921875 0.265625 0.24375
0 0.265625 0.559375 0.184375 0.196875
0 0.19765625 0.20703125 0.20625 0.1875
0 0.603125 0.2296875 0.209375 0.1625
0 0.55859375 0.11875 0.2125 0.1796875
0 0.82421875 0.3046875 0.1546875 0.1609375
0 0.67421875 0.3734375 0.1625 0.1390625
0 0.46328125 0.6375 0.14375 0.18125
0 0.83671875 0.4609375 0.2734375 0.2171875
0 0.1453125 0.78984375 0.084375 0.10625
0 0.41796875 0.88828125 0.109375 0.1359375
0 0.35078125 0.7125 0.08125 0.1328125
0 0.7609375 0.0796875 0.1046875 0.0984375
0 0.64375 0.63046875 0.1078125 0.0984375
0 0.57109375 0.72265625 0.0796875 0.0890625
0 0.56953125 0.6203125 0.075 0.0890625
0 0.11171875 0.58046875 0.0765625 0.121875