0 0.7765625 0.60625 0.178125 0.2828125
0 0.4484375 0.7046875 0.23125 0.3625
0 0.50625 0.30703125 0.1890625 0.2390625
0 0.18515625 0.690625 0.209375 0.3359375
0 0.3 0.39296875 0.1875 0.23125
0 0.24765625 0.24453125 0.1546875 0.184375
0 0.67890625 0.26015625 0.2390625 0.41875
0 0.67734375 0.68203125 0.1671875 0.2140625
0 0.95 0.6 0.1 0.25625
0 0.6171875 0.83515625 0.1171875 0.1921875
0 0.69453125 0.078125 0.1484375 0.15625
0 0.7875 0.4640625 0.1625 0.2015625
0 0.3515625 0.3125 0.06875 0.1140625
0 0.39296875 0.89609375 0.140625 0.1328125
0 0.478125 0.94609375 0.096875 0.1078125
0 0.52265625 0.09375 0.1015625 0.153125
0 0.90078125 0.328125 0.0984375 0.159375
0 0.3296875 0.1953125 0.0703125 0.121875
0 0.14765625 0.203125 0.1234375 0.2046875
0 0.07265625 0.62734375 0.1203125 0.2078125