0 0.6296875 0.63203125 0.2046875 0.221875
0 0.25078125 0.69921875 0.1984375 0.228125
0 0.3625 0.525 0.16875 0.18125
0 0.6125 0.440625 0.1390625 0.16875
0 0.77109375 0.20703125 0.159375 0.2359375
0 0.2953125 0.434375 0.19375 0.246875
0 0.88359375 0.2109375 0.1953125 0.2671875
0 0.37890625 0.8328125 0.2 0.25625
0 0.13046875 0.8078125 0.1234375 0.1515625
0 0.0421875 0.7578125 0.084375 0.178125
0 0.396875 0.084375 0.1765625 0.15625
0 0.47265625 0.7765625 0.0765625 0.125
0 0.525 0.64296875 0.0796875 0.153125
0 0.7359375 0.48203125 0.103125 0.1203125
0 0.6625 0.46484375 0.0875 0.1453125
0 0.78203125 0.29921875 0.140625 0.1953125