0 0.5671875 0.58125 0.1046875 0.1890625
0 0.6453125 0.26484375 0.078125 0.1703125
0 0.55625 0.25234375 0.08125 0.1484375
0 0.51875 0.496875 0.06875 0.1421875
0 0.45078125 0.49765625 0.0890625 0.159375
0 0.58359375 0.8265625 0.0859375 0.178125
0 0.43046875 0.89296875 0.0734375 0.1765625
0 0.73203125 0.83671875 0.0734375 0.10625
0 0.7078125 0.48203125 0.0828125 0.1734375
0 0.67265625 0.59375 0.0484375 0.1390625
0 0.76328125 0.925 0.0609375 0.1265625
0 0.4671875 0.625 0.0578125 0.1453125
0 0.36640625 0.62109375 0.0890625 0.1453125
0 0.6203125 0.36953125 0.059375 0.1078125
0 0.565625 0.40859375 0.090625 0.06875
0 0.62109375 0.5921875 0.0671875 0.1296875