0 0.59921875 0.56875 0.3375 0.334375
0 0.4890625 0.4375 0.1640625 0.1546875
0 0.3921875 0.33046875 0.1703125 0.184375
0 0.56484375 0.8453125 0.11875 0.1265625
0 0.5453125 0.95078125 0.109375 0.0984375
0 0.44921875 0.94921875 0.1609375 0.1015625
0 0.47890625 0.878125 0.16875 0.1234375
0 0.3734375 0.84375 0.125 0.10625
0 0.22265625 0.86328125 0.15625 0.1515625
0 0.28515625 0.9625 0.2359375 0.075
0 0.30234375 0.7296875 0.2046875 0.1734375
0 0.4046875 0.59453125 0.209375 0.215625
0 0.28359375 0.39453125 0.2203125 0.2484375
0 0.30703125 0.128125 0.125 0.134375
0 0.38671875 0.05546875 0.109375 0.1
0 0.20546875 0.23046875 0.1375 0.134375