0 0.68125 0.0921875 0.178125 0.1578125
0 0.6609375 0.259375 0.18125 0.159375
0 0.66171875 0.8453125 0.1578125 0.1359375
0 0.3421875 0.31953125 0.15625 0.1515625
0 0.3265625 0.1171875 0.15625 0.1890625
0 0.43046875 0.68515625 0.1765625 0.109375
0 0.28828125 0.6734375 0.115625 0.1078125
0 0.66875 0.69453125 0.1265625 0.1125
0 0.53359375 0.83359375 0.1265625 0.11875
0 0.421875 0.80390625 0.128125 0.115625
0 0.52890625 0.36875 0.1265625 0.1125
0 0.209375 0.075 0.1734375 0.15
0 0.2359375 0.1953125 0.128125 0.10625
0 0.3171875 0.8671875 0.103125 0.10625
0 0.484375 0.57421875 0.1140625 0.1046875
0 0.39921875 0.62109375 0.1046875 0.0921875
0 0.5625 0.47109375 0.090625 0.09375
0 0.303125 0.41953125 0.103125 0.1
0 0.6390625 0.346875 0.134375 0.1390625
0 0.65703125 0.1625 0.0640625 0.0765625
0 0.56875 0.2984375 0.1265625 0.125
0 0.68515625 0.63671875 0.103125 0.075
0 0.8390625 0.653125 0.1046875 0.08125
0 0.2375 0.5890625 0.1046875 0.1046875
0 0.3328125 0.56953125 0.09375 0.08125
0 0.3828125 0.51171875 0.0859375 0.0703125
0 0.4328125 0.53359375 0.0765625 0.078125
0 0.41015625 0.5640625 0.075 0.0671875
0 0.3484375 0.7859375 0.0625 0.084375
0 0.28515625 0.76953125 0.08125 0.0890625
0 0.42890625 0.95 0.1234375 0.1
0 0.50703125 0.9515625 0.115625 0.078125