0 0.5265625 0.6921875 0.3078125 0.2140625
0 0.51328125 0.3296875 0.321875 0.240625
0 0.8515625 0.8 0.296875 0.21875
0 0.41328125 0.1484375 0.3375 0.225
0 0.50859375 0.48359375 0.2203125 0.2046875
0 0.32109375 0.7078125 0.1453125 0.11875
0 0.5640625 0.87265625 0.1546875 0.1421875
0 0.46171875 0.89609375 0.1078125 0.121875
0 0.3828125 0.86484375 0.096875 0.0828125
0 0.3828125 0.8 0.0984375 0.084375
0 0.25546875 0.55078125 0.14375 0.15625
0 0.3421875 0.41328125 0.153125 0.184375
0 0.40546875 0.53046875 0.109375 0.1265625