0 0.69921875 0.6046875 0.265625 0.284375
0 0.4203125 0.728125 0.2109375 0.2
0 0.765625 0.8265625 0.2046875 0.221875
0 0.77890625 0.42109375 0.1796875 0.221875
0 0.88515625 0.47421875 0.196875 0.2265625
0 0.72265625 0.19453125 0.1734375 0.1671875
0 0.64140625 0.3375 0.1515625 0.1734375
0 0.36015625 0.52421875 0.1921875 0.1578125
0 0.56796875 0.16796875 0.2390625 0.290625
0 0.18046875 0.828125 0.1125 0.09375
0 0.10625 0.5484375 0.1453125 0.121875
0 0.275 0.63046875 0.1390625 0.09375
0 0.94140625 0.2765625 0.1078125 0.1125
0 0.3828125 0.3453125 0.1078125 0.115625
0 0.284375 0.409375 0.0953125 0.0875
0 0.3859375 0.4203125 0.0953125 0.0828125
0 0.3859375 0.8796875 0.128125 0.0875