0 0.409375 0.29375 0.26875 0.2484375
0 0.2671875 0.56328125 0.1875 0.2
0 0.19296875 0.21171875 0.209375 0.190625
0 0.5984375 0.22734375 0.2109375 0.1671875
0 0.55234375 0.1171875 0.215625 0.184375
0 0.8203125 0.29921875 0.15625 0.1625
0 0.671875 0.3703125 0.1640625 0.1421875
0 0.465625 0.63828125 0.146875 0.1828125
0 0.8359375 0.45546875 0.278125 0.221875
0 0.15078125 0.79609375 0.0859375 0.1078125
0 0.42421875 0.88984375 0.1125 0.1375
0 0.3546875 0.715625 0.084375 0.134375
0 0.753125 0.075 0.10625 0.1
0 0.64609375 0.628125 0.109375 0.1
0 0.575 0.721875 0.08125 0.090625
0 0.57109375 0.61953125 0.0765625 0.090625
0 0.11328125 0.58671875 0.0796875 0.1234375