0 0.49921875 0.69375 0.2859375 0.1765625
0 0.53671875 0.3328125 0.296875 0.2015625
0 0.815625 0.84765625 0.29375 0.1796875
0 0.46328125 0.13984375 0.315625 0.1828125
0 0.5109375 0.48515625 0.196875 0.1796875
0 0.29375 0.68125 0.1328125 0.1015625
0 0.51171875 0.878125 0.1390625 0.1234375
0 0.40703125 0.88671875 0.09375 0.109375
0 0.3328125 0.8453125 0.0875 0.071875
0 0.3421875 0.78046875 0.0890625 0.0734375
0 0.25078125 0.51640625 0.125 0.140625
0 0.35546875 0.3921875 0.13125 0.1671875
0 0.40234375 0.5171875 0.09375 0.1140625