0 0.384375 0.3546875 0.2046875 0.1828125
0 0.271875 0.7234375 0.2109375 0.1765625
0 0.45859375 0.63359375 0.165625 0.1515625
0 0.57265625 0.3953125 0.15625 0.121875
0 0.82421875 0.26640625 0.2234375 0.134375
0 0.53984375 0.71171875 0.23125 0.16875
0 0.83359375 0.1546875 0.2515625 0.1671875
0 0.15546875 0.5796875 0.2390625 0.175
0 0.14921875 0.82890625 0.140625 0.1078125
0 0.18515625 0.94453125 0.1640625 0.1109375
0 0.9 0.65234375 0.1390625 0.1625
0 0.221875 0.49375 0.11875 0.0640625
0 0.3609375 0.4578125 0.1484375 0.0609375
0 0.546875 0.26796875 0.109375 0.090625
0 0.5546875 0.34296875 0.1390625 0.071875
0 0.73359375 0.24453125 0.184375 0.1203125