0 0.15 0.190625 0.16875 0.14375
0 0.1671875 0.38671875 0.13125 0.265625
0 0.32578125 0.4578125 0.146875 0.1453125
0 0.35703125 0.65703125 0.21875 0.215625
0 0.1984375 0.6703125 0.16875 0.2
0 0.45 0.58125 0.1375 0.1171875
0 0.59921875 0.625 0.184375 0.1296875
0 0.86171875 0.65859375 0.2515625 0.2046875
0 0.32109375 0.89140625 0.15 0.1953125
0 0.43984375 0.84140625 0.1 0.1375
0 0.64765625 0.83984375 0.2390625 0.278125
0 0.31328125 0.209375 0.078125 0.2125
0 0.4125 0.24609375 0.1484375 0.3109375
0 0.09765625 0.565625 0.0921875 0.2265625
0 0.46484375 0.44609375 0.13125 0.196875
0 0.58671875 0.48125 0.1515625 0.2328125