0 0.49453125 0.69375 0.290625 0.1875
0 0.46953125 0.33203125 0.303125 0.2109375
0 0.171875 0.83671875 0.2984375 0.1890625
0 0.54921875 0.14140625 0.321875 0.1921875
0 0.4890625 0.484375 0.2015625 0.184375
0 0.7 0.68828125 0.1359375 0.1046875
0 0.475 0.87734375 0.1421875 0.1296875
0 0.5796875 0.88984375 0.096875 0.1125
0 0.65546875 0.8515625 0.090625 0.075
0 0.6484375 0.7859375 0.0921875 0.0765625
0 0.7484375 0.525 0.1296875 0.14375
0 0.64765625 0.396875 0.1375 0.1703125
0 0.596875 0.5203125 0.096875 0.1171875