0 0.37421875 0.36328125 0.2171875 0.196875
0 0.28828125 0.7390625 0.2234375 0.190625
0 0.46796875 0.6359375 0.1765625 0.1625
0 0.56484375 0.390625 0.1640625 0.1328125
0 0.80703125 0.24453125 0.2328125 0.15
0 0.5546875 0.70859375 0.2421875 0.184375
0 0.80859375 0.13203125 0.2625 0.184375
0 0.16171875 0.60390625 0.25 0.190625
0 0.17265625 0.85234375 0.1484375 0.1171875
0 0.2171875 0.95234375 0.171875 0.0953125
0 0.909375 0.62421875 0.15 0.171875
0 0.221875 0.51328125 0.1234375 0.071875
0 0.35859375 0.46796875 0.1515625 0.071875
0 0.53046875 0.265625 0.115625 0.0984375
0 0.54375 0.33984375 0.14375 0.08125
0 0.71484375 0.22890625 0.1921875 0.1328125