0 0.5828125 0.5875 0.2859375 0.28125
0 0.50234375 0.43671875 0.140625 0.128125
0 0.4296875 0.31171875 0.140625 0.1578125
0 0.49140625 0.8515625 0.0984375 0.1078125
0 0.45078125 0.95078125 0.0953125 0.0796875
0 0.35390625 0.94375 0.1421875 0.1046875
0 0.40078125 0.865625 0.153125 0.09375
0 0.3046875 0.81015625 0.109375 0.0859375
0 0.153125 0.79765625 0.1328125 0.1265625
0 0.1875 0.93828125 0.221875 0.09375
0 0.25859375 0.68359375 0.1796875 0.1390625
0 0.3875 0.57265625 0.175 0.1828125
0 0.31015625 0.3515625 0.1796875 0.215625
0 0.38828125 0.09609375 0.103125 0.115625
0 0.48203125 0.04140625 0.09375 0.0828125
0 0.26796875 0.175 0.1171875 0.1125