0 0.93203125 0.453125 0.1359375 0.178125
0 0.778125 0.42109375 0.159375 0.18125
0 0.221875 0.2390625 0.1359375 0.1578125
0 0.62265625 0.70625 0.1515625 0.15625
0 0.81015625 0.78359375 0.1890625 0.15625
0 0.30234375 0.509375 0.109375 0.1765625
0 0.26953125 0.64765625 0.1078125 0.115625
0 0.3671875 0.2796875 0.1125 0.1265625
0 0.19296875 0.36484375 0.11875 0.1265625
0 0.18671875 0.48046875 0.115625 0.128125
0 0.63359375 0.51328125 0.1125 0.1265625
0 0.8140625 0.90703125 0.15 0.1734375
0 0.7078125 0.8453125 0.10625 0.128125
0 0.09375 0.5609375 0.10625 0.103125
0 0.42421875 0.4921875 0.1046875 0.1140625
0 0.35390625 0.55859375 0.0921875 0.1046875
0 0.546875 0.45 0.09375 0.090625
0 0.515625 0.71171875 0.1 0.103125
0 0.68828125 0.41484375 0.1390625 0.134375
0 0.86953125 0.4546875 0.0765625 0.0640625
0 0.71328125 0.49765625 0.125 0.1265625
0 0.42734375 0.28203125 0.075 0.103125
0 0.45859375 0.13046875 0.08125 0.1046875
0 0.334375 0.721875 0.1046875 0.1046875
0 0.3828125 0.63828125 0.08125 0.09375
0 0.453125 0.6078125 0.0703125 0.0859375
0 0.446875 0.553125 0.078125 0.0765625
0 0.4109375 0.565625 0.0671875 0.075
0 0.18125 0.55546875 0.084375 0.0625
0 0.17734375 0.62109375 0.0890625 0.08125
0 0.04921875 0.42734375 0.0984375 0.1234375
0 0.07265625 0.35390625 0.078125 0.115625