0 0.49609375 0.30625 0.2890625 0.18125
0 0.53984375 0.66640625 0.3 0.20625
0 0.809375 0.146875 0.296875 0.184375
0 0.46953125 0.8609375 0.31875 0.1890625
0 0.5109375 0.51484375 0.2 0.1828125
0 0.290625 0.32265625 0.134375 0.103125
0 0.50546875 0.121875 0.140625 0.1265625
0 0.4 0.11484375 0.0953125 0.1109375
0 0.3265625 0.1578125 0.0890625 0.0734375
0 0.3375 0.22265625 0.090625 0.075
0 0.25078125 0.48828125 0.128125 0.1421875
0 0.35703125 0.61015625 0.134375 0.16875
0 0.40234375 0.484375 0.0953125 0.115625