0 0.49921875 0.30625 0.2859375 0.1765625
0 0.53671875 0.6671875 0.296875 0.2015625
0 0.815625 0.15234375 0.29375 0.1796875
0 0.46328125 0.86015625 0.315625 0.1828125
0 0.5109375 0.51484375 0.196875 0.1796875
0 0.29375 0.31875 0.1328125 0.1015625
0 0.51171875 0.121875 0.1390625 0.1234375
0 0.40703125 0.11328125 0.09375 0.109375
0 0.3328125 0.1546875 0.0875 0.071875
0 0.3421875 0.21953125 0.0890625 0.0734375
0 0.25078125 0.48359375 0.125 0.140625
0 0.35546875 0.6078125 0.13125 0.1671875
0 0.40234375 0.4828125 0.09375 0.1140625