0 0.5890625 0.41875 0.2859375 0.290625
0 0.43671875 0.496875 0.13125 0.1421875
0 0.31015625 0.5671875 0.1609375 0.14375
0 0.8515625 0.51484375 0.109375 0.1
0 0.95 0.55703125 0.08125 0.096875
0 0.94140625 0.65390625 0.1078125 0.14375
0 0.8640625 0.60546875 0.096875 0.1546875
0 0.80703125 0.70078125 0.0875 0.1109375
0 0.79140625 0.85234375 0.128125 0.134375
0 0.9328125 0.8203125 0.096875 0.2234375
0 0.6796875 0.74453125 0.1421875 0.1828125
0 0.5703125 0.6140625 0.1859375 0.178125
0 0.3484375 0.6875 0.21875 0.1828125
0 0.09453125 0.6046875 0.1171875 0.1046875
0 0.04140625 0.51015625 0.0828125 0.0953125
0 0.17109375 0.7265625 0.1140625 0.11875