0 0.64140625 0.3796875 0.2359375 0.21875
0 0.68125 0.7625 0.240625 0.2140625
0 0.51484375 0.6390625 0.1921875 0.1796875
0 0.4484375 0.38359375 0.1765625 0.15
0 0.2265625 0.20859375 0.2453125 0.175
0 0.4203125 0.7 0.259375 0.209375
0 0.2375 0.1015625 0.278125 0.203125
0 0.82265625 0.64375 0.26875 0.2171875
0 0.78125 0.88984375 0.159375 0.1328125
0 0.72421875 0.9625 0.1828125 0.075
0 0.08046875 0.57265625 0.1609375 0.1859375
0 0.77421875 0.546875 0.128125 0.0859375
0 0.64453125 0.48515625 0.1578125 0.0875
0 0.4984375 0.26328125 0.125 0.109375
0 0.4765625 0.33515625 0.15 0.096875
0 0.31953125 0.2046875 0.2046875 0.153125