0 0.93125 0.38515625 0.134375 0.159375
0 0.7625 0.37890625 0.1359375 0.1625
0 0.184375 0.2859375 0.115625 0.1421875
0 0.653125 0.684375 0.13125 0.1375
0 0.85078125 0.73125 0.1703125 0.13125
0 0.30625 0.53984375 0.084375 0.165625
0 0.2953125 0.68203125 0.09375 0.1015625
0 0.334375 0.303125 0.096875 0.1125
0 0.17578125 0.41484375 0.103125 0.1125
0 0.1875 0.5296875 0.0984375 0.1140625
0 0.634375 0.4921875 0.096875 0.1125
0 0.87421875 0.853125 0.1265625 0.15625
0 0.759375 0.80859375 0.0890625 0.115625
0 0.10859375 0.6234375 0.09375 0.0890625
0 0.42421875 0.50390625 0.090625 0.1015625
0 0.36484375 0.58046875 0.078125 0.09375
0 0.53828125 0.44296875 0.0828125 0.078125
0 0.5484375 0.70703125 0.0875 0.090625
0 0.67265625 0.38671875 0.121875 0.1171875
0 0.8578125 0.39765625 0.06875 0.0546875
0 0.71015625 0.4640625 0.109375 0.1109375
0 0.39375 0.29609375 0.0609375 0.0953125
0 0.4015625 0.14140625 0.0671875 0.0953125
0 0.37109375 0.7453125 0.090625 0.0921875
0 0.40546875 0.6546875 0.06875 0.084375
0 0.4703125 0.6140625 0.059375 0.078125
0 0.45625 0.5609375 0.06875 0.0671875
0 0.42265625 0.57890625 0.0578125 0.0671875
0 0.19375 0.6046875 0.0765625 0.0515625
0 0.2 0.6703125 0.0796875 0.0703125
0 0.04296875 0.49921875 0.0859375 0.1109375
0 0.0546875 0.42265625 0.0625 0.1078125