0 0.2296875 0.62109375 0.165625 0.2765625
0 0.56171875 0.7015625 0.2140625 0.35625
0 0.48359375 0.30703125 0.178125 0.2328125
0 0.82421875 0.67421875 0.19375 0.3296875
0 0.69375 0.3828125 0.1765625 0.225
0 0.7390625 0.23125 0.146875 0.178125
0 0.30859375 0.2703125 0.2203125 0.4125
0 0.33203125 0.69140625 0.159375 0.209375
0 0.04921875 0.625 0.0984375 0.253125
0 0.40078125 0.840625 0.109375 0.1875
0 0.28046875 0.08203125 0.1390625 0.1640625
0 0.2109375 0.47890625 0.1546875 0.1953125
0 0.63828125 0.3046875 0.0640625 0.1125
0 0.628125 0.88984375 0.134375 0.128125
0 0.54453125 0.94609375 0.0921875 0.1078125
0 0.45625 0.0953125 0.09375 0.15
0 0.090625 0.34921875 0.0921875 0.1578125
0 0.65390625 0.18671875 0.065625 0.1203125
0 0.83671875 0.18515625 0.115625 0.2015625
0 0.93359375 0.6046875 0.1109375 0.203125