0 0.34140625 0.596875 0.20625 0.225
0 0.69375 0.75390625 0.2015625 0.23125
0 0.62734375 0.55703125 0.1703125 0.1828125
0 0.4046875 0.41484375 0.140625 0.1703125
0 0.3078125 0.15 0.1609375 0.2375
0 0.71484375 0.4859375 0.1953125 0.25
0 0.196875 0.13046875 0.196875 0.2609375
0 0.53671875 0.8515625 0.203125 0.259375
0 0.78359375 0.88828125 0.1234375 0.153125
0 0.903125 0.86640625 0.1296875 0.1765625
0 0.7 0.121875 0.178125 0.1578125
0 0.46015625 0.775 0.078125 0.125
0 0.44140625 0.6328125 0.078125 0.1546875
0 0.27578125 0.425 0.103125 0.1203125
0 0.35078125 0.4265625 0.0890625 0.146875
0 0.275 0.23671875 0.1421875 0.1984375