0 0.32734375 0.43203125 0.215625 0.23125
0 0.646875 0.21640625 0.209375 0.2375
0 0.615625 0.42109375 0.178125 0.1890625
0 0.42109375 0.6 0.146875 0.175
0 0.37109375 0.878125 0.171875 0.240625
0 0.7140625 0.4765625 0.2078125 0.2546875
0 0.2671875 0.89140625 0.209375 0.2171875
0 0.47578125 0.146875 0.2140625 0.2640625
0 0.7125 0.0734375 0.13125 0.146875
0 0.84296875 0.078125 0.1578125 0.15625
0 0.76328125 0.8375 0.1828125 0.165625
0 0.4125 0.2359375 0.084375 0.128125
0 0.41953125 0.37890625 0.0875 0.1546875
0 0.2921875 0.6125 0.109375 0.1234375
0 0.365625 0.59765625 0.096875 0.1484375
0 0.32421875 0.7984375 0.15 0.2