0 0.38828125 0.88203125 0.1546875 0.1078125
0 0.2609375 0.85 0.1203125 0.1234375
0 0.29296875 0.7453125 0.1296875 0.140625
0 0.4359375 0.7546875 0.1890625 0.1265625
0 0.4921875 0.58828125 0.11875 0.1125
0 0.38515625 0.61640625 0.0984375 0.1125
0 0.53671875 0.63359375 0.0875 0.0453125
0 0.56953125 0.60625 0.071875 0.0578125
0 0.45625 0.65078125 0.0828125 0.0515625
0 0.61875 0.48125 0.0875 0.0484375
0 0.55859375 0.44296875 0.08125 0.0984375
0 0.23125 0.56875 0.053125 0.0625
0 0.24375 0.44921875 0.0796875 0.0578125
0 0.71015625 0.35625 0.0875 0.0671875
0 0.6171875 0.334375 0.0765625 0.0484375
0 0.534375 0.27421875 0.14375 0.1328125
0 0.5125 0.34453125 0.059375 0.053125
0 0.57109375 0.190625 0.1125 0.078125
0 0.65859375 0.178125 0.0890625 0.0734375
0 0.36953125 0.43671875 0.0734375 0.0609375
0 0.3625 0.4859375 0.053125 0.0703125
0 0.33984375 0.2921875 0.090625 0.0578125
0 0.184375 0.71015625 0.053125 0.05625
0 0.2953125 0.565625 0.0625 0.0703125
0 0.5765625 0.52578125 0.071875 0.05
0 0.76015625 0.30390625 0.0796875 0.05625
0 0.446875 0.2875 0.109375 0.078125
0 0.30546875 0.34375 0.053125 0.0515625
0 0.41796875 0.3515625 0.0484375 0.0421875
0 0.4125 0.5421875 0.053125 0.0703125