0 0.54609375 0.68828125 0.3203125 0.240625
0 0.4953125 0.32890625 0.3375 0.2671875
0 0.86328125 0.76015625 0.2734375 0.2453125
0 0.37734375 0.159375 0.35 0.253125
0 0.50703125 0.4828125 0.234375 0.221875
0 0.34375 0.72578125 0.153125 0.13125
0 0.603125 0.8640625 0.1640625 0.153125
0 0.503125 0.89765625 0.1171875 0.128125
0 0.42109375 0.87578125 0.1015625 0.090625
0 0.41484375 0.81015625 0.1046875 0.0921875
0 0.2625 0.5765625 0.1546875 0.1671875
0 0.33359375 0.43046875 0.1671875 0.19375
0 0.409375 0.540625 0.11875 0.1328125