0 0.24140625 0.64375 0.14375 0.2671875
0 0.5796875 0.6953125 0.1859375 0.3421875
0 0.46640625 0.309375 0.159375 0.2203125
0 0.83828125 0.6453125 0.1671875 0.3171875
0 0.6828125 0.36640625 0.159375 0.2125
0 0.7140625 0.21171875 0.1328125 0.1671875
0 0.28984375 0.2875 0.1859375 0.3984375
0 0.34921875 0.70546875 0.1421875 0.1984375
0 0.05 0.66484375 0.1 0.2453125
0 0.43046875 0.8484375 0.09375 0.18125
0 0.24453125 0.08984375 0.1234375 0.1796875
0 0.21015625 0.5046875 0.1390625 0.1859375
0 0.62109375 0.29375 0.0546875 0.109375
0 0.66171875 0.87734375 0.125 0.1171875
0 0.58359375 0.94453125 0.0828125 0.1109375
0 0.42109375 0.10078125 0.0828125 0.14375
0 0.07890625 0.3859375 0.0796875 0.1515625
0 0.62578125 0.175 0.0546875 0.1171875
0 0.8078125 0.15703125 0.0984375 0.19375
0 0.94140625 0.56640625 0.09375 0.196875