0 0.3046875 0.0984375 0.1578125 0.13125
0 0.33125 0.265625 0.159375 0.1328125
0 0.35 0.85 0.140625 0.1140625
0 0.6515625 0.3140625 0.1359375 0.1296875
0 0.659375 0.11171875 0.1296875 0.16875
0 0.5765625 0.68203125 0.1640625 0.0828125
0 0.71796875 0.66640625 0.1 0.0921875
0 0.3390625 0.7 0.1109375 0.0953125
0 0.478125 0.834375 0.1109375 0.103125
0 0.5890625 0.8015625 0.1140625 0.096875
0 0.46640625 0.36953125 0.1125 0.0953125
0 0.775 0.06484375 0.1546875 0.125
0 0.753125 0.18671875 0.1140625 0.0890625
0 0.69609375 0.8609375 0.0890625 0.0921875
0 0.51796875 0.5734375 0.1 0.090625
0 0.6046875 0.6171875 0.09375 0.078125
0 0.43671875 0.4734375 0.078125 0.0828125
0 0.69375 0.41328125 0.0890625 0.084375
0 0.35625 0.3515625 0.115625 0.121875
0 0.33125 0.16796875 0.053125 0.06875
0 0.42421875 0.3 0.109375 0.1078125
0 0.3203125 0.64296875 0.0953125 0.059375
0 0.1671875 0.66484375 0.09375 0.065625
0 0.76484375 0.5796875 0.0890625 0.0890625
0 0.6703125 0.56328125 0.0828125 0.0671875
0 0.6171875 0.5078125 0.078125 0.0578125
0 0.56796875 0.53203125 0.0671875 0.0671875
0 0.5921875 0.5609375 0.0671875 0.05625
0 0.6609375 0.78046875 0.05 0.075
0 0.72421875 0.76171875 0.06875 0.078125
0 0.58671875 0.95 0.1109375 0.0875
0 0.50859375 0.9515625 0.1078125 0.0609375