0 0.39921875 0.06640625 0.1640625 0.1328125
0 0.38828125 0.23359375 0.165625 0.140625
0 0.275 0.8078125 0.1453125 0.1203125
0 0.68984375 0.353125 0.1421875 0.1359375
0 0.74296875 0.1578125 0.1359375 0.1734375
0 0.53359375 0.69453125 0.1671875 0.090625
0 0.675 0.7109375 0.1046875 0.096875
0 0.29765625 0.65859375 0.1140625 0.1
0 0.40390625 0.82109375 0.115625 0.1078125
0 0.51875 0.81328125 0.1171875 0.1015625
0 0.496875 0.365625 0.115625 0.1
0 0.865625 0.13828125 0.159375 0.13125
0 0.8171875 0.2515625 0.1171875 0.09375
0 0.61015625 0.89609375 0.0921875 0.096875
0 0.50078125 0.57578125 0.1046875 0.0953125
0 0.575 0.6375 0.096875 0.08125
0 0.44375 0.46015625 0.08125 0.0859375
0 0.70859375 0.459375 0.0921875 0.0890625
0 0.39296875 0.3234375 0.1203125 0.1265625
0 0.41015625 0.1390625 0.05625 0.071875
0 0.47109375 0.28828125 0.1140625 0.1125
0 0.29296875 0.5984375 0.096875 0.0640625
0 0.13828125 0.5859375 0.096875 0.0703125
0 0.740625 0.6375 0.09375 0.09375
0 0.6515625 0.6 0.0859375 0.071875
0 0.6125 0.534375 0.0796875 0.0609375
0 0.559375 0.54609375 0.0703125 0.0703125
0 0.5765625 0.58046875 0.06875 0.059375
0 0.59375 0.81015625 0.053125 0.0765625
0 0.66015625 0.80546875 0.071875 0.08125
0 0.48203125 0.95546875 0.1140625 0.0890625
0 0.40703125 0.9421875 0.109375 0.065625