0 0.10625 0.24921875 0.1890625 0.16875
0 0.15390625 0.43984375 0.171875 0.2828125
0 0.32109375 0.4859375 0.1671875 0.1671875
0 0.38359375 0.67734375 0.25 0.246875
0 0.22890625 0.715625 0.1984375 0.2234375
0 0.46328125 0.58828125 0.1546875 0.1375
0 0.6171875 0.6078125 0.203125 0.15625
0 0.8703125 0.59921875 0.259375 0.2421875
0 0.384375 0.903125 0.178125 0.19375
0 0.49375 0.846875 0.1203125 0.1515625
0 0.69921875 0.8125 0.2796875 0.3125
0 0.2703125 0.2421875 0.1109375 0.221875
0 0.37421875 0.26328125 0.1953125 0.3296875
0 0.1125 0.628125 0.1265625 0.2375
0 0.45703125 0.45234375 0.1609375 0.215625
0 0.5828125 0.46796875 0.1859375 0.253125