0 0.55390625 0.590625 0.1328125 0.203125
0 0.68046875 0.290625 0.103125 0.1796875
0 0.59453125 0.2640625 0.103125 0.159375
0 0.51875 0.5 0.090625 0.1515625
0 0.4515625 0.48984375 0.1125 0.171875
0 0.53125 0.8359375 0.1125 0.1890625
0 0.36953125 0.87734375 0.1 0.1859375
0 0.6765625 0.86875 0.0890625 0.1171875
0 0.7078125 0.51484375 0.109375 0.184375
0 0.65625 0.61953125 0.0703125 0.1453125
0 0.69296875 0.946875 0.0796875 0.10625
0 0.44765625 0.61796875 0.0796875 0.153125
0 0.34921875 0.5984375 0.1109375 0.1578125
0 0.6390625 0.38984375 0.075 0.115625
0 0.57890625 0.4203125 0.1 0.0828125
0 0.60546875 0.61015625 0.0859375 0.1390625