0 0.509375 0.69375 0.2953125 0.190625
0 0.528125 0.33125 0.30625 0.2171875
0 0.83359375 0.83046875 0.303125 0.1953125
0 0.44453125 0.1421875 0.325 0.1984375
0 0.51015625 0.484375 0.20625 0.1890625
0 0.30390625 0.69140625 0.1375 0.1078125
0 0.53125 0.87734375 0.1453125 0.13125
0 0.42734375 0.89140625 0.1 0.1140625
0 0.35078125 0.85390625 0.090625 0.0765625
0 0.35703125 0.78828125 0.0921875 0.078125
0 0.25234375 0.5296875 0.1328125 0.146875
0 0.35 0.4 0.1390625 0.1734375
0 0.403125 0.52265625 0.1 0.11875