0 0.45859375 0.3109375 0.315625 0.2328125
0 0.5703125 0.65625 0.3328125 0.259375
0 0.7359375 0.10625 0.325 0.2125
0 0.5390625 0.86015625 0.346875 0.24375
0 0.5140625 0.5125 0.2296875 0.2171875
0 0.2609375 0.365625 0.1515625 0.1265625
0 0.4328125 0.12734375 0.1609375 0.15
0 0.32890625 0.14140625 0.1140625 0.1265625
0 0.26484375 0.196875 0.1 0.0890625
0 0.2875 0.25859375 0.103125 0.090625
0 0.253125 0.5359375 0.1515625 0.1640625
0 0.38125 0.63515625 0.1625 0.190625
0 0.40078125 0.503125 0.115625 0.13125