0 0.41640625 0.5640625 0.1453125 0.2078125
0 0.4109375 0.23828125 0.1140625 0.1828125
0 0.50078125 0.24609375 0.1125 0.1625
0 0.4828125 0.49296875 0.0984375 0.1546875
0 0.5484375 0.50859375 0.121875 0.175
0 0.3453125 0.79921875 0.1234375 0.1921875
0 0.4796875 0.8984375 0.1109375 0.1890625
0 0.1984375 0.77578125 0.0953125 0.1203125
0 0.3015625 0.4359375 0.1203125 0.1875
0 0.3109375 0.55234375 0.078125 0.146875
0 0.14765625 0.8546875 0.0875 0.1375
0 0.50390625 0.62890625 0.0890625 0.1546875
0 0.603125 0.64765625 0.11875 0.1609375
0 0.4125 0.34609375 0.0828125 0.11875
0 0.45625 0.39609375 0.103125 0.0875
0 0.3609375 0.5625 0.0953125 0.1421875