0 0.625 0.63671875 0.2109375 0.2265625
0 0.24375 0.690625 0.2046875 0.2328125
0 0.36171875 0.5203125 0.1734375 0.1859375
0 0.61484375 0.44453125 0.14375 0.171875
0 0.78125 0.21640625 0.165625 0.2375
0 0.29765625 0.42734375 0.2015625 0.2515625
0 0.89296875 0.22421875 0.2015625 0.2703125
0 0.3671875 0.828125 0.20625 0.259375
0 0.1203125 0.79453125 0.128125 0.1546875
0 0.03828125 0.740625 0.0765625 0.18125
0 0.41171875 0.08125 0.1796875 0.1609375
0 0.46328125 0.77578125 0.08125 0.1265625
0 0.51953125 0.64375 0.084375 0.153125
0 0.7359375 0.490625 0.10625 0.121875
0 0.66328125 0.47109375 0.0921875 0.146875
0 0.7890625 0.309375 0.1453125 0.196875