0 0.51796875 0.69296875 0.2734375 0.1546875
0 0.44921875 0.33671875 0.2828125 0.178125
0 0.215625 0.87421875 0.28125 0.15625
0 0.50546875 0.13828125 0.3046875 0.15625
0 0.4875 0.4859375 0.1828125 0.1640625
0 0.72109375 0.6625 0.1265625 0.090625
0 0.52109375 0.87734375 0.1296875 0.1140625
0 0.6265625 0.87734375 0.084375 0.103125
0 0.696875 0.8296875 0.0828125 0.065625
0 0.68203125 0.765625 0.084375 0.0671875
0 0.75 0.49453125 0.1140625 0.13125
0 0.634375 0.3796875 0.11875 0.15625
0 0.5984375 0.50859375 0.084375 0.1078125