0 0.09375 0.2765625 0.1875 0.178125
0 0.15 0.46484375 0.1875 0.2890625
0 0.32109375 0.4984375 0.1765625 0.175
0 0.39609375 0.68515625 0.2609375 0.259375
0 0.24453125 0.73359375 0.209375 0.2328125
0 0.46953125 0.590625 0.1609375 0.1453125
0 0.625 0.59921875 0.209375 0.1671875
0 0.87109375 0.5734375 0.2578125 0.25625
0 0.4140625 0.9046875 0.190625 0.190625
0 0.51796875 0.84609375 0.128125 0.15625
0 0.7203125 0.79765625 0.2953125 0.325
0 0.25234375 0.25859375 0.1234375 0.225
0 0.3578125 0.27265625 0.2140625 0.3359375
0 0.12265625 0.6546875 0.140625 0.2421875
0 0.45390625 0.45546875 0.171875 0.221875
0 0.58046875 0.4625 0.2 0.2609375