0 0.0984375 0.6953125 0.1625 0.1828125
0 0.265625 0.66875 0.1640625 0.1859375
0 0.85078125 0.65 0.140625 0.1609375
0 0.31484375 0.3484375 0.1546875 0.159375
0 0.11171875 0.33984375 0.1921875 0.1609375
0 0.6828125 0.42421875 0.1140625 0.178125
0 0.66640625 0.28203125 0.1109375 0.1171875
0 0.7 0.66171875 0.1171875 0.1296875
0 0.834375 0.521875 0.1234375 0.1296875
0 0.80078125 0.4109375 0.11875 0.13125
0 0.36953125 0.53359375 0.1171875 0.1296875
0 0.07109375 0.225 0.1421875 0.178125
0 0.18671875 0.246875 0.109375 0.13125
0 0.8609375 0.30390625 0.109375 0.1046875
0 0.5734375 0.48203125 0.1078125 0.1171875
0 0.6171875 0.3953125 0.0953125 0.10625
0 0.4734375 0.56328125 0.096875 0.0921875
0 0.41328125 0.30625 0.103125 0.10625
0 0.35234375 0.64453125 0.1421875 0.1390625
0 0.16796875 0.66875 0.078125 0.0671875
0 0.30078125 0.575 0.128125 0.1296875
0 0.64296875 0.6796875 0.078125 0.1046875
0 0.66484375 0.83359375 0.084375 0.10625
0 0.5796875 0.234375 0.10625 0.1078125
0 0.56328125 0.33046875 0.0828125 0.0953125
0 0.50703125 0.38203125 0.0734375 0.0875
0 0.53125 0.43203125 0.0796875 0.0796875
0 0.5609375 0.4078125 0.0703125 0.0765625
0 0.78046875 0.3390625 0.084375 0.065625
0 0.76171875 0.27578125 0.0921875 0.084375
0 0.94765625 0.4125 0.1046875 0.125
0 0.9515625 0.490625 0.08125 0.1171875