0 0.56171875 0.5859375 0.1171875 0.1953125
0 0.66171875 0.27578125 0.0890625 0.175
0 0.5734375 0.25703125 0.0921875 0.153125
0 0.51875 0.4984375 0.078125 0.146875
0 0.45078125 0.49453125 0.1 0.165625
0 0.5609375 0.83125 0.0984375 0.184375
0 0.403125 0.8875 0.0859375 0.18125
0 0.7078125 0.85234375 0.08125 0.1109375
0 0.70859375 0.496875 0.0953125 0.178125
0 0.665625 0.60546875 0.0578125 0.1421875
0 0.73203125 0.93828125 0.0703125 0.1234375
0 0.45859375 0.62265625 0.0671875 0.1484375
0 0.35859375 0.61171875 0.0984375 0.1515625
0 0.62890625 0.378125 0.0671875 0.1109375
0 0.571875 0.41328125 0.0953125 0.075
0 0.6140625 0.60078125 0.0765625 0.134375