0 0.3421875 0.403125 0.1859375 0.20625
0 0.69375 0.24609375 0.1796875 0.2140625
0 0.62734375 0.4421875 0.1546875 0.16875
0 0.4046875 0.58515625 0.125 0.159375
0 0.3078125 0.85 0.1390625 0.225
0 0.71484375 0.5140625 0.1734375 0.234375
0 0.196875 0.87265625 0.171875 0.2546875
0 0.5375 0.1484375 0.178125 0.2421875
0 0.78359375 0.11171875 0.1109375 0.1421875
0 0.91328125 0.13125 0.134375 0.1671875
0 0.7 0.878125 0.165625 0.1421875
0 0.459375 0.225 0.065625 0.1203125
0 0.44140625 0.3671875 0.0640625 0.1484375
0 0.27578125 0.57421875 0.09375 0.1125
0 0.35078125 0.5734375 0.075 0.140625
0 0.275 0.76328125 0.1234375 0.1859375