0 0.6296875 0.07265625 0.1640625 0.140625
0 0.63046875 0.2421875 0.1671875 0.1421875
0 0.703125 0.82265625 0.146875 0.1203125
0 0.32109375 0.340625 0.1421875 0.1359375
0 0.28125 0.14140625 0.1375 0.175
0 0.453125 0.6921875 0.16875 0.090625
0 0.3109375 0.6984375 0.1046875 0.096875
0 0.690625 0.67265625 0.115625 0.1
0 0.5734375 0.82734375 0.115625 0.10625
0 0.459375 0.8109375 0.1171875 0.103125
0 0.5125 0.365625 0.115625 0.1
0 0.16015625 0.1140625 0.1609375 0.13125
0 0.20078125 0.2296875 0.11875 0.09375
0 0.36328125 0.88671875 0.0921875 0.096875
0 0.49375 0.57578125 0.1046875 0.09375
0 0.41484375 0.63203125 0.096875 0.08125
0 0.55859375 0.4640625 0.08125 0.0859375
0 0.29453125 0.44453125 0.09375 0.090625
0 0.61953125 0.33125 0.121875 0.1265625
0 0.61484375 0.14609375 0.0578125 0.0703125
0 0.54296875 0.29140625 0.1140625 0.1125
0 0.7 0.61328125 0.096875 0.0640625
0 0.8546875 0.6109375 0.096875 0.0703125
0 0.25 0.6203125 0.0953125 0.09375
0 0.3421875 0.5890625 0.0875 0.071875
0 0.38515625 0.52578125 0.0796875 0.0625
0 0.4375 0.54140625 0.0703125 0.0703125
0 0.41875 0.57421875 0.06875 0.059375
0 0.384375 0.80234375 0.0546875 0.078125
0 0.31953125 0.79375 0.0734375 0.0828125
0 0.48515625 0.95625 0.1140625 0.0875
0 0.56171875 0.94765625 0.109375 0.065625