0 0.1125 0.59140625 0.10625 0.153125
0 0.13828125 0.7203125 0.1203125 0.1171875
0 0.24453125 0.69375 0.1375 0.128125
0 0.2421875 0.55078125 0.1234375 0.1859375
0 0.41171875 0.503125 0.109375 0.1171875
0 0.378125 0.60859375 0.1109375 0.096875
0 0.36875 0.45625 0.04375 0.0859375
0 0.39765625 0.425 0.05625 0.071875
0 0.346875 0.5359375 0.05 0.0828125
0 0.525 0.3828125 0.046875 0.0859375
0 0.56015625 0.44453125 0.096875 0.0796875
0 0.4171875 0.76484375 0.0625 0.053125
0 0.5375 0.75859375 0.05625 0.0796875
0 0.6546875 0.29765625 0.065625 0.0875
0 0.67109375 0.39140625 0.046875 0.075
0 0.72734375 0.47734375 0.13125 0.140625
0 0.65546875 0.4953125 0.053125 0.059375
0 0.8125 0.4453125 0.0765625 0.1109375
0 0.8296875 0.35859375 0.071875 0.0875
0 0.55625 0.63359375 0.059375 0.0734375
0 0.50703125 0.63828125 0.0703125 0.0515625
0 0.69921875 0.6703125 0.05625 0.090625
0 0.2734375 0.80390625 0.05625 0.053125
0 0.4234375 0.70078125 0.0703125 0.0609375
0 0.478125 0.421875 0.0484375 0.071875
0 0.709375 0.25078125 0.0546875 0.0796875
0 0.709375 0.5640625 0.0765625 0.1078125
0 0.64609375 0.70234375 0.0515625 0.053125
0 0.64375 0.58984375 0.0421875 0.046875
0 0.453125 0.58515625 0.0703125 0.0515625