0 0.56640625 0.4 0.3390625 0.3421875
0 0.4375 0.51171875 0.15625 0.165625
0 0.33203125 0.6109375 0.1859375 0.171875
0 0.84453125 0.42890625 0.1265625 0.1203125
0 0.95 0.446875 0.0984375 0.1109375
0 0.94921875 0.5421875 0.1015625 0.1625
0 0.87890625 0.5140625 0.1265625 0.1703125
0 0.84609375 0.6203125 0.1078125 0.1265625
0 0.86796875 0.77109375 0.153125 0.1578125
0 0.96328125 0.70625 0.0734375 0.2375
0 0.7328125 0.69375 0.1765625 0.20625
0 0.59609375 0.59296875 0.2171875 0.2109375
0 0.3984375 0.71875 0.25 0.2234375
0 0.13125 0.7 0.1359375 0.1265625
0 0.05703125 0.6203125 0.1015625 0.109375
0 0.23515625 0.79921875 0.1359375 0.1390625