0 0.134375 0.6578125 0.125 0.165625
0 0.18203125 0.7796875 0.1359375 0.1328125
0 0.28203125 0.73515625 0.153125 0.1453125
0 0.2546875 0.5953125 0.1484375 0.2015625
0 0.41328125 0.51875 0.125 0.13125
0 0.3984375 0.628125 0.1234375 0.1109375
0 0.36328125 0.4796875 0.0546875 0.0921875
0 0.3859375 0.44375 0.065625 0.078125
0 0.35546875 0.56171875 0.0609375 0.0875
0 0.50390625 0.3796875 0.0578125 0.0921875
0 0.55 0.43515625 0.10625 0.0921875
0 0.46484375 0.775 0.06875 0.0609375
0 0.58203125 0.74765625 0.065625 0.0859375
0 0.6171875 0.27421875 0.0765625 0.0953125
0 0.65 0.36328125 0.05625 0.08125
0 0.71953125 0.43828125 0.1484375 0.1578125
0 0.65234375 0.46875 0.059375 0.065625
0 0.7984375 0.3921875 0.090625 0.1203125
0 0.8 0.30390625 0.0828125 0.0953125
0 0.57890625 0.621875 0.06875 0.0796875
0 0.53125 0.63515625 0.075 0.059375
0 0.72578125 0.63359375 0.0671875 0.096875
0 0.3296875 0.83828125 0.0625 0.059375
0 0.46015625 0.7109375 0.0765625 0.06875
0 0.46484375 0.42734375 0.0578125 0.0765625
0 0.6625 0.21796875 0.0640625 0.0859375
0 0.7171875 0.5265625 0.090625 0.1171875
0 0.67890625 0.67421875 0.0578125 0.059375
0 0.65703125 0.5640625 0.046875 0.053125
0 0.46875 0.5921875 0.075 0.059375