0 0.10234375 0.52265625 0.1296875 0.16875
0 0.10546875 0.65390625 0.1390625 0.1359375
0 0.2140625 0.646875 0.1578125 0.1484375
0 0.23671875 0.50546875 0.153125 0.2046875
0 0.4125 0.4875 0.128125 0.134375
0 0.3609375 0.5859375 0.125 0.1140625
0 0.378125 0.434375 0.0578125 0.0921875
0 0.41171875 0.4078125 0.0671875 0.0796875
0 0.34296875 0.50859375 0.0625 0.0890625
0 0.54453125 0.38828125 0.0609375 0.09375
0 0.56875 0.45625 0.1078125 0.0953125
0 0.37265625 0.746875 0.0703125 0.0625
0 0.4921875 0.7609375 0.06875 0.0875
0 0.68671875 0.328125 0.0796875 0.096875
0 0.6875 0.42265625 0.059375 0.0828125
0 0.72734375 0.5171875 0.1515625 0.1609375
0 0.65390625 0.52265625 0.0609375 0.0671875
0 0.8171875 0.50078125 0.09375 0.121875
0 0.84921875 0.41796875 0.0859375 0.0984375
0 0.53203125 0.64140625 0.0703125 0.08125
0 0.4828125 0.6375 0.0765625 0.0625
0 0.66640625 0.70234375 0.0703125 0.0984375
0 0.22421875 0.76015625 0.0640625 0.0609375
0 0.38984375 0.684375 0.078125 0.071875
0 0.49140625 0.41953125 0.059375 0.078125
0 0.74921875 0.290625 0.0671875 0.0875
0 0.69453125 0.59921875 0.09375 0.11875
0 0.60859375 0.725 0.059375 0.059375
0 0.62578125 0.61328125 0.0484375 0.053125
0 0.4390625 0.57578125 0.0765625 0.0625