0 0.4421875 0.89375 0.1609375 0.11875
0 0.31171875 0.8796875 0.128125 0.1296875
0 0.32890625 0.771875 0.1390625 0.1484375
0 0.471875 0.76171875 0.1953125 0.1390625
0 0.5046875 0.58828125 0.1265625 0.11875
0 0.40234375 0.63125 0.10625 0.11875
0 0.5546875 0.62734375 0.090625 0.0515625
0 0.58359375 0.5953125 0.075 0.0625
0 0.478125 0.65546875 0.0859375 0.05625
0 0.61484375 0.46484375 0.090625 0.0546875
0 0.55 0.43515625 0.0875 0.103125
0 0.24296875 0.60546875 0.0578125 0.065625
0 0.2390625 0.48515625 0.0828125 0.0625
0 0.6875 0.32890625 0.0921875 0.0734375
0 0.59375 0.31953125 0.0796875 0.053125
0 0.503125 0.271875 0.1515625 0.1421875
0 0.490625 0.34453125 0.0625 0.0578125
0 0.52734375 0.18359375 0.1171875 0.0859375
0 0.61171875 0.159375 0.0921875 0.0796875
0 0.36171875 0.45546875 0.078125 0.065625
0 0.36171875 0.50546875 0.05625 0.0734375
0 0.3125 0.31640625 0.09375 0.0640625
0 0.2171875 0.75234375 0.05625 0.059375
0 0.30625 0.59375 0.065625 0.075
0 0.5796875 0.51484375 0.075 0.0546875
0 0.73046875 0.2703125 0.0828125 0.0609375
0 0.41796875 0.29765625 0.1140625 0.0859375
0 0.28515625 0.37265625 0.05625 0.0546875
0 0.39765625 0.36484375 0.0515625 0.0453125
0 0.41953125 0.55390625 0.05625 0.0734375