0 0.37421875 0.63671875 0.2125 0.23125
0 0.75625 0.690625 0.2078125 0.2359375
0 0.63828125 0.5203125 0.175 0.1875
0 0.38515625 0.44453125 0.1453125 0.1734375
0 0.21875 0.21640625 0.1671875 0.2421875
0 0.703125 0.42734375 0.203125 0.2546875
0 0.10703125 0.22421875 0.2046875 0.275
0 0.6328125 0.828125 0.2109375 0.2640625
0 0.8796875 0.7953125 0.128125 0.15625
0 0.96015625 0.74140625 0.0796875 0.1796875
0 0.58828125 0.08125 0.1828125 0.1625
0 0.5375 0.77578125 0.08125 0.1265625
0 0.48046875 0.64375 0.0828125 0.15625
0 0.26328125 0.48984375 0.10625 0.121875
0 0.33671875 0.4703125 0.0921875 0.1484375
0 0.2109375 0.309375 0.1484375 0.2015625