0 0.3671875 0.63046875 0.203125 0.2234375
0 0.74609375 0.70390625 0.196875 0.228125
0 0.6375 0.52734375 0.16875 0.18125
0 0.38828125 0.4390625 0.1375 0.16875
0 0.23359375 0.20234375 0.15625 0.2359375
0 0.70625 0.43828125 0.1921875 0.246875
0 0.121875 0.2046875 0.1921875 0.2671875
0 0.615625 0.834375 0.1984375 0.25625
0 0.8640625 0.81484375 0.121875 0.1515625
0 0.95546875 0.765625 0.0890625 0.175
0 0.609375 0.0859375 0.1765625 0.1546875
0 0.52265625 0.77734375 0.0765625 0.125
0 0.47265625 0.64296875 0.0765625 0.1546875
0 0.2640625 0.47734375 0.1015625 0.11875
0 0.33828125 0.46171875 0.0859375 0.1453125
0 0.221875 0.29453125 0.1390625 0.1953125