0 0.06875 0.61484375 0.134375 0.159375
0 0.2375 0.62109375 0.1359375 0.1625
0 0.815625 0.7140625 0.115625 0.1421875
0 0.346875 0.315625 0.13125 0.1375
0 0.14921875 0.26875 0.1703125 0.13125
0 0.69375 0.46015625 0.084375 0.165625
0 0.7046875 0.31796875 0.09375 0.1015625
0 0.665625 0.696875 0.096875 0.1125
0 0.82421875 0.58515625 0.103125 0.1125
0 0.8125 0.4703125 0.0984375 0.1140625
0 0.365625 0.5078125 0.096875 0.1125
0 0.12578125 0.146875 0.1265625 0.15625
0 0.240625 0.19140625 0.0890625 0.115625
0 0.89140625 0.3765625 0.09375 0.0890625
0 0.57578125 0.49609375 0.090625 0.1015625
0 0.63515625 0.41953125 0.078125 0.09375
0 0.46171875 0.55703125 0.0828125 0.078125
0 0.4515625 0.29296875 0.0875 0.090625
0 0.32734375 0.61328125 0.121875 0.1171875
0 0.1421875 0.60234375 0.06875 0.0546875
0 0.28984375 0.5359375 0.109375 0.1109375
0 0.60625 0.70390625 0.0609375 0.0953125
0 0.5984375 0.85859375 0.0671875 0.0953125
0 0.62890625 0.2546875 0.090625 0.0921875
0 0.59453125 0.3453125 0.06875 0.084375
0 0.5296875 0.3859375 0.059375 0.078125
0 0.54375 0.4390625 0.06875 0.0671875
0 0.57734375 0.42109375 0.0578125 0.0671875
0 0.80625 0.3953125 0.0765625 0.0515625
0 0.8 0.3296875 0.0796875 0.0703125
0 0.95703125 0.50078125 0.0859375 0.1109375
0 0.9453125 0.57734375 0.0625 0.1078125