0 0.16640625 0.17265625 0.1765625 0.153125
0 0.1734375 0.36953125 0.1453125 0.271875
0 0.328125 0.4484375 0.1546875 0.153125
0 0.34921875 0.64921875 0.2296875 0.2265625
0 0.18984375 0.65390625 0.1796875 0.2078125
0 0.44609375 0.57890625 0.14375 0.125
0 0.5921875 0.6296875 0.190625 0.1390625
0 0.853125 0.67734375 0.2625 0.2171875
0 0.30078125 0.88125 0.159375 0.203125
0 0.421875 0.8375 0.1078125 0.1421875
0 0.6296875 0.846875 0.253125 0.290625
0 0.32890625 0.2 0.0890625 0.215625
0 0.42578125 0.2421875 0.1640625 0.31875
0 0.09453125 0.54453125 0.1046875 0.23125
0 0.46796875 0.44453125 0.140625 0.203125
0 0.5875 0.4859375 0.1640625 0.240625