0 0.48203125 0.30703125 0.2734375 0.1546875
0 0.55078125 0.66328125 0.2828125 0.178125
0 0.784375 0.12578125 0.28125 0.15625
0 0.49453125 0.86171875 0.3046875 0.15625
0 0.5125 0.5140625 0.1828125 0.1640625
0 0.27890625 0.3375 0.1265625 0.090625
0 0.47890625 0.12265625 0.1296875 0.1140625
0 0.3734375 0.12265625 0.084375 0.103125
0 0.303125 0.1703125 0.0828125 0.065625
0 0.31796875 0.234375 0.084375 0.0671875
0 0.25 0.50546875 0.1140625 0.13125
0 0.365625 0.6203125 0.11875 0.15625
0 0.4015625 0.49140625 0.084375 0.1078125