0 0.40703125 0.4234375 0.31875 0.3140625
0 0.50546875 0.56328125 0.1546875 0.14375
0 0.59296875 0.678125 0.159375 0.1734375
0 0.465625 0.15 0.1109375 0.11875
0 0.49375 0.046875 0.1046875 0.090625
0 0.590625 0.05078125 0.153125 0.1015625
0 0.55390625 0.125 0.1640625 0.1109375
0 0.65625 0.16796875 0.11875 0.0984375
0 0.8078125 0.1625 0.146875 0.1421875
0 0.75625 0.04296875 0.23125 0.0859375
0 0.7171875 0.28828125 0.1953125 0.159375
0 0.603125 0.4140625 0.1953125 0.203125
0 0.70625 0.62421875 0.2046875 0.2359375
0 0.66015625 0.8875 0.1171875 0.1265625
0 0.5734375 0.953125 0.103125 0.09375
0 0.76953125 0.79453125 0.1296875 0.1265625