0 0.24375 0.6484375 0.1390625 0.2640625
0 0.5828125 0.69375 0.1796875 0.3390625
0 0.46328125 0.31015625 0.15625 0.2171875
0 0.840625 0.6390625 0.1625 0.3140625
0 0.68046875 0.36328125 0.15625 0.209375
0 0.709375 0.2078125 0.1296875 0.165625
0 0.2859375 0.29140625 0.1796875 0.3953125
0 0.353125 0.7078125 0.1390625 0.1953125
0 0.05078125 0.67265625 0.1015625 0.24375
0 0.43671875 0.84921875 0.090625 0.1796875
0 0.2375 0.0921875 0.1203125 0.184375
0 0.21015625 0.509375 0.1359375 0.1828125
0 0.6171875 0.29140625 0.053125 0.1078125
0 0.66796875 0.87421875 0.1234375 0.115625
0 0.5921875 0.94453125 0.08125 0.1109375
0 0.4140625 0.10234375 0.0796875 0.1421875
0 0.07734375 0.39296875 0.0765625 0.15
0 0.6203125 0.17265625 0.053125 0.115625
0 0.8015625 0.1515625 0.0953125 0.1921875
0 0.9421875 0.55859375 0.090625 0.1953125