0 0.340625 0.9171875 0.1484375 0.11875
0 0.35234375 0.7484375 0.15 0.1203125
0 0.3203125 0.1640625 0.1328125 0.103125
0 0.6671875 0.671875 0.1265625 0.11875
0 0.69296875 0.87265625 0.115625 0.159375
0 0.56015625 0.31171875 0.159375 0.06875
0 0.70234375 0.315625 0.09375 0.084375
0 0.321875 0.31484375 0.103125 0.0859375
0 0.44921875 0.16875 0.103125 0.09375
0 0.5625 0.1921875 0.10625 0.0875
0 0.478125 0.6328125 0.1046875 0.0859375
0 0.81171875 0.909375 0.1453125 0.1125
0 0.7796875 0.78984375 0.1078125 0.0796875
0 0.6640625 0.1234375 0.08125 0.0859375
0 0.51171875 0.425 0.09375 0.0828125
0 0.59375 0.37421875 0.0875 0.0703125
0 0.4390625 0.53203125 0.071875 0.0765625
0 0.70078125 0.56953125 0.0828125 0.078125
0 0.36953125 0.66015625 0.10625 0.1125
0 0.3609375 0.8453125 0.046875 0.065625
0 0.4421875 0.70546875 0.1015625 0.1
0 0.30859375 0.3734375 0.090625 0.0515625
0 0.15390625 0.36484375 0.0890625 0.0578125
0 0.75703125 0.39765625 0.0828125 0.0828125
0 0.6640625 0.421875 0.078125 0.0609375
0 0.61640625 0.48203125 0.0734375 0.0515625
0 0.56484375 0.4625 0.0625 0.0625
0 0.58671875 0.43125 0.0625 0.0515625
0 0.6359375 0.20625 0.04375 0.071875
0 0.70078125 0.21953125 0.0625 0.0734375
0 0.546875 0.04453125 0.1046875 0.078125
0 0.46953125 0.04921875 0.103125 0.0515625