0 0.4265625 0.4046875 0.3140625 0.309375
0 0.49140625 0.5625 0.153125 0.1421875
0 0.55 0.69453125 0.15625 0.171875
0 0.5453125 0.1515625 0.109375 0.1171875
0 0.59609375 0.05703125 0.103125 0.0890625
0 0.69140625 0.07421875 0.153125 0.11875
0 0.63671875 0.146875 0.1625 0.109375
0 0.7265625 0.21171875 0.1171875 0.096875
0 0.87578125 0.23984375 0.1453125 0.1390625
0 0.85625 0.096875 0.2296875 0.1171875
0 0.759375 0.34296875 0.19375 0.1578125
0 0.61953125 0.43984375 0.19375 0.2
0 0.6734375 0.6671875 0.2015625 0.2328125
0 0.56875 0.91328125 0.1140625 0.125
0 0.46953125 0.95546875 0.1015625 0.0890625
0 0.696875 0.84765625 0.128125 0.1234375