0 0.24453125 0.86640625 0.1734375 0.1515625
0 0.296875 0.70546875 0.175 0.153125
0 0.40703125 0.13046875 0.153125 0.1328125
0 0.6203125 0.70703125 0.1515625 0.1453125
0 0.596875 0.90859375 0.15 0.1828125
0 0.60390625 0.33203125 0.171875 0.1046875
0 0.740625 0.3703125 0.1109375 0.1046875
0 0.371875 0.27734375 0.1203125 0.1078125
0 0.53125 0.16640625 0.1234375 0.115625
0 0.63515625 0.21640625 0.125 0.1109375
0 0.446875 0.6234375 0.121875 0.109375
0 0.703125 0.95 0.16875 0.1
0 0.7015625 0.84921875 0.1234375 0.103125
0 0.75 0.17421875 0.1 0.103125
0 0.5296875 0.4296875 0.1109375 0.103125
0 0.62109375 0.40078125 0.1015625 0.0890625
0 0.4328125 0.51640625 0.0875 0.0921875
0 0.678125 0.61640625 0.1 0.0953125
0 0.334375 0.62421875 0.1296875 0.134375
0 0.28125 0.8015625 0.0609375 0.075
0 0.39453125 0.68515625 0.1234375 0.121875
0 0.34453125 0.33125 0.1 0.071875
0 0.196875 0.28515625 0.1 0.078125
0 0.77421875 0.4625 0.1 0.1
0 0.678125 0.4640625 0.090625 0.078125
0 0.6171875 0.5109375 0.084375 0.0671875
0 0.571875 0.4796875 0.075 0.075
0 0.60078125 0.45390625 0.0734375 0.065625
0 0.703125 0.24765625 0.059375 0.0796875
0 0.7625 0.2765625 0.078125 0.0859375
0 0.65546875 0.06953125 0.1203125 0.1015625
0 0.5796875 0.05546875 0.1125 0.075