0 0.5796875 0.56875 0.190625 0.1078125
0 0.2625 0.64140625 0.171875 0.08125
0 0.2515625 0.5515625 0.15 0.084375
0 0.496875 0.51875 0.14375 0.071875
0 0.4984375 0.45078125 0.1609375 0.0921875
0 0.825 0.5890625 0.1796875 0.0890625
0 0.89375 0.4375 0.178125 0.0765625
0 0.8328125 0.7375 0.1078125 0.075
0 0.478125 0.7078125 0.175 0.0859375
0 0.590625 0.67421875 0.140625 0.0515625
0 0.9203125 0.7703125 0.128125 0.0625
0 0.62578125 0.46953125 0.146875 0.0609375
0 0.6234375 0.36875 0.146875 0.0921875
0 0.3671875 0.61796875 0.109375 0.0609375
0 0.4078125 0.5640625 0.0703125 0.0921875
0 0.58984375 0.62265625 0.13125 0.06875