0 0.0671875 0.53828125 0.134375 0.1796875
0 0.2203125 0.5734375 0.1625 0.184375
0 0.7734375 0.765625 0.1390625 0.159375
0 0.38125 0.2921875 0.153125 0.1578125
0 0.19453125 0.21171875 0.190625 0.159375
0 0.69765625 0.49453125 0.1125 0.178125
0 0.7328125 0.35625 0.109375 0.115625
0 0.62890625 0.72265625 0.115625 0.128125
0 0.8046875 0.63984375 0.1203125 0.128125
0 0.81328125 0.525 0.1171875 0.1296875
0 0.36640625 0.484375 0.115625 0.128125
0 0.19296875 0.0875 0.1515625 0.175
0 0.2984375 0.15078125 0.1078125 0.1296875
0 0.90703125 0.44609375 0.1078125 0.1046875
0 0.575 0.509375 0.10625 0.115625
0 0.646875 0.44453125 0.09375 0.10625
0 0.45234375 0.54921875 0.0953125 0.090625
0 0.48828125 0.2875 0.1015625 0.1046875
0 0.31015625 0.58125 0.140625 0.1359375
0 0.1296875 0.53828125 0.0765625 0.065625
0 0.28671875 0.49921875 0.1265625 0.128125
0 0.56953125 0.71953125 0.0765625 0.1046875
0 0.534375 0.8703125 0.0828125 0.10625
0 0.66953125 0.28046875 0.1046875 0.10625
0 0.6203125 0.3640625 0.0828125 0.0953125
0 0.54921875 0.39296875 0.071875 0.0875
0 0.55390625 0.44765625 0.0796875 0.078125
0 0.58984375 0.4359375 0.06875 0.0765625
0 0.81953125 0.45 0.084375 0.0640625
0 0.825 0.384375 0.090625 0.0828125
0 0.94921875 0.58046875 0.1015625 0.1234375
0 0.925 0.653125 0.0796875 0.1171875