0 0.4546875 0.5953125 0.146875 0.209375
0 0.30234375 0.30703125 0.1171875 0.184375
0 0.38515625 0.2734375 0.1140625 0.1640625
0 0.48125 0.5015625 0.1015625 0.1546875
0 0.546875 0.4859375 0.125 0.1765625
0 0.49765625 0.83671875 0.1265625 0.19375
0 0.6625 0.86484375 0.1140625 0.1890625
0 0.35625 0.8828125 0.096875 0.1203125
0 0.29375 0.5328125 0.121875 0.1890625
0 0.35546875 0.6328125 0.08125 0.146875
0 0.34765625 0.953125 0.0890625 0.09375
0 0.56171875 0.61328125 0.090625 0.1546875
0 0.65859375 0.58515625 0.121875 0.1625
0 0.3515625 0.40234375 0.084375 0.11875
0 0.4140625 0.42734375 0.1046875 0.0890625
0 0.4046875 0.61875 0.096875 0.1421875