0 0.50625 0.06875 0.1875 0.1375
0 0.55390625 0.215625 0.190625 0.171875
0 0.784375 0.7546875 0.165625 0.146875
0 0.284375 0.39609375 0.165625 0.1609375
0 0.190625 0.215625 0.16875 0.196875
0 0.50859375 0.69765625 0.18125 0.121875
0 0.37265625 0.74296875 0.121875 0.115625
0 0.73125 0.61328125 0.1328125 0.121875
0 0.6609375 0.79375 0.134375 0.1265625
0 0.546875 0.81015625 0.134375 0.1234375
0 0.475 0.36796875 0.1328125 0.121875
0 0.07890625 0.22265625 0.1578125 0.1609375
0 0.1375 0.32265625 0.134375 0.1140625
0 0.475 0.909375 0.109375 0.1125
0 0.51484375 0.57421875 0.1203125 0.1125
0 0.4546875 0.65078125 0.109375 0.0984375
0 0.54609375 0.44921875 0.0953125 0.1
0 0.2875 0.503125 0.109375 0.10625
0 0.56796875 0.3046875 0.14375 0.146875
0 0.5125 0.128125 0.0703125 0.0796875
0 0.484375 0.2875 0.134375 0.1328125
0 0.7234375 0.55390625 0.1078125 0.0828125
0 0.871875 0.50859375 0.109375 0.0875
0 0.29296875 0.684375 0.1109375 0.1109375
0 0.37265625 0.62890625 0.0984375 0.0875
0 0.396875 0.55625 0.090625 0.0765625
0 0.4515625 0.55703125 0.08125 0.0828125
0 0.4421875 0.59375 0.0796875 0.071875
0 0.47265625 0.82265625 0.06875 0.0875
0 0.40703125 0.83203125 0.0875 0.09375
0 0.6109375 0.94296875 0.128125 0.1109375
0 0.6828125 0.91328125 0.1203125 0.0875