0 0.56953125 0.5984375 0.321875 0.31875
0 0.5109375 0.4375 0.1578125 0.146875
0 0.45625 0.30390625 0.1609375 0.1765625
0 0.4421875 0.846875 0.1125 0.1203125
0 0.38828125 0.93984375 0.10625 0.0921875
0 0.29375 0.91875 0.1546875 0.1234375
0 0.35078125 0.8484375 0.1640625 0.1140625
0 0.26328125 0.7796875 0.1203125 0.1
0 0.11484375 0.74609375 0.1484375 0.14375
0 0.1296875 0.890625 0.2328125 0.1234375
0 0.23515625 0.6484375 0.196875 0.1625
0 0.378125 0.55625 0.1984375 0.2046875
0 0.3328125 0.3265625 0.2078125 0.2390625
0 0.4453125 0.084375 0.11875 0.128125
0 0.54609375 0.0453125 0.1046875 0.090625
0 0.315625 0.14609375 0.13125 0.128125