0 0.59375 0.5484375 0.20625 0.1421875
0 0.3 0.69140625 0.1828125 0.1125
0 0.26953125 0.60625 0.1625 0.1109375
0 0.50078125 0.51875 0.153125 0.096875
0 0.4875 0.45234375 0.175 0.1203125
0 0.83671875 0.5140625 0.1921875 0.121875
0 0.8703125 0.35 0.1875 0.1078125
0 0.87734375 0.65703125 0.11875 0.09375
0 0.52578125 0.70703125 0.1875 0.1171875
0 0.62734375 0.64921875 0.146875 0.0765625
0 0.95078125 0.66953125 0.0984375 0.0859375
0 0.615625 0.4421875 0.1546875 0.0875
0 0.590625 0.34453125 0.1609375 0.1171875
0 0.39765625 0.64453125 0.1171875 0.08125
0 0.42421875 0.5828125 0.0859375 0.103125
0 0.615625 0.59921875 0.140625 0.0921875