0 0.57578125 0.0671875 0.1703125 0.134375
0 0.59765625 0.228125 0.1734375 0.15
0 0.740625 0.79609375 0.1515625 0.128125
0 0.303125 0.36328125 0.1484375 0.1421875
0 0.2390625 0.17109375 0.1453125 0.18125
0 0.47734375 0.696875 0.171875 0.0984375
0 0.33671875 0.71953125 0.109375 0.1015625
0 0.7109375 0.64765625 0.1203125 0.10625
0 0.61328125 0.815625 0.1203125 0.1125
0 0.49765625 0.8140625 0.121875 0.1078125
0 0.49609375 0.365625 0.1203125 0.10625
0 0.115625 0.1578125 0.1671875 0.1390625
0 0.1703125 0.26875 0.1234375 0.0984375
0 0.4109375 0.90078125 0.096875 0.1015625
0 0.50234375 0.57578125 0.109375 0.0984375
0 0.43125 0.64140625 0.1 0.0859375
0 0.553125 0.45703125 0.084375 0.0890625
0 0.28984375 0.46953125 0.0984375 0.0953125
0 0.59765625 0.31796875 0.128125 0.13125
0 0.57109375 0.134375 0.0609375 0.0734375
0 0.5171875 0.2875 0.1203125 0.11875
0 0.7125 0.58828125 0.1 0.06875
0 0.865625 0.5671875 0.1015625 0.075
0 0.2671875 0.65 0.1 0.0984375
0 0.35390625 0.6078125 0.090625 0.0765625
0 0.3890625 0.53984375 0.0828125 0.065625
0 0.44296875 0.54921875 0.0734375 0.075
0 0.428125 0.58359375 0.071875 0.0640625
0 0.42265625 0.8140625 0.0578125 0.08125
0 0.35625 0.8140625 0.0765625 0.0859375
0 0.540625 0.95390625 0.11875 0.0921875
0 0.615625 0.93671875 0.1125 0.071875