0 0.73125 0.70390625 0.103125 0.1078125
0 0.421875 0.3828125 0.05625 0.0578125
0 0.31171875 0.22421875 0.065625 0.05625
0 0.58203125 0.50703125 0.05625 0.0578125
0 0.50234375 0.53046875 0.046875 0.0625
0 0.4328125 0.334375 0.0421875 0.034375
0 0.35 0.1390625 0.0953125 0.084375
0 0.7453125 0.57109375 0.0734375 0.04375
0 0.28984375 0.3453125 0.0578125 0.0734375
0 0.61875 0.63359375 0.0765625 0.084375
0 0.30078125 0.4234375 0.0828125 0.090625
0 0.44921875 0.2703125 0.0796875 0.084375
0 0.534375 0.50703125 0.0484375 0.0625
0 0.6453125 0.57890625 0.0640625 0.06875
0 0.60859375 0.4515625 0.0765625 0.0546875
0 0.4921875 0.3421875 0.059375 0.06875
0 0.478125 0.4875 0.046875 0.0515625