0 0.53425478125 0.7974422031249999 0.48466465156250005 0.8098602578125 0.4014692015625 0.7425831296875 0.317301240625 0.8618401312499999 0.381060128125 0.8916914437499999 0.4008212125 0.9738464375 0.4688098625 0.9840095 0.5032969921875 0.915961846875 0.5681715140625 0.8815907968750001 0.7337057703125 0.9237177593749999 0.7795589484375001 0.8578587750000001 0.90694670625 0.83552539375 0.8761441015625 0.7959109093750001 0.950191665625 0.6922788843750001 0.8255804109374999 0.6741414296875 0.6641207375 0.77046034375 0.5818464171875 0.6762676828124999 0.4849367421875 0.69348636875 0.53425478125 0.7974422031249999
0 0.6326297703125 0.520560203125 0.47598336406249997 0.48527038749999996 0.39934068749999996 0.55179065625 0.553612703125 0.5932134203125 0.5435054171875 0.6491141640625 0.7744858296875 0.6591231203125 0.811087134375 0.5871428859375001 0.6330580953125 0.5667738515625 0.6326297703125 0.520560203125
0 0.2822940359375 0.6017437671875 0.28139911875 0.7092108328125 0.37934683125 0.70683685 0.385613359375 0.59601070625 0.2822940359375 0.6017437671875
0 0.37826841875 0.25044318125 0.3769320703125 0.2714208359375 0.4385241765625 0.31037403750000003 0.4503185421875 0.3587763515625 0.5526129328125 0.378474353125 0.5916543453124999 0.33546762812500003 0.488633328125 0.305378334375 0.46431796406250003 0.1981824125 0.2866003375 0.1822667890625 0.27308061875 0.229455778125 0.37826841875 0.25044318125
0 0.7890625 0.27890625 0.209375 0.1265625
0 0.69921875 0.396875 0.153125 0.1375
0 0.3140625 0.43671875 0.1421875 0.1734375
0 0.64296875 0.09375 0.2234375 0.053125
0 0.48515625 0.05 0.1421875 0.034375
0 0.21640625 0.24140625 0.1671875 0.1296875
0 0.3203125 0.09765625 0.2359375 0.1171875
0 0.04140625 0.23125 0.0828125 0.071875
0 0.09765625 0.12265625 0.0859375 0.1125