0 0.5140625 0.35625 0.05625 0.04375
0 0.4625 0.71484375 0.0578125 0.0578125
0 0.8234375 0.8421875 0.078125 0.0484375
0 0.9421875 0.9453125 0.0546875 0.0328125
0 0.50078125 0.63359375 0.0578125 0.0453125
0 0.4671875 0.37421875 0.0359375 0.021875
0 0.4109375 0.446875 0.0328125 0.02109375
0 0.32890625 0.5953125 0.0375 0.0296875
0 0.45703125 0.4515625 0.03828125 0.0265625
0 0.4171875 0.4828125 0.0453125 0.034375
0 0.49140625 0.78046875 0.05078125 0.0390625
0 0.38671875 0.63125 0.0328125 0.03046875
0 0.4546875 0.4109375 0.03125 0.03203125
0 0.5109375 0.43203125 0.05 0.0265625
0 0.5109375 0.56015625 0.0296875 0.03515625
0 0.35859375 0.56875 0.03359375 0.0328125
0 0.490625 0.40234375 0.03359375 0.0359375
0 0.06171875 0.459375 0.0640625 0.0328125
0 0.4828125 0.59296875 0.03515625 0.02421875
0 0.1828125 0.9234375 0.03359375 0.03046875
0 0.46875 0.4734375 0.03125 0.0234375
0 0.49296875 0.53828125 0.0234375 0.02734375
0 0.40546875 0.5265625 0.0296875 0.03125
0 0.56640625 0.5140625 0.0265625 0.028125
0 0.440625 0.525 0.0328125 0.03125
0 0.4078125 0.77109375 0.04765625 0.0328125
0 0.4234375 0.5796875 0.03671875 0.02734375
0 0.0421875 0.459375 0.02421875 0.01875
0 0.478125 0.5109375 0.05625 0.028125
0 0.5375 0.4140625 0.025 0.02265625
0 0.4546875 0.57734375 0.03515625 0.0296875
0 0.37734375 0.5265625 0.025 0.025
0 0.4890625 0.48359375 0.03515625 0.01875
0 0.34375 0.64140625 0.02578125 0.02421875
0 0.43046875 0.559375 0.03046875 0.02265625