0 0.31484375 0.184375 0.1953125 0.184375
0 0.6703125 0.76171875 0.1578125 0.125
0 0.32734375 0.36875 0.1375 0.115625
0 0.25390625 0.61484375 0.165625 0.1296875
0 0.36484375 0.08046875 0.128125 0.10625
0 0.6734375 0.609375 0.1359375 0.11875
0 0.753125 0.096875 0.1078125 0.0953125
0 0.76015625 0.2015625 0.1359375 0.1125
0 0.5515625 0.6328125 0.08125 0.1
0 0.71640625 0.31953125 0.115625 0.10625
0 0.465625 0.33984375 0.084375 0.0890625
0 0.296875 0.48828125 0.1484375 0.125
0 0.65390625 0.05703125 0.08125 0.084375
0 0.43125 0.73046875 0.0859375 0.0984375
0 0.47421875 0.03203125 0.1359375 0.0640625
0 0.521875 0.815625 0.0765625 0.0859375
0 0.440625 0.63359375 0.05625 0.0625
0 0.4953125 0.9171875 0.078125 0.0640625
0 0.6046875 0.17421875 0.0875 0.103125
0 0.6328125 0.93671875 0.1328125 0.103125
0 0.49765625 0.24453125 0.065625 0.075
0 0.45390625 0.56953125 0.053125 0.0671875
0 0.503125 0.428125 0.05 0.0640625
0 0.5296875 0.71875 0.046875 0.0625
0 0.35859375 0.8421875 0.04375 0.0578125
0 0.38984375 0.953125 0.0578125 0.0734375
0 0.55234375 0.4703125 0.040625 0.0546875
0 0.5953125 0.275 0.05 0.0515625
0 0.1890625 0.8953125 0.071875 0.0640625
0 0.421875 0.81484375 0.0609375 0.08125
0 0.653125 0.496875 0.0796875 0.0921875
0 0.25234375 0.8578125 0.103125 0.0796875
0 0.5515625 0.31875 0.059375 0.078125
0 0.53046875 0.54765625 0.0390625 0.0359375
0 0.253125 0.4265625 0.078125 0.071875