0 0.64453125 0.87734375 0.1890625 0.1578125
0 0.7 0.628125 0.246875 0.140625
0 0.328125 0.6484375 0.115625 0.115625
0 0.796875 0.28984375 0.2046875 0.11875
0 0.703125 0.40390625 0.15 0.1328125
0 0.31640625 0.43046875 0.1375 0.16875
0 0.65703125 0.09921875 0.2234375 0.0453125
0 0.50078125 0.05 0.1421875 0.0296875
0 0.22578125 0.23125 0.1640625 0.125
0 0.334375 0.09140625 0.2328125 0.109375
0 0.04765625 0.21640625 0.0859375 0.06875
0 0.1109375 0.10859375 0.08125 0.1109375
0 0.5375 0.55 0.2 0.1078125
0 0.44609375 0.90546875 0.171875 0.1484375
0 0.56171875 0.75234375 0.1234375 0.125
0 0.37421875 0.8265625 0.1296875 0.115625
0 0.78671875 0.7859375 0.2046875 0.0890625