0 0.71875 0.43359375 0.1265625 0.1609375
0 0.67109375 0.87421875 0.190625 0.2015625
0 0.840625 0.29765625 0.140625 0.1875
0 0.784375 0.621875 0.1421875 0.1859375
0 0.7453125 0.24609375 0.134375 0.19375
0 0.85625 0.028125 0.090625 0.05625
0 0.80234375 0.10625 0.071875 0.125
0 0.71328125 0.60234375 0.0703125 0.1421875
0 0.6796875 0.25546875 0.0890625 0.146875
0 0.89453125 0.53984375 0.0453125 0.0984375
0 0.91796875 0.11875 0.0765625 0.1609375
0 0.85390625 0.08515625 0.065625 0.096875
0 0.85703125 0.4734375 0.0421875 0.084375
0 0.83984375 0.7828125 0.05 0.05
0 0.87265625 0.18984375 0.053125 0.1078125