0 0.72578125 0.48828125 0.1734375 0.165625
0 0.28125 0.42421875 0.0953125 0.2078125
0 0.93671875 0.51484375 0.109375 0.121875
0 0.5203125 0.715625 0.2 0.3109375
0 0.278125 0.68203125 0.084375 0.2546875
0 0.825 0.33125 0.103125 0.1296875
0 0.36171875 0.54296875 0.0984375 0.134375
0 0.16875 0.53203125 0.0875 0.15625
0 0.03671875 0.5640625 0.071875 0.134375
0 0.10234375 0.5390625 0.0796875 0.1546875
0 0.95859375 0.6515625 0.0828125 0.153125
0 0.3671875 0.3421875 0.0796875 0.1515625
0 0.77578125 0.6546875 0.0546875 0.2046875
0 0.57421875 0.328125 0.084375 0.1046875
0 0.13828125 0.2671875 0.0875 0.1734375
0 0.7109375 0.3234375 0.0796875 0.103125
0 0.95546875 0.31796875 0.0859375 0.165625
0 0.88984375 0.6796875 0.0921875 0.1578125
0 0.61015625 0.58125 0.0625 0.1375
0 0.8640625 0.8578125 0.0734375 0.196875
0 0.63984375 0.36953125 0.0609375 0.0875
0 0.69765625 0.68359375 0.096875 0.1703125
0 0.8046875 0.85234375 0.078125 0.2203125
0 0.2546875 0.23515625 0.084375 0.15
0 0.675 0.11484375 0.084375 0.1390625