0 0.06171875 0.18671875 0.0953125 0.0984375
0 0.12265625 0.24765625 0.109375 0.053125
0 0.13984375 0.11328125 0.0921875 0.0859375
0 0.06796875 0.028125 0.0546875 0.05625
0 0.25625 0.40625 0.1015625 0.0890625
0 0.2328125 0.28203125 0.1015625 0.0734375
0 0.4015625 0.7625 0.075 0.071875
0 0.16640625 0.5078125 0.0828125 0.0859375
0 0.04375 0.3234375 0.0609375 0.0703125
0 0.31640625 0.74140625 0.075 0.0984375
0 0.13046875 0.04375 0.0953125 0.08125
0 0.071875 0.44375 0.075 0.0671875
0 0.35546875 0.39765625 0.103125 0.046875
0 0.41875 0.6859375 0.0984375 0.0765625
0 0.33125 0.8140625 0.0765625 0.0671875
0 0.15546875 0.31875 0.075 0.071875
0 0.1140625 0.37890625 0.1109375 0.0859375
0 0.3671875 0.60078125 0.10625 0.0703125
0 0.29609375 0.23671875 0.0828125 0.065625
0 0.50546875 0.8140625 0.1234375 0.084375
0 0.2078125 0.66640625 0.08125 0.0984375
0 0.1703125 0.58203125 0.059375 0.06875
0 0.48828125 0.9 0.0875 0.0484375
0 0.28984375 0.49921875 0.071875 0.059375
0 0.31875 0.34453125 0.0640625 0.0546875
0 0.33828125 0.54140625 0.109375 0.0671875
0 0.5421875 0.94921875 0.0546875 0.0640625
0 0.67265625 0.5546875 0.2984375 0.18125
0 0.36015625 0.91171875 0.075 0.053125
0 0.28984375 0.87265625 0.0953125 0.0625
0 0.4359375 0.46171875 0.1 0.0765625
0 0.3921875 0.97109375 0.06875 0.046875