0 0.68359375 0.74765625 0.08515625 0.0921875
0 0.44765625 0.36875 0.04609375 0.05
0 0.3734375 0.19140625 0.0578125 0.0453125
0 0.57890625 0.52421875 0.04765625 0.0484375
0 0.49609375 0.53046875 0.0359375 0.05546875
0 0.46875 0.32421875 0.0375 0.0265625
0 0.428125 0.115625 0.08203125 0.06875
0 0.725 0.6203125 0.06875 0.03046875
0 0.3265625 0.3046875 0.04609375 0.06484375
0 0.58828125 0.65546875 0.0625 0.0734375
0 0.32109375 0.38359375 0.0671875 0.07890625
0 0.4984375 0.26484375 0.06640625 0.071875
0 0.53203125 0.5140625 0.0375 0.05546875
0 0.62578125 0.60703125 0.053125 0.05859375
0 0.61640625 0.475 0.06953125 0.040625
0 0.525 0.34375 0.04765625 0.0609375
0 0.48125 0.48359375 0.0375 0.0453125