0 0.16328125 0.29375 0.184375 0.2140625
0 0.3265625 0.64609375 0.13125 0.13125
0 0.7546875 0.23984375 0.1484375 0.21875
0 0.6265625 0.31484375 0.153125 0.1671875
0 0.53984375 0.6921875 0.1859375 0.159375
0 0.9203125 0.4078125 0.0796875 0.225
0 0.94453125 0.56953125 0.0515625 0.1421875
0 0.72265625 0.81328125 0.146875 0.1796875
0 0.87734375 0.728125 0.14375 0.2453125
0 0.709375 0.971875 0.08125 0.05625
0 0.82578125 0.9453125 0.1203125 0.096875
0 0.40859375 0.29140625 0.1703125 0.2859375
0 0.6609375 0.49765625 0.084375 0.15
0 0.771875 0.6578125 0.1078125 0.215625
0 0.7140625 0.58984375 0.0859375 0.1265625
0 0.46171875 0.45625 0.13125 0.2
0 0.21171875 0.11875 0.0546875 0.109375
0 0.08046875 0.4953125 0.125 0.1140625
0 0.26796875 0.165625 0.1328125 0.2171875