0 0.265625 0.2390625 0.1640625 0.1875
0 0.53671875 0.15390625 0.15 0.125
0 0.2875 0.6546875 0.19375 0.13125
0 0.4421875 0.35234375 0.1265625 0.10625
0 0.58125 0.62421875 0.13125 0.109375
0 0.71796875 0.72578125 0.159375 0.1171875
0 0.41015625 0.24375 0.13125 0.1078125
0 0.30546875 0.40625 0.1328125 0.1109375
0 0.696875 0.5734375 0.1546875 0.10625
0 0.5515625 0.04375 0.146875 0.0875
0 0.68125 0.16953125 0.2125 0.1359375
0 0.6828125 0.8703125 0.1015625 0.0953125
0 0.459375 0.734375 0.1546875 0.1125