0 0.72578125 0.4921875 0.1703125 0.1625
0 0.2828125 0.4203125 0.09140625 0.20625
0 0.93671875 0.52265625 0.1078125 0.11953125
0 0.51640625 0.715625 0.19453125 0.3078125
0 0.275 0.678125 0.08046875 0.25390625
0 0.828125 0.33671875 0.1015625 0.128125
0 0.3609375 0.540625 0.096875 0.13203125
0 0.16796875 0.5265625 0.084375 0.1546875
0 0.0359375 0.55625 0.0703125 0.1328125
0 0.1015625 0.53203125 0.07734375 0.15390625
0 0.95859375 0.66015625 0.0828125 0.1515625
0 0.3703125 0.33984375 0.07734375 0.15078125
0 0.77265625 0.659375 0.05078125 0.203125
0 0.57734375 0.3296875 0.0828125 0.10390625
0 0.1421875 0.2609375 0.08515625 0.17265625
0 0.7140625 0.32734375 0.078125 0.10234375
0 0.95859375 0.32578125 0.0828125 0.1640625
0 0.88671875 0.68671875 0.0890625 0.15703125
0 0.60859375 0.5828125 0.06015625 0.13671875
0 0.8578125 0.8640625 0.0703125 0.19609375
0 0.6421875 0.371875 0.06015625 0.0859375
0 0.69453125 0.68671875 0.09375 0.16875
0 0.7984375 0.8578125 0.07421875 0.21875
0 0.259375 0.23125 0.08203125 0.1484375
0 0.68203125 0.11796875 0.08203125 0.13828125