0 0.27265625 0.21328125 0.175 0.1609375
0 0.7046875 0.73515625 0.1453125 0.10546875
0 0.3109375 0.39375 0.12421875 0.1
0 0.271875 0.64765625 0.1515625 0.109375
0 0.3078125 0.103125 0.1171875 0.09140625
0 0.68671875 0.584375 0.1234375 0.10234375
0 0.69453125 0.065625 0.096875 0.08203125
0 0.71640625 0.16796875 0.12421875 0.096875
0 0.56953125 0.62421875 0.06953125 0.09140625
0 0.6890625 0.29140625 0.103125 0.0921875
0 0.44375 0.34609375 0.0734375 0.07890625
0 0.296875 0.51640625 0.134375 0.10703125
0 0.590625 0.03984375 0.071875 0.075
0 0.4640625 0.7375 0.075 0.0890625
0 0.40859375 0.03203125 0.128125 0.0625
0 0.565625 0.809375 0.0671875 0.07734375
0 0.46015625 0.640625 0.0484375 0.05703125
0 0.553125 0.9140625 0.07109375 0.05546875
0 0.55859375 0.1625 0.075 0.09296875
0 0.6921875 0.9140625 0.12109375 0.0875
0 0.4625 0.24765625 0.05625 0.06796875
0 0.4640625 0.575 0.04453125 0.06171875
0 0.49296875 0.428125 0.0421875 0.05859375
0 0.56015625 0.7125 0.0390625 0.05703125
0 0.4078125 0.85859375 0.0375 0.05234375
0 0.45390625 0.9640625 0.0484375 0.0671875
0 0.54765625 0.46328125 0.034375 0.05
0 0.56328125 0.2640625 0.04453125 0.0453125
0 0.246875 0.93515625 0.0640625 0.05546875
0 0.46640625 0.82265625 0.0515625 0.07421875
0 0.6515625 0.47578125 0.06875 0.08359375
0 0.3046875 0.8890625 0.09453125 0.0671875
0 0.52578125 0.31328125 0.04921875 0.071875
0 0.53671875 0.54296875 0.034375 0.03125
0 0.2453125 0.46171875 0.06953125 0.0625