0 0.13046875 0.36171875 0.15078125 0.18828125
0 0.3578125 0.6765625 0.11171875 0.11171875
0 0.7 0.19609375 0.1125 0.2015625
0 0.5890625 0.29375 0.128125 0.1453125
0 0.57578125 0.68125 0.1640625 0.13125
0 0.8953125 0.32890625 0.0375 0.221875
0 0.95 0.48359375 0.025 0.140625
0 0.778125 0.76484375 0.11875 0.159375
0 0.9140625 0.6515625 0.1015625 0.2296875
0 0.79921875 0.9421875 0.065625 0.084375
0 0.9046875 0.875 0.1078125 0.078125
0 0.3703125 0.3125 0.12109375 0.26796875
0 0.6578125 0.4671875 0.0578125 0.14140625
0 0.796875 0.603125 0.0703125 0.20546875
0 0.72734375 0.54765625 0.0640625 0.1171875
0 0.45390625 0.4640625 0.09765625 0.18515625
0 0.14453125 0.18046875 0.03515625 0.1046875
0 0.0875 0.57578125 0.109375 0.0953125
0 0.20859375 0.21640625 0.0953125 0.20234375