0 0.2453125 0.22578125 0.153125 0.1828125
0 0.13984375 0.25234375 0.1109375 0.1359375
0 0.678125 0.29921875 0.1296875 0.1640625
0 0.409375 0.2828125 0.08125 0.1046875
0 0.05390625 0.33984375 0.084375 0.14375
0 0.03671875 0.6328125 0.0734375 0.09375
0 0.35859375 0.4203125 0.09375 0.090625
0 0.140625 0.665625 0.1109375 0.1359375
0 0.37265625 0.66484375 0.0828125 0.1015625
0 0.15703125 0.5078125 0.1015625 0.09375
0 0.31484375 0.67578125 0.0671875 0.09375
0 0.2390625 0.6296875 0.084375 0.0859375
0 0.25859375 0.425 0.078125 0.0703125
0 0.96484375 0.52734375 0.0703125 0.0609375
0 0.565625 0.33515625 0.0875 0.1
0 0.35390625 0.534375 0.05 0.040625
0 0.43125 0.4828125 0.0640625 0.053125
0 0.96875 0.315625 0.0625 0.071875
0 0.5015625 0.2375 0.0640625 0.0703125
0 0.8640625 0.35625 0.0578125 0.09375
0 0.03828125 0.5203125 0.0765625 0.09375
0 0.2546875 0.52890625 0.0453125 0.05
0 0.91328125 0.36875 0.06875 0.084375
0 0.8171875 0.32578125 0.0453125 0.0578125
0 0.915625 0.53125 0.0515625 0.0421875
0 0.965625 0.4265625 0.040625 0.0453125
0 0.4859375 0.3140625 0.0515625 0.053125
0 0.09765625 0.48359375 0.0296875 0.0421875
0 0.86875 0.46484375 0.0578125 0.0484375
0 0.0421875 0.27890625 0.0328125 0.059375
0 0.990625 0.4203125 0.01875 0.053125
0 0.00546875 0.59921875 0.0109375 0.0734375
0 0.065625 0.209375 0.053125 0.0734375
0 0.54765625 0.7046875 0.1203125 0.175