0 0.2796875 0.22734375 0.1546875 0.1796875
0 0.5546875 0.15625 0.14375 0.1171875
0 0.2796875 0.64296875 0.1875 0.121875
0 0.45 0.34921875 0.121875 0.1
0 0.575 0.628125 0.1265625 0.10234375
0 0.70625 0.73671875 0.15390625 0.10859375
0 0.4234375 0.2390625 0.12578125 0.10078125
0 0.3109375 0.39609375 0.128125 0.10390625
0 0.69296875 0.58359375 0.15 0.0984375
0 0.57578125 0.04453125 0.1421875 0.0859375
0 0.6984375 0.1796875 0.20625 0.12578125
0 0.66328125 0.8796875 0.096875 0.090625
0 0.446875 0.73203125 0.15 0.1046875