0 0.28828125 0.2015625 0.1828125 0.1703125
0 0.6921875 0.7453125 0.15 0.1125
0 0.31640625 0.384375 0.1296875 0.10625
0 0.26484375 0.63515625 0.1578125 0.1171875
0 0.32890625 0.09375 0.121875 0.096875
0 0.68203125 0.59375 0.128125 0.109375
0 0.7171875 0.0765625 0.1015625 0.0875
0 0.73359375 0.1796875 0.1296875 0.103125
0 0.56328125 0.62734375 0.075 0.0953125
0 0.7 0.3015625 0.1078125 0.096875
0 0.4515625 0.34375 0.078125 0.0828125
0 0.29609375 0.50546875 0.1390625 0.1140625
0 0.61484375 0.0453125 0.075 0.078125
0 0.4515625 0.73515625 0.0796875 0.0921875
0 0.4328125 0.03125 0.13125 0.0625
0 0.54921875 0.8125 0.071875 0.08125
0 0.453125 0.63828125 0.0515625 0.059375
0 0.53125 0.91640625 0.0734375 0.059375
0 0.5765625 0.16640625 0.0796875 0.096875
0 0.6703125 0.9234375 0.125 0.09375
0 0.47578125 0.24609375 0.059375 0.0703125
0 0.46015625 0.57265625 0.0484375 0.0640625
0 0.496875 0.428125 0.0453125 0.0609375
0 0.54921875 0.715625 0.0421875 0.059375
0 0.3890625 0.853125 0.040625 0.0546875
0 0.4296875 0.9609375 0.0515625 0.0703125
0 0.54921875 0.465625 0.0375 0.0515625
0 0.57578125 0.26796875 0.046875 0.046875
0 0.22421875 0.92109375 0.0671875 0.059375
0 0.44921875 0.8203125 0.0546875 0.0765625
0 0.65234375 0.48359375 0.0734375 0.0875
0 0.284375 0.878125 0.0984375 0.071875
0 0.53515625 0.31484375 0.053125 0.075
0 0.534375 0.54453125 0.0359375 0.0328125
0 0.24765625 0.4484375 0.0734375 0.065625