0 0.6109375 0.88828125 0.190625 0.1609375
0 0.68828125 0.6453125 0.25 0.1453125
0 0.31640625 0.6328125 0.1171875 0.1171875
0 0.8140625 0.31640625 0.2078125 0.1234375
0 0.7109375 0.421875 0.1515625 0.1359375
0 0.32265625 0.41484375 0.1390625 0.1703125
0 0.69140625 0.1140625 0.2234375 0.0484375
0 0.53984375 0.0515625 0.1421875 0.0328125
0 0.25 0.20859375 0.165625 0.1265625
0 0.3703125 0.07890625 0.234375 0.1140625
0 0.07421875 0.178125 0.0875 0.0703125
0 0.146875 0.0765625 0.084375 0.1125
0 0.5328125 0.553125 0.2015625 0.1109375
0 0.4109375 0.89921875 0.175 0.15
0 0.53984375 0.75703125 0.125 0.1265625
0 0.346875 0.8140625 0.13125 0.11875
0 0.7609375 0.81015625 0.20625 0.09375