0 0.39765625 0.896875 0.2484375 0.1484375
0 0.4953125 0.4421875 0.14375 0.09375
0 0.39296875 0.55 0.1203125 0.1171875
0 0.56015625 0.25 0.1078125 0.1
0 0.3015625 0.7015625 0.071875 0.0640625
0 0.41484375 0.67421875 0.1 0.0703125
0 0.4765625 0.30703125 0.078125 0.0625
0 0.378125 0.4296875 0.0765625 0.071875
0 0.39453125 0.76796875 0.075 0.0625
0 0.40078125 0.8234375 0.084375 0.0703125
0 0.36484375 0.4953125 0.0671875 0.0640625
0 0.39140625 0.371875 0.0640625 0.0640625
0 0.3890625 0.25546875 0.0734375 0.0671875
0 0.28046875 0.653125 0.0640625 0.059375
0 0.29609375 0.79375 0.1125 0.0609375
0 0.4421875 0.16015625 0.0734375 0.05
0 0.30078125 0.7546875 0.096875 0.053125
0 0.5171875 0.06875 0.1703125 0.128125
0 0.4109375 0.725 0.0734375 0.0546875