0 0.725 0.4609375 0.109375 0.1484375
0 0.62421875 0.8921875 0.1703125 0.1828125
0 0.8625 0.340625 0.1203125 0.1734375
0 0.7671875 0.65546875 0.121875 0.17265625
0 0.77421875 0.278125 0.1125 0.18203125
0 0.9140625 0.0515625 0.0796875 0.0953125
0 0.8484375 0.14609375 0.05859375 0.11875
0 0.69921875 0.62734375 0.0546875 0.1359375
0 0.7078125 0.27890625 0.071875 0.1390625
0 0.88671875 0.5875 0.034375 0.0953125
0 0.9609375 0.17265625 0.0578125 0.1546875
0 0.9015625 0.13125 0.05546875 0.090625
0 0.8578125 0.5171875 0.0328125 0.08046875
0 0.803125 0.821875 0.04453125 0.0453125
0 0.9078125 0.2375 0.04140625 0.103125