0 0.13828125 0.3421875 0.1609375 0.1953125
0 0.3484375 0.66875 0.1171875 0.1171875
0 0.715625 0.20703125 0.1234375 0.2078125
0 0.6 0.2984375 0.1359375 0.1515625
0 0.56640625 0.68515625 0.1703125 0.1390625
0 0.90390625 0.35 0.0484375 0.2234375
0 0.95 0.50703125 0.0328125 0.1421875
0 0.7640625 0.77890625 0.1265625 0.165625
0 0.90546875 0.67265625 0.1140625 0.234375
0 0.77578125 0.95625 0.0703125 0.0875
0 0.884375 0.8953125 0.1125 0.084375
0 0.38046875 0.30625 0.134375 0.2734375
0 0.659375 0.47578125 0.065625 0.14375
0 0.79140625 0.61875 0.08125 0.209375
0 0.72421875 0.559375 0.0703125 0.1203125
0 0.45546875 0.46171875 0.1078125 0.190625
0 0.16171875 0.1625 0.040625 0.10625
0 0.084375 0.55390625 0.1140625 0.1015625
0 0.22421875 0.2015625 0.10625 0.2078125