0 0.47421875 0.5828125 0.05546875 0.05859375
0 0.6234375 0.321875 0.075 0.0453125
0 0.63515625 0.446875 0.084375 0.06484375
0 0.2578125 0.690625 0.08203125 0.06796875
0 0.69609375 0.3265625 0.065625 0.04453125
0 0.39375 0.62578125 0.053125 0.05390625
0 0.52734375 0.61640625 0.0375 0.06640625
0 0.471875 0.49765625 0.05078125 0.0359375
0 0.81015625 0.37421875 0.04453125 0.05703125
0 0.41328125 0.6703125 0.05078125 0.04765625
0 0.5171875 0.484375 0.0453125 0.03515625
0 0.509375 0.44375 0.0703125 0.0359375
0 0.34140625 0.590625 0.0671875 0.0375
0 0.65390625 0.52265625 0.06015625 0.04921875
0 0.58671875 0.5453125 0.040625 0.05390625
0 0.4859375 0.53359375 0.05546875 0.03828125
0 0.4359375 0.5765625 0.04609375 0.02578125
0 0.41796875 0.53984375 0.05 0.02734375
0 0.33125 0.73828125 0.028125 0.04765625
0 0.89609375 0.4265625 0.04140625 0.0765625
0 0.57265625 0.5890625 0.0453125 0.040625