0 0.5078125 0.65703125 0.0484375 0.071875
0 0.4765625 0.3890625 0.040625 0.06171875
0 0.5328125 0.390625 0.04140625 0.0421875
0 0.45 0.39609375 0.0265625 0.03515625
0 0.428125 0.353125 0.02578125 0.053125
0 0.48125 0.47421875 0.03125 0.0375
0 0.42109375 0.45625 0.0375 0.03828125
0 0.51796875 0.39921875 0.0203125 0.0390625
0 0.39140625 0.428125 0.02109375 0.03125
0 0.6375 0.4265625 0.0390625 0.0671875
0 0.45859375 0.6578125 0.0234375 0.03984375
0 0.61796875 0.44140625 0.01640625 0.04140625
0 0.34375 0.32421875 0.0515625 0.05390625
0 0.36484375 0.41796875 0.03203125 0.03359375