0 0.728125 0.5046875 0.1359375 0.1671875
0 0.54609375 0.90078125 0.2015625 0.1984375
0 0.8859375 0.4125 0.1515625 0.19375
0 0.7328125 0.70390625 0.153125 0.1921875
0 0.81171875 0.334375 0.1453125 0.2
0 0.971875 0.1390625 0.05625 0.109375
0 0.909375 0.21875 0.0796875 0.128125
0 0.67109375 0.66328125 0.0796875 0.14375
0 0.74609375 0.32265625 0.096875 0.15
0 0.86328125 0.659375 0.0515625 0.1
0 0.9859375 0.265625 0.028125 0.1625
0 0.9640625 0.2140625 0.071875 0.1
0 0.84765625 0.58515625 0.046875 0.0859375
0 0.7359375 0.8734375 0.053125 0.053125
0 0.95078125 0.3203125 0.0609375 0.109375