0 0.2484375 0.25625 0.175 0.196875
0 0.5125 0.15234375 0.15625 0.134375
0 0.2984375 0.66875 0.2015625 0.14375
0 0.43203125 0.35625 0.1328125 0.1140625
0 0.58984375 0.61796875 0.1375 0.1171875
0 0.73359375 0.71015625 0.165625 0.1265625
0 0.3921875 0.25 0.1375 0.115625
0 0.3 0.41953125 0.1390625 0.11875
0 0.7015625 0.559375 0.1609375 0.115625
0 0.51953125 0.0453125 0.1515625 0.090625
0 0.6578125 0.1578125 0.2203125 0.15
0 0.70859375 0.85703125 0.1078125 0.1015625
0 0.47578125 0.73671875 0.1609375 0.121875