0 0.71953125 0.4453125 0.2 0.19375
0 0.27109375 0.4671875 0.1328125 0.2203125
0 0.93203125 0.43125 0.1296875 0.1390625
0 0.5609375 0.7078125 0.2546875 0.3421875
0 0.3171875 0.72109375 0.13125 0.265625
0 0.78671875 0.271875 0.1265625 0.146875
0 0.37265625 0.56875 0.121875 0.15
0 0.18046875 0.5953125 0.1140625 0.16875
0 0.0578125 0.6515625 0.096875 0.14375
0 0.1171875 0.6140625 0.1078125 0.1671875
0 0.9625 0.5609375 0.075 0.165625
0 0.33984375 0.3703125 0.10625 0.1640625
0 0.8 0.59921875 0.0921875 0.209375
0 0.540625 0.3171875 0.103125 0.11875
0 0.1 0.340625 0.11875 0.1859375
0 0.6734375 0.28671875 0.0984375 0.115625
0 0.9125 0.234375 0.115625 0.178125
0 0.9171875 0.60234375 0.1203125 0.171875
0 0.6234375 0.55859375 0.0875 0.146875
0 0.92578125 0.78203125 0.109375 0.20625
0 0.6125 0.3453125 0.0765625 0.096875
0 0.72890625 0.6421875 0.1265625 0.184375
0 0.86640625 0.78828125 0.11875 0.2296875
0 0.20859375 0.2875 0.1109375 0.1625
0 0.5984375 0.08828125 0.109375 0.1515625