0 0.5390625 0.3609375 0.0625 0.053125
0 0.42578125 0.7046875 0.0671875 0.0671875
0 0.759375 0.89296875 0.0859375 0.0609375
0 0.47734375 0.63203125 0.0640625 0.0546875
0 0.48984375 0.3703125 0.0390625 0.028125
0 0.421875 0.43203125 0.0359375 0.0265625
0 0.31484375 0.5640625 0.0421875 0.0359375
0 0.46640625 0.44453125 0.0421875 0.0328125
0 0.42109375 0.46875 0.05 0.0421875
0 0.44296875 0.775 0.05625 0.046875
0 0.365625 0.609375 0.0375 0.0359375
0 0.47109375 0.4046875 0.0359375 0.0375
0 0.52265625 0.43515625 0.053125 0.034375
0 0.5 0.5609375 0.0359375 0.0390625
0 0.3484375 0.54296875 0.0390625 0.0375
0 0.5078125 0.40234375 0.0390625 0.040625
0 0.07578125 0.38359375 0.06875 0.04375
0 0.4671875 0.58828125 0.0390625 0.0296875
0 0.1140625 0.86171875 0.0390625 0.0359375
0 0.47421875 0.46875 0.034375 0.028125
0 0.48671875 0.53671875 0.028125 0.03125
0 0.40234375 0.509375 0.034375 0.0359375
0 0.56328125 0.525 0.03125 0.0328125
0 0.4375 0.5140625 0.0375 0.0359375
0 0.3625 0.75078125 0.053125 0.040625
0 0.4109375 0.56484375 0.040625 0.0328125
0 0.05625 0.38046875 0.0265625 0.0234375
0 0.4765625 0.50703125 0.0609375 0.0375
0 0.5515625 0.421875 0.028125 0.0265625
0 0.4421875 0.56796875 0.0390625 0.0359375
0 0.37421875 0.5046875 0.0296875 0.0296875
0 0.4921875 0.48203125 0.0375 0.025
0 0.321875 0.6125 0.0296875 0.028125
0 0.42109375 0.54609375 0.034375 0.028125