0 0.096875 0.14296875 0.103125 0.10625
0 0.1515625 0.21015625 0.1125 0.0625
0 0.1828125 0.078125 0.1 0.09375
0 0.11953125 0.00859375 0.0609375 0.0171875
0 0.2671875 0.38203125 0.109375 0.0984375
0 0.25703125 0.25546875 0.1078125 0.0828125
0 0.375 0.75078125 0.08125 0.0796875
0 0.1671875 0.47265625 0.090625 0.09375
0 0.06484375 0.2765625 0.0671875 0.075
0 0.29140625 0.72109375 0.0828125 0.1046875
0 0.1796875 0.02578125 0.103125 0.0515625
0 0.08046875 0.39921875 0.08125 0.075
0 0.36640625 0.3828125 0.10625 0.05625
0 0.4 0.6765625 0.1046875 0.0859375
0 0.29921875 0.79453125 0.0828125 0.075
0 0.17578125 0.28359375 0.08125 0.0796875
0 0.12890625 0.3390625 0.11875 0.096875
0 0.35703125 0.58671875 0.1125 0.08125
0 0.325 0.21640625 0.0890625 0.0734375
0 0.47265625 0.8125 0.1296875 0.096875
0 0.1921875 0.63515625 0.0890625 0.10625
0 0.16328125 0.546875 0.065625 0.0734375
0 0.446875 0.896875 0.0921875 0.0578125
0 0.290625 0.47734375 0.0765625 0.065625
0 0.3359375 0.32578125 0.06875 0.059375
0 0.334375 0.52421875 0.115625 0.078125
0 0.4953125 0.95078125 0.059375 0.06875
0 0.665625 0.571875 0.3125 0.209375
0 0.31796875 0.8953125 0.0796875 0.0609375
0 0.2515625 0.8484375 0.1015625 0.071875
0 0.440625 0.4546875 0.10625 0.0859375
0 0.34375 0.95703125 0.071875 0.053125