0 0.47578125 0.325 0.2203125 0.34375
0 0.27890625 0.496875 0.1765625 0.1734375
0 0.628125 0.45859375 0.15 0.178125
0 0.72890625 0.578125 0.1515625 0.2578125
0 0.16015625 0.46953125 0.1125 0.17890625
0 0.06328125 0.4953125 0.1125 0.1734375
0 0.12265625 0.31796875 0.1 0.16640625
0 0.96015625 0.4796875 0.0796875 0.17421875
0 0.0421875 0.3484375 0.084375 0.14375
0 0.365625 0.1390625 0.10546875 0.20390625
0 0.83359375 0.47890625 0.07734375 0.16171875
0 0.63125 0.63984375 0.11796875 0.2109375
0 0.2078125 0.13203125 0.07421875 0.19453125
0 0.96875 0.33828125 0.06171875 0.12578125
0 0.14453125 0.12890625 0.06484375 0.17734375
0 0.05 0.6609375 0.09453125 0.2078125
0 0.528125 0.81328125 0.07578125 0.153125