0 0.5549198578125 0.79432815625 0.506316765625 0.8101751937499999 0.41863096093749996 0.7488653703125 0.3429869765625 0.873703128125 0.4086728734375 0.899034128125 0.4341166625 0.979610534375 0.5026486359375 0.9850061906249999 0.5323049937500001 0.9147185984374999 0.5946238796875 0.87590585625 0.7626935328125 0.9063831140625 0.8038409234375001 0.837486003125 0.929360471875 0.806320903125 0.8958695343749999 0.7689516000000001 0.9625077187500001 0.6604067203125 0.83693480625 0.6510058890625 0.6825873078125 0.7583530328125 0.5939428546875 0.6701289859374999 0.4984703625 0.6940658046875 0.5549198578125 0.79432815625
0 0.633740896875 0.511258334375 0.47501438125 0.4869815828125 0.403198621875 0.5586861359374999 0.5599843453125 0.589246525 0.55380111875 0.6457161453125 0.7849170640625001 0.639588340625 0.8164081218750001 0.5652302687499999 0.63739188125 0.55732953125 0.633740896875 0.511258334375
0 0.28992164374999996 0.6166823234375001 0.2965254296875 0.7239500328124999 0.39406894531250003 0.7147493453125 0.3925893671875 0.6037560375 0.28992164374999996 0.6166823234375001
0 0.361156746875 0.25954265468750004 0.36128698125 0.280562428125 0.42544629062499995 0.31512429375 0.44058830000000004 0.36258596875000004 0.54400756875 0.375100290625 0.57995388125 0.3294749375 0.4750848953125 0.306645321875 0.44335115312499995 0.201406678125 0.2649562203125 0.19792677812499998 0.25476117187499997 0.24594390625 0.361156746875 0.25954265468750004
0 0.7734375 0.259375 0.215625 0.1390625
0 0.6921875 0.3828125 0.1625 0.146875
0 0.31015625 0.45 0.153125 0.18125
0 0.6140625 0.084375 0.225 0.06875
0 0.45390625 0.05234375 0.1421875 0.04375
0 0.19921875 0.26171875 0.175 0.1390625
0 0.2921875 0.1109375 0.2421875 0.1328125
0 0.0328125 0.26484375 0.065625 0.0765625
0 0.07265625 0.1515625 0.0921875 0.1171875