0 0.56015625 0.65 0.225 0.3265625
0 0.45625 0.4359375 0.1296875 0.146875
0 0.02734375 0.0875 0.0546875 0.071875
0 0.0375 0.15234375 0.0703125 0.0875
0 0.12734375 0.09921875 0.0703125 0.0875
0 0.6703125 0.21953125 0.190625 0.1546875
0 0.30546875 0.04921875 0.06875 0.0609375
0 0.3984375 0.25546875 0.084375 0.084375
0 0.75703125 0.39140625 0.0671875 0.06875
0 0.8640625 0.3703125 0.0734375 0.065625
0 0.30859375 0.1640625 0.0765625 0.078125
0 0.809375 0.50546875 0.0671875 0.0953125
0 0.18203125 0.07421875 0.0484375 0.0890625
0 0.95234375 0.525 0.059375 0.05625
0 0.33359375 0.225 0.034375 0.078125
0 0.59609375 0.3640625 0.0765625 0.1015625
0 0.49609375 0.28359375 0.065625 0.065625
0 0.4328125 0.07421875 0.071875 0.075
0 0.9625 0.628125 0.075 0.1
0 0.228125 0.30625 0.0609375 0.0765625