0 0.546875 0.6546875 0.1984375 0.31015625
0 0.46171875 0.43203125 0.11875 0.1375
0 0.04921875 0.046875 0.08046875 0.065625
0 0.06953125 0.11328125 0.06328125 0.0828125
0 0.1640625 0.06796875 0.0640625 0.08203125
0 0.69375 0.23515625 0.17890625 0.1390625
0 0.3453125 0.03359375 0.06484375 0.05625
0 0.4203125 0.24765625 0.07734375 0.07734375
0 0.765625 0.4140625 0.0625 0.06328125
0 0.87421875 0.40234375 0.06875 0.059375
0 0.33828125 0.1484375 0.0703125 0.071875
0 0.8078125 0.53203125 0.06015625 0.090625
0 0.2203125 0.0484375 0.04140625 0.08515625
0 0.9484375 0.5640625 0.05546875 0.0515625
0 0.3578125 0.21171875 0.02734375 0.07578125
0 0.6078125 0.37265625 0.06875 0.09609375
0 0.51484375 0.284375 0.06015625 0.06015625
0 0.4703125 0.0703125 0.065625 0.0703125
0 0.95234375 0.66796875 0.071875 0.09453125
0 0.24609375 0.28359375 0.05546875 0.071875