0 0.44609375 0.33203125 0.2765625 0.3765625
0 0.28203125 0.53515625 0.2046875 0.2015625
0 0.61875 0.43671875 0.178125 0.2015625
0 0.7390625 0.5375 0.19375 0.2796875
0 0.16015625 0.52890625 0.1421875 0.1953125
0 0.06953125 0.5703125 0.1390625 0.190625
0 0.096875 0.3859375 0.128125 0.18125
0 0.94765625 0.39921875 0.1046875 0.1859375
0 0.03828125 0.4296875 0.0765625 0.15625
0 0.3046875 0.16796875 0.1390625 0.21875
0 0.825 0.42109375 0.1046875 0.1734375
0 0.65390625 0.61484375 0.153125 0.228125
0 0.1484375 0.18828125 0.10625 0.2046875
0 0.93359375 0.259375 0.0828125 0.134375
0 0.08515625 0.19609375 0.0953125 0.1859375
0 0.08515625 0.73671875 0.1296875 0.2203125
0 0.58203125 0.80390625 0.1015625 0.1640625