0 0.8545861312499999 0.8214285718750001 0.9356823249999999 0.7232142859375 0.812639821875 0.6964285718750001 0.6448545875 0.78125 0.56935123125 0.6815476203124999 0.47147650937499996 0.6919642859375 0.51342281875 0.7991071421875 0.4630872484375 0.8080357140625001 0.38478747343749997 0.7351190484375 0.29250559374999996 0.8482142859374999 0.3540268453125 0.8824404765624999 0.36800895 0.965773809375 0.43512304375 0.9806547625 0.4742729296875 0.9151785718750001 0.5413870234375 0.885416665625 0.70357941875 0.9389880953124999 0.753914990625 0.8764880953124999 0.8825503359375 0.8630952375 0.8545861312499999 0.8214285718750001
0 0.3959731546875 0.5446428578125 0.546979865625 0.596726190625 0.5329977625 0.6517857140625 0.762717328125 0.6778826671875 0.8042505609375 0.6086309515625 0.6280760640625 0.5758928578125 0.6308724828125001 0.5297619046875 0.477069353125 0.4836309515625 0.3959731546875 0.5446428578125
0 0.36521252656250003 0.697916665625 0.37919463124999997 0.5877976203124999 0.2757270703125 0.5863095234375 0.26733780937499996 0.6934523796875001 0.36521252656250003 0.697916665625
0 0.5609619703125001 0.3824404765625 0.6029082781249999 0.3422619046875 0.5022371375 0.3050595234375 0.4854586140625 0.196428571875 0.3092841171875 0.1681547625 0.29250559374999996 0.2142857140625 0.3959731546875 0.24255952343749998 0.393176734375 0.2633928578125 0.45190156718749996 0.3065476203125 0.46029082812500005 0.3556547625 0.5609619703125001 0.3824404765625
0 0.80390625 0.3 0.2015625 0.1125
0 0.70625 0.4109375 0.1453125 0.128125
0 0.31875 0.42421875 0.13125 0.1640625
0 0.67109375 0.1046875 0.221875 0.0375
0 0.51640625 0.05 0.140625 0.025
0 0.23515625 0.221875 0.159375 0.11875
0 0.3484375 0.0859375 0.2296875 0.1015625
0 0.0578125 0.20078125 0.084375 0.065625
0 0.125 0.0953125 0.078125 0.1078125