0 0.68984375 0.65390625 0.046875 0.071875
0 0.6109375 0.52578125 0.0734375 0.0484375
0 0.6625 0.571875 0.0515625 0.0359375
0 0.61015625 0.46875 0.0453125 0.0453125
0 0.47890625 0.4734375 0.04375 0.0453125
0 0.57421875 0.36484375 0.0703125 0.0453125
0 0.55390625 0.4265625 0.05625 0.0390625
0 0.3375 0.5359375 0.046875 0.0328125
0 0.68125 0.35859375 0.0359375 0.05
0 0.515625 0.4359375 0.0453125 0.03125
0 0.5453125 0.5796875 0.0328125 0.03125
0 0.52578125 0.51953125 0.0375 0.0328125
0 0.57109375 0.61171875 0.03125 0.0234375
0 0.34140625 0.49453125 0.046875 0.0390625
0 0.57734375 0.6375 0.03125 0.0328125