0 0.7171875 0.61171875 0.0578125 0.0796875
0 0.6140625 0.50234375 0.0796875 0.059375
0 0.67421875 0.5359375 0.05625 0.04375
0 0.60078125 0.446875 0.053125 0.0515625
0 0.4734375 0.478125 0.05 0.0515625
0 0.54453125 0.35234375 0.078125 0.05625
0 0.5375 0.4171875 0.0609375 0.046875
0 0.3484375 0.56953125 0.0515625 0.0390625
0 0.64765625 0.32421875 0.04375 0.05625
0 0.50234375 0.434375 0.05 0.0390625
0 0.5609375 0.56875 0.0375 0.0375
0 0.52890625 0.51328125 0.0421875 0.0390625
0 0.5921875 0.59453125 0.034375 0.0296875
0 0.34375 0.528125 0.053125 0.0453125
0 0.60390625 0.61796875 0.0359375 0.0375