0 0.6921875 0.65078125 0.0453125 0.071875
0 0.61171875 0.52421875 0.07265625 0.046875
0 0.6640625 0.56875 0.05078125 0.034375
0 0.609375 0.4671875 0.0453125 0.04375
0 0.478125 0.4734375 0.04296875 0.04453125
0 0.571875 0.36328125 0.0703125 0.04375
0 0.55234375 0.42578125 0.05546875 0.0375
0 0.33828125 0.5390625 0.046875 0.03125
0 0.67890625 0.35546875 0.03515625 0.05
0 0.51484375 0.4359375 0.04453125 0.03046875
0 0.546875 0.57890625 0.03203125 0.03125
0 0.52578125 0.51875 0.0375 0.03203125
0 0.57265625 0.61015625 0.03125 0.0234375
0 0.34140625 0.49765625 0.04609375 0.0375
0 0.5796875 0.6359375 0.03046875 0.03203125