0 0.5453125 0.65078125 0.0640625 0.08125
0 0.45078125 0.39765625 0.0546875 0.0703125
0 0.50546875 0.3859375 0.05 0.0515625
0 0.4265625 0.4109375 0.034375 0.040625
0 0.39453125 0.375 0.0375 0.0578125
0 0.47578125 0.4796875 0.0390625 0.04375
0 0.4125 0.4765625 0.0453125 0.046875
0 0.49296875 0.39765625 0.0296875 0.0421875
0 0.37734375 0.45625 0.028125 0.0359375
0 0.615625 0.3953125 0.0546875 0.075
0 0.49765625 0.66328125 0.0328125 0.04375
0 0.6 0.41484375 0.0265625 0.04375
0 0.30625 0.3671875 0.0625 0.0640625
0 0.34921875 0.453125 0.0390625 0.040625