0 0.61796875 0.784375 0.1046875 0.109375
0 0.48125 0.36015625 0.05625 0.059375
0 0.4515625 0.1703125 0.0671875 0.0578125
0 0.57109375 0.54296875 0.0578125 0.0578125
0 0.4890625 0.52890625 0.0484375 0.0625
0 0.5125 0.321875 0.0421875 0.034375
0 0.5234375 0.109375 0.096875 0.0859375
0 0.6890625 0.67109375 0.0734375 0.046875
0 0.37890625 0.26875 0.0609375 0.0734375
0 0.5484375 0.671875 0.078125 0.0859375
0 0.3546875 0.34375 0.084375 0.0921875
0 0.55546875 0.27109375 0.08125 0.0859375
0 0.52734375 0.52109375 0.05 0.0625
0 0.59609375 0.634375 0.065625 0.0703125
0 0.61875 0.50390625 0.0765625 0.05625
0 0.56171875 0.3546875 0.0609375 0.0703125
0 0.4859375 0.4796875 0.046875 0.053125