0 0.53125 0.359375 0.0609375 0.05
0 0.43671875 0.70859375 0.0640625 0.0640625
0 0.7796875 0.87890625 0.0828125 0.0578125
0 0.88359375 0.98828125 0.0578125 0.0234375
0 0.484375 0.6328125 0.0625 0.0515625
0 0.4828125 0.37109375 0.0390625 0.0265625
0 0.41796875 0.43671875 0.034375 0.025
0 0.31875 0.5734375 0.040625 0.034375
0 0.46328125 0.446875 0.040625 0.03125
0 0.41953125 0.47265625 0.0484375 0.0390625
0 0.45703125 0.77734375 0.0546875 0.0453125
0 0.371875 0.61640625 0.0359375 0.034375
0 0.465625 0.40625 0.034375 0.0359375
0 0.51875 0.43359375 0.053125 0.0328125
0 0.50390625 0.5609375 0.034375 0.0390625
0 0.3515625 0.55078125 0.0375 0.0359375
0 0.50234375 0.4015625 0.0375 0.0390625
0 0.0703125 0.40625 0.0671875 0.040625
0 0.471875 0.58984375 0.0375 0.028125
0 0.13359375 0.88125 0.0375 0.034375
0 0.471875 0.46953125 0.034375 0.0265625
0 0.48828125 0.5375 0.0265625 0.0296875
0 0.403125 0.51484375 0.0328125 0.034375
0 0.5640625 0.521875 0.0296875 0.03125
0 0.43828125 0.5171875 0.0359375 0.034375
0 0.37578125 0.7578125 0.0515625 0.0390625
0 0.4140625 0.56953125 0.0390625 0.03125
0 0.05078125 0.40390625 0.0265625 0.021875
0 0.47734375 0.5078125 0.059375 0.034375
0 0.54765625 0.41953125 0.028125 0.025
0 0.4453125 0.57109375 0.0390625 0.034375
0 0.375 0.51171875 0.028125 0.028125
0 0.49140625 0.48203125 0.0375 0.0234375
0 0.32734375 0.62109375 0.028125 0.0265625
0 0.4234375 0.55078125 0.0328125 0.0265625