0 0.5109375 0.65703125 0.05 0.0734375
0 0.475 0.38984375 0.0421875 0.0625
0 0.53125 0.38984375 0.0421875 0.0421875
0 0.4484375 0.396875 0.0265625 0.0359375
0 0.42578125 0.3546875 0.0265625 0.053125
0 0.48046875 0.47421875 0.03125 0.0375
0 0.4203125 0.4578125 0.0375 0.0390625
0 0.51640625 0.39921875 0.0203125 0.0390625
0 0.38984375 0.4296875 0.021875 0.03125
0 0.6359375 0.42421875 0.040625 0.0671875
0 0.46171875 0.65859375 0.0234375 0.040625
0 0.6171875 0.4390625 0.0171875 0.0421875
0 0.340625 0.32734375 0.053125 0.0546875
0 0.36328125 0.4203125 0.0328125 0.034375