0 0.5125 0.3234375 0.2875 0.3828125
0 0.284375 0.45078125 0.209375 0.20625
0 0.63359375 0.4859375 0.184375 0.2046875
0 0.7078125 0.62421875 0.2015625 0.284375
0 0.17421875 0.39921875 0.146875 0.1984375
0 0.0734375 0.4046875 0.146875 0.19375
0 0.16875 0.24375 0.1328125 0.1828125
0 0.9484375 0.575 0.103125 0.1875
0 0.08359375 0.25625 0.1125 0.1578125
0 0.44375 0.11875 0.1453125 0.221875
0 0.83046875 0.5484375 0.109375 0.175
0 0.59921875 0.6640625 0.159375 0.23125
0 0.290625 0.09140625 0.1125 0.1828125
0 0.97421875 0.43828125 0.0515625 0.1359375
0 0.2296875 0.078125 0.1 0.15625
0 0.046875 0.56328125 0.09375 0.2234375
0 0.4625 0.8125 0.10625 0.165625