0 0.20546875 0.26875 0.1296875 0.16484375
0 0.10546875 0.31171875 0.0921875 0.12265625
0 0.64453125 0.2734375 0.1078125 0.14921875
0 0.3765625 0.3 0.06640625 0.0953125
0 0.034375 0.41171875 0.06328125 0.1359375
0 0.06015625 0.7046875 0.06796875 0.08359375
0 0.34765625 0.44375 0.08203125 0.07890625
0 0.17109375 0.71953125 0.0921875 0.12265625
0 0.4 0.6828125 0.06875 0.09140625
0 0.1625 0.56171875 0.090625 0.08125
0 0.34453125 0.70234375 0.05390625 0.0859375
0 0.2625 0.66875 0.0734375 0.075
0 0.25 0.46328125 0.0703125 0.059375
0 0.96640625 0.4546875 0.0671875 0.0515625
0 0.5390625 0.3265625 0.07421875 0.0890625
0 0.3609375 0.55703125 0.0453125 0.034375
0 0.4296875 0.49375 0.0578125 0.04453125
0 0.93515625 0.2453125 0.05546875 0.0640625
0 0.46015625 0.240625 0.05546875 0.0625
0 0.83671875 0.30078125 0.0453125 0.08828125
0 0.0421875 0.59375 0.0765625 0.08203125
0 0.2625 0.5671875 0.03828125 0.0453125
0 0.8875 0.30546875 0.05703125 0.07578125
0 0.7859375 0.278125 0.03671875 0.053125
0 0.915625 0.465625 0.046875 0.03515625
0 0.9484375 0.3546875 0.034375 0.03984375
0 0.45703125 0.31875 0.04453125 0.046875
0 0.1 0.546875 0.0234375 0.03828125
0 0.85859375 0.4078125 0.0515625 0.040625
0 0.01328125 0.353125 0.0234375 0.05703125
0 0.98359375 0.34296875 0.0328125 0.0484375
0 0.0140625 0.678125 0.0265625 0.0703125
0 0.02578125 0.28046875 0.04296875 0.06796875
0 0.57890625 0.69453125 0.0953125 0.1625