0 0.52265625 0.31875 0.209375 0.32578125
0 0.3015625 0.740625 0.15703125 0.1609375
0 0.06328125 0.91953125 0.12421875 0.14375
0 0.46796875 0.56640625 0.0671875 0.0859375
0 0.9 0.38828125 0.1765625 0.203125
0 0.67265625 0.78984375 0.16640625 0.1
0 0.78203125 0.6734375 0.1703125 0.11953125
0 0.5265625 0.68046875 0.1203125 0.15859375
0 0.54921875 0.834375 0.1578125 0.09375
0 0.93828125 0.58046875 0.12109375 0.1578125
0 0.3765625 0.884375 0.1703125 0.1703125
0 0.24609375 0.71796875 0.0578125 0.07109375