0 0.25390625 0.68671875 0.1078125 0.08515625
0 0.509375 0.44296875 0.0734375 0.04609375
0 0.8125 0.3765625 0.05078125 0.0734375
0 0.35390625 0.5953125 0.10703125 0.06484375
0 0.63125 0.45 0.08125 0.0671875
0 0.471875 0.49765625 0.05078125 0.0359375
0 0.5171875 0.484375 0.0453125 0.03515625
0 0.69609375 0.3265625 0.065625 0.04453125
0 0.47734375 0.5796875 0.05 0.04765625
0 0.62109375 0.321875 0.06640625 0.04296875
0 0.6546875 0.5234375 0.06015625 0.04921875
0 0.4859375 0.53359375 0.05546875 0.0390625
0 0.58671875 0.5453125 0.040625 0.05390625
0 0.52734375 0.61640625 0.0375 0.06640625
0 0.41796875 0.53984375 0.05 0.02734375
0 0.4359375 0.5765625 0.04609375 0.0265625
0 0.41328125 0.6703125 0.0515625 0.0484375
0 0.571875 0.5890625 0.0453125 0.040625
0 0.8953125 0.4265625 0.0421875 0.0765625
0 0.8046875 0.453125 0.0484375 0.05390625