0 0.4953125 0.58671875 0.06875 0.0703125
0 0.5765625 0.29765625 0.084375 0.0625
0 0.61796875 0.415625 0.096875 0.0828125
0 0.3109375 0.74375 0.0953125 0.0859375
0 0.6484375 0.284375 0.075 0.059375
0 0.42734375 0.64765625 0.0640625 0.065625
0 0.5546875 0.60625 0.053125 0.0734375
0 0.471875 0.5046875 0.0578125 0.046875
0 0.7703125 0.303125 0.05625 0.065625
0 0.45703125 0.6859375 0.0609375 0.0578125
0 0.51328125 0.48046875 0.053125 0.0453125
0 0.4953125 0.44296875 0.0765625 0.0515625
0 0.36796875 0.6265625 0.075 0.053125
0 0.6546875 0.484375 0.0703125 0.0625
0 0.5953125 0.52265625 0.053125 0.0625
0 0.49453125 0.5359375 0.0625 0.05
0 0.45625 0.58984375 0.0515625 0.0359375
0 0.4296875 0.55859375 0.0546875 0.0390625
0 0.39375 0.771875 0.0390625 0.053125
0 0.86640625 0.3328125 0.059375 0.084375
0 0.5921875 0.56875 0.053125 0.05