0 0.63125 0.88203125 0.18359375 0.15078125
0 0.6953125 0.63515625 0.24296875 0.13203125
0 0.3234375 0.6421875 0.11171875 0.11171875
0 0.80390625 0.3 0.2015625 0.1125
0 0.70625 0.4109375 0.1453125 0.128125
0 0.31875 0.42421875 0.13125 0.1640625
0 0.67109375 0.1046875 0.221875 0.0375
0 0.51640625 0.05 0.140625 0.025
0 0.23515625 0.221875 0.159375 0.11875
0 0.3484375 0.0859375 0.2296875 0.1015625
0 0.0578125 0.20078125 0.084375 0.065625
0 0.125 0.0953125 0.078125 0.1078125
0 0.5359375 0.5515625 0.19609375 0.10078125
0 0.43203125 0.903125 0.1671875 0.1421875
0 0.553125 0.7546875 0.11953125 0.12109375
0 0.36328125 0.821875 0.12578125 0.11171875
0 0.7765625 0.79609375 0.2015625 0.0828125