0 0.19765625 0.27890625 0.1359375 0.16875
0 0.09921875 0.32578125 0.096875 0.1265625
0 0.63671875 0.26875 0.1125 0.153125
0 0.36953125 0.3046875 0.0703125 0.096875
0 0.0328125 0.428125 0.065625 0.1375
0 0.0671875 0.71953125 0.0703125 0.0859375
0 0.34609375 0.44921875 0.084375 0.08125
0 0.17890625 0.73125 0.096875 0.1265625
0 0.40625 0.6859375 0.071875 0.09375
0 0.16484375 0.5734375 0.09375 0.084375
0 0.3515625 0.7078125 0.05625 0.0875
0 0.26875 0.6765625 0.0765625 0.078125
0 0.24921875 0.471875 0.071875 0.0625
0 0.96484375 0.43828125 0.06875 0.053125
0 0.5328125 0.325 0.0765625 0.0921875
0 0.36328125 0.56171875 0.046875 0.0359375
0 0.4296875 0.49609375 0.059375 0.046875
0 0.92578125 0.23046875 0.0578125 0.065625
0 0.45078125 0.2421875 0.0578125 0.0640625
0 0.8296875 0.2890625 0.0484375 0.0890625
0 0.04609375 0.609375 0.0796875 0.084375
0 0.26484375 0.57578125 0.0390625 0.046875
0 0.88046875 0.2921875 0.059375 0.078125
0 0.778125 0.26796875 0.0390625 0.0546875
0 0.9140625 0.45078125 0.0484375 0.0375
0 0.94296875 0.3390625 0.0359375 0.040625
0 0.45078125 0.3203125 0.046875 0.0484375
0 0.1015625 0.5609375 0.025 0.0390625
0 0.85546875 0.3953125 0.053125 0.0421875
0 0.01015625 0.36953125 0.0203125 0.0578125
0 0.978125 0.3265625 0.034375 0.05
0 0.0203125 0.6953125 0.0296875 0.071875
0 0.0203125 0.296875 0.040625 0.06875
0 0.5859375 0.69140625 0.1015625 0.165625