0 0.4890625 0.5859375 0.0640625 0.0671875
0 0.590625 0.303125 0.08125 0.0578125
0 0.62421875 0.42421875 0.09375 0.078125
0 0.29453125 0.7296875 0.0921875 0.08125
0 0.66328125 0.2953125 0.071875 0.0546875
0 0.4171875 0.6421875 0.0609375 0.0625
0 0.546875 0.61015625 0.0484375 0.071875
0 0.471875 0.50234375 0.05625 0.04375
0 0.78359375 0.32265625 0.053125 0.0640625
0 0.44453125 0.6828125 0.0578125 0.05625
0 0.5140625 0.48125 0.05 0.0421875
0 0.49921875 0.44296875 0.075 0.046875
0 0.359375 0.61640625 0.0734375 0.0484375
0 0.65546875 0.4953125 0.0671875 0.059375
0 0.59296875 0.5296875 0.05 0.059375
0 0.4921875 0.53515625 0.0609375 0.046875
0 0.45 0.58671875 0.05 0.0328125
0 0.42578125 0.553125 0.0546875 0.0359375
0 0.375 0.7640625 0.0359375 0.0515625
0 0.87734375 0.35859375 0.0546875 0.0828125
0 0.58671875 0.575 0.0515625 0.0484375