0 0.3765625 0.89140625 0.2515625 0.159375
0 0.4984375 0.4421875 0.146875 0.0984375
0 0.390625 0.54453125 0.125 0.121875
0 0.57265625 0.253125 0.1109375 0.1046875
0 0.29140625 0.69140625 0.0734375 0.0671875
0 0.40625 0.66953125 0.1015625 0.075
0 0.48671875 0.30546875 0.0796875 0.065625
0 0.38203125 0.4234375 0.0796875 0.0734375
0 0.38046875 0.76171875 0.0765625 0.065625
0 0.38359375 0.81796875 0.0875 0.0734375
0 0.365625 0.48828125 0.06875 0.0671875
0 0.39765625 0.36640625 0.0671875 0.065625
0 0.40234375 0.25 0.075 0.06875
0 0.2734375 0.64140625 0.0671875 0.0625
0 0.28125 0.7828125 0.1140625 0.0671875
0 0.46015625 0.1578125 0.075 0.053125
0 0.2875 0.74453125 0.0984375 0.0578125
0 0.53984375 0.0703125 0.175 0.1359375
0 0.39921875 0.71953125 0.075 0.0578125