0 0.04609375 0.21015625 0.08984375 0.09375
0 0.11015625 0.26796875 0.10703125 0.046875
0 0.1203125 0.1328125 0.08828125 0.08125
0 0.04375 0.04609375 0.0515625 0.06640625
0 0.2515625 0.41953125 0.096875 0.08359375
0 0.221875 0.29609375 0.09765625 0.06796875
0 0.415625 0.7671875 0.07109375 0.06875
0 0.1671875 0.525 0.07890625 0.08203125
0 0.03515625 0.34765625 0.0578125 0.0671875
0 0.32890625 0.75078125 0.06953125 0.09453125
0 0.10703125 0.0640625 0.0921875 0.07578125
0 0.06953125 0.46640625 0.071875 0.0640625
0 0.35 0.40546875 0.10078125 0.04140625
0 0.42890625 0.68984375 0.09453125 0.071875
0 0.34765625 0.82265625 0.0734375 0.0640625
0 0.14609375 0.33671875 0.071875 0.06875
0 0.10859375 0.39921875 0.10703125 0.08046875
0 0.37265625 0.6078125 0.103125 0.065625
0 0.2828125 0.24765625 0.0796875 0.06171875
0 0.521875 0.81328125 0.11953125 0.07890625
0 0.2171875 0.68125 0.07578125 0.0953125
0 0.175 0.59921875 0.05625 0.065625
0 0.509375 0.9 0.0859375 0.04453125
0 0.28984375 0.51015625 0.06875 0.05625
0 0.3109375 0.35390625 0.06171875 0.05078125
0 0.340625 0.55 0.10703125 0.06171875
0 0.565625 0.94609375 0.05078125 0.06171875
0 0.675 0.5453125 0.290625 0.16640625
0 0.38203125 0.91875 0.07265625 0.05
0 0.309375 0.8828125 0.09296875 0.0578125
0 0.434375 0.46484375 0.096875 0.071875
0 0.4171875 0.97578125 0.06640625 0.04296875