0 0.475 0.909375 0.2328125 0.10625
0 0.484375 0.44453125 0.13359375 0.06875
0 0.4046875 0.56953125 0.103125 0.1
0 0.5109375 0.24296875 0.09375 0.084375
0 0.34375 0.7359375 0.0625 0.053125
0 0.45 0.6875 0.090625 0.05390625
0 0.43984375 0.31484375 0.06953125 0.05
0 0.3671875 0.45390625 0.0671875 0.059375
0 0.44765625 0.7828125 0.065625 0.0515625
0 0.4640625 0.83671875 0.07578125 0.05625
0 0.36640625 0.52109375 0.0578125 0.0546875
0 0.36875 0.3953125 0.05546875 0.05390625
0 0.34453125 0.28125 0.06328125 0.05546875
0 0.3140625 0.6921875 0.05625 0.05
0 0.35625 0.82734375 0.10625 0.0421875
0 0.378125 0.17734375 0.06796875 0.03828125
0 0.353125 0.78828125 0.0921875 0.03671875
0 0.434375 0.0734375 0.1546875 0.10078125
0 0.45546875 0.7375 0.0671875 0.04296875