0 0.275 0.71171875 0.115625 0.0953125
0 0.503125 0.4421875 0.078125 0.053125
0 0.79765625 0.34453125 0.0578125 0.078125
0 0.36484375 0.61015625 0.1125 0.075
0 0.625 0.43671875 0.0875 0.075
0 0.471875 0.50078125 0.0546875 0.040625
0 0.515625 0.4828125 0.0484375 0.0390625
0 0.6765625 0.30703125 0.0703125 0.0515625
0 0.4859375 0.58125 0.0546875 0.053125
0 0.6015625 0.31015625 0.0703125 0.05
0 0.65625 0.50703125 0.065625 0.0546875
0 0.48984375 0.53515625 0.059375 0.0453125
0 0.590625 0.5359375 0.0453125 0.0578125
0 0.5390625 0.61328125 0.04375 0.0703125
0 0.42265625 0.5484375 0.053125 0.0328125
0 0.44453125 0.5828125 0.0484375 0.03125
0 0.43125 0.678125 0.05625 0.053125
0 0.58046875 0.58125 0.05 0.0453125
0 0.88515625 0.3859375 0.05 0.08125
0 0.7984375 0.421875 0.053125 0.059375