0 0.521875 0.66015625 0.24375 0.3375
0 0.47265625 0.4265625 0.1390625 0.1546875
0 0.12578125 0.01015625 0.0890625 0.0203125
0 0.13515625 0.05078125 0.075 0.0921875
0 0.23515625 0.0328125 0.0765625 0.065625
0 0.7328125 0.26875 0.1984375 0.165625
0 0.41953125 0.0234375 0.0734375 0.046875
0 0.4609375 0.23828125 0.0890625 0.0890625
0 0.77578125 0.45703125 0.071875 0.071875
0 0.88515625 0.46171875 0.0765625 0.06875
0 0.3953125 0.12734375 0.08125 0.08125
0 0.79921875 0.5796875 0.0734375 0.0984375
0 0.29453125 0.02734375 0.0546875 0.0546875
0 0.9328125 0.63359375 0.0625 0.059375
0 0.4046875 0.19296875 0.0390625 0.0796875
0 0.6265625 0.39140625 0.0828125 0.10625
0 0.5484375 0.2890625 0.06875 0.06875
0 0.53828125 0.07109375 0.0765625 0.0796875
0 0.9203125 0.73671875 0.0859375 0.1046875
0 0.2828125 0.246875 0.065625 0.0796875